AIMSum (Version 17.01.25, Professional)
Copyright (c) 1997-2017 by Todd A. Keith
AIMSum is a component of the AIMAll package ( http://aim.tkgristmill.com )

TP:  64-bit Linux

Licensed To:  Research Group of Fernando Cortes Guzman, UNAM, fercor@unam.mx

Much of the Quantum Theory of Atoms in Molecules (QTAIM) is described in the book:
  "Atoms in Molecules - A Quantum Theory"
  R.F.W. Bader, Oxford University Press, Oxford, 1990

For additional references see:  http://aim.tkgristmill.com/references.html

Wfn File:  /home/alejandro/wd/hf_portion/aimqb_part/arginine_03000.wfn
Sum File:  /home/alejandro/wd/hf_portion/aimqb_part/arginine_03000.sum

SumViz File:  /home/alejandro/wd/hf_portion/aimqb_part/arginine_03000.sumviz

Wfn Title:   opt arginine M062X def2TZVP                                                   
 
Total memory allocated for AIMSum =        1.383 Megabytes

Atomic units (a.u.) used throughout, except where stated otherwise

Model:  Restricted SCF
 
Restricted, closed-shell, single-determinant wavefunction.
  Number of electrons (from MO Occs)                   =          94.0000000000
  Number of Alpha electrons (from MO Occs)             =          47.0000000000
  Number of Beta electrons (from MO Occs)              =          47.0000000000
  Number of electron pairs (N*(N-1)/2)                 =        4371.0000000000
  Number of electron pairs (from Muller 2EDM)          =        4371.0000000000
 
Nuclear Charges and Cartesian Coordinates:
-------------------------------------------------------------------------------
Atom      Charge                X                  Y                  Z
-------------------------------------------------------------------------------
O1         8.0           4.1958076600E+00   3.5754961100E+00  -8.0452220000E-02
O2         8.0           6.9387401200E+00   9.8637121000E-01   1.8034812600E+00
N3         7.0           5.4099740600E+00  -3.0849105500E+00  -8.9106748000E-01
N4         7.0          -3.7591666100E+00   5.5685772000E-01   2.5117489000E-01
N5         7.0          -7.4454795200E+00   2.4592901900E+00  -1.1250404300E+00
N6         7.0          -7.7031517900E+00  -1.5432829500E+00   6.1426253000E-01
C7         6.0           1.4049633100E+00  -7.6811727000E-01  -1.4580833900E+00
C8         6.0           3.8043295000E-01  -1.2617098400E+00   1.1828545900E+00
C9         6.0           4.3001364100E+00  -6.5798834000E-01  -1.5376639500E+00
C10        6.0          -2.4643093300E+00  -1.6700344900E+00   1.1795280600E+00
C11        6.0           5.3076066300E+00   1.3208549300E+00   2.6473233000E-01
C12        6.0          -6.1354621400E+00   4.4843616000E-01  -4.4349860000E-02
H13        1.0           6.1246280000E-01   9.8339804000E-01  -2.1970932600E+00
H14        1.0           8.1896563000E-01  -2.2942695700E+00  -2.7253363200E+00
H15        1.0           1.3235692500E+00  -2.9127892900E+00   1.9831142000E+00
H16        1.0           7.9880577000E-01   3.5712381000E-01   2.3997060500E+00
H17        1.0           4.8636710000E+00   1.7483790000E-02  -3.4196245400E+00
H18        1.0          -2.8887714600E+00  -3.3324102800E+00  -1.7304500000E-03
H19        1.0          -3.0818479800E+00  -2.1274919100E+00   3.1075520200E+00
H20        1.0           7.1196433400E+00  -2.8481828100E+00  -6.4625100000E-02
H21        1.0           5.6091613400E+00  -4.1846277400E+00  -2.4389708400E+00
H22        1.0           4.9453293300E+00   4.7358741600E+00   1.1179923900E+00
H23        1.0          -6.3096033700E+00   3.9804071200E+00  -1.3149873300E+00
H24        1.0          -9.0830682500E+00   2.8835666300E+00  -2.4098156000E-01
H25        1.0          -9.2523717100E+00  -1.7538471700E+00  -4.7326895000E-01
H26        1.0          -6.8277679100E+00  -3.1835010600E+00   1.0166081200E+00
 
Some Atomic Properties:
----------------------
  q(A) = Net Charge of Atom A
  L(A) = Lagrangian of Atom A = -(1/4) Times Atomic Integral of the Laplacian of the Electron Density
  K(A) = Electronic Kinetic Energy of Atom A (Hamiltonian Form)
  K_Scaled(A) = K(A) * E(Mol)/K(Mol) = Approximation to Virial-Based Total Energy of Atom A.
  |Mu_Intra(A)| = Magnitude of Intraatomic Dipole Moment of Atom A
--------------------------------------------------------------------------------------------------
Atom A          q(A)              L(A)              K(A)          K_Scaled(A)      |Mu_Intra(A)|
--------------------------------------------------------------------------------------------------
O1       -1.1479954934E+00  1.0068004401E-05  7.5671223862E+01 -7.6029399223E+01  2.6604166829E-01
O2       -1.2299768962E+00  4.2232016382E-05  7.5772085203E+01 -7.6130737971E+01  5.1024005020E-01
N3       -1.0302347284E+00 -1.9315059412E-05  5.4977070723E+01 -5.5237294242E+01  2.2707593237E-01
N4       -1.2220840992E+00  8.2879887015E-05  5.5190564755E+01 -5.5451798807E+01  3.2932839660E-01
N5       -1.0893628909E+00 -1.5890467711E-04  5.5063339128E+01 -5.5323970982E+01  1.4711487694E-01
N6       -1.1244370886E+00 -4.3344987397E-05  5.5087786938E+01 -5.5348534511E+01  1.0308850666E-01
C7        6.2233840200E-02  9.6329450078E-05  3.7897543738E+01 -3.8076924561E+01  8.0014177226E-02
C8        6.3545349000E-02 -3.9502280900E-04  3.7894820092E+01 -3.8074188023E+01  7.7700663797E-02
C9        3.9389527800E-01  9.8850734200E-05  3.7716910252E+01 -3.7895436081E+01  4.1444511219E-01
C10       3.8546465500E-01 -4.2800490677E-04  3.7698380847E+01 -3.7876818970E+01  4.3070038204E-01
C11       1.6134157768E+00 -3.6070342626E-05  3.6948931720E+01 -3.7123822468E+01  8.5252705122E-01
C12       1.5441460713E+00  3.6256553739E-04  3.7088369796E+01 -3.7263920548E+01  8.0946430270E-02
H13       2.3351546140E-02  4.5740713846E-05  6.2188897720E-01 -6.2483257052E-01  1.4265532286E-01
H14      -2.4428168900E-02  2.8645279940E-05  6.3757036057E-01 -6.4058817874E-01  1.5627415697E-01
H15       5.6230070400E-03  2.8718757606E-05  6.2694138595E-01 -6.2990889388E-01  1.4660901344E-01
H16      -1.6066650200E-02  3.4151273488E-05  6.3648237283E-01 -6.3949504121E-01  1.4692430722E-01
H17      -2.5231890000E-04  3.6252008597E-05  6.3452154056E-01 -6.3752492772E-01  1.5018798806E-01
H18      -4.1991427100E-02  3.5795085683E-05  6.4484860761E-01 -6.4790087597E-01  1.6698750044E-01
H19      -2.4291191000E-02  3.2177048879E-05  6.4006523090E-01 -6.4309485806E-01  1.5954698528E-01
H20       3.7563805579E-01  4.3499191308E-05  4.7940012579E-01 -4.8166927520E-01  1.7823973672E-01
H21       3.3921069764E-01  3.4254227752E-05  4.9737508358E-01 -4.9972931403E-01  1.9121499696E-01
H22       5.9780839056E-01  2.3175399586E-05  3.5901573775E-01 -3.6071507053E-01  1.5584232716E-01
H23       3.9466877135E-01  3.0381700732E-05  4.6760445395E-01 -4.6981777078E-01  1.7571720328E-01
H24       3.7123823817E-01  2.8171699988E-05  4.7947580872E-01 -4.8174531636E-01  1.8188210489E-01
H25       3.8720954130E-01  2.8765130506E-05  4.7173113235E-01 -4.7396398204E-01  1.7781011258E-01
H26       3.9363210010E-01 -3.7735801996E-05  4.7014419287E-01 -4.7236953108E-01  1.7124445080E-01
--------------------------------------------------------------------------------------------------
Total    -3.9634410001E-05  4.2545630660E-06  6.0467409206E+02 -6.0753620199E+02
 
Molecular charge q(Mol) from the wfn file:   0.0000000000E+00
Molecular energy E(Mol) from the wfn file:  -6.0753624276E+02
Molecular virial ratio (-V(Mol)/T(Mol)) from the wfn file:   2.0047333100E+00
Note.  K_Scaled(A) = (1+V(Mol)/T(Mol))*K(A) = (E(Mol)/T(Mol))*K(A)
       Only use K_Scaled(A) data with caution.
 
N_AIMInt(SumA)     =         94.000040
N_Analytic(Mol)    =         93.999988
 
G_AIMInt(SumA)     =        604.674088
G_Analytic(Mol)    =        604.674114
 
K_AIMInt(SumA)     =        604.674092
K_Analytic(Mol)    =        604.674114
 
L_AIMInt(SumA)     =          0.000004
L_Analytic(Mol)    =          0.000000
 
VenT_AIMInt(SumA)  =      -2874.507141
VenT_Analytic(Mol) =      -2874.506265
 
Some Information About the Atomic Calculations:
----------------------------------------------
  Time(sec) = "Elapsed User Time", in Seconds, for Atom A by AIMInt and, if used, by TWOe
  NProc = Number of Processors Used for AIMInt Job
  BIM = Basin Integration Method
  OAQ = Angular Quadrature Outside of Beta Sphere
  ORQ = Multiple of Default for Radial Quadrature Outside of Beta Sphere
  IAQ = Multiple of Default for Angular Quadrature Inside of Beta Sphere
  IRQ = Multiple of Default for Radial Quadrature Inside of Beta Sphere
  MIR = Maximum Integration Radius
------------------------------------------------------------------------------------------------------
Atom A     Time(sec)   NProc      BIM              OAQ                 ORQ      IAQ      IRQ      MIR
------------------------------------------------------------------------------------------------------
O1             46       32     Proaim(5)    4334      (Very High)      1.00     1.00     1.00    13.00
O2             37       32     Proaim(5)    3074      (Very High)      1.00     1.00     1.00    13.00
N3             88       32     Proaim(5)    4334      (Very High)      1.00     1.00     1.00    13.00
N4             94       32     Proaim(5)    4334      (Very High)      1.00     1.00     1.00    13.00
N5             49       32     Proaim(5)    4334      (Very High)      1.00     1.00     1.00    13.00
N6             65       32     Proaim(5)    4334      (Very High)      1.00     1.00     1.00    13.00
C7            168       32     Proaim(5)    4334      (Very High)      1.00     1.00     1.00    13.00
C8            145       32     Proaim(5)    4334      (Very High)      1.00     1.00     1.00    13.00
C9            151       32     Proaim(5)    4334      (Very High)      1.00     1.00     1.00    13.00
C10           138       32     Proaim(5)    4334      (Very High)      1.00     1.00     1.00    13.00
C11           119       32     Proaim(5)    4334      (Very High)      1.00     1.00     1.00    13.00
C12            84       32     Proaim(5)    4334      (Very High)      1.00     1.00     1.00    13.00
H13            32       32     Proaim(5)    2030      (Very High)      1.00     1.00     1.00    13.00
H14            21       32     Proaim(5)    2030      (Very High)      1.00     1.00     1.00    13.00
H15            45       32     Proaim(5)    2030      (Very High)      1.00     1.00     1.00    13.00
H16            29       32     Proaim(5)    2030      (Very High)      1.00     1.00     1.00    13.00
H17            18       32     Proaim(5)    2030      (Very High)      1.00     1.00     1.00    13.00
H18            29       32     Proaim(5)    2030      (Very High)      1.00     1.00     1.00    13.00
H19            16       32     Proaim(5)    2030      (Very High)      1.00     1.00     1.00    13.00
H20            18       32     Proaim(5)    2030      (Very High)      1.00     1.00     1.00    13.00
H21            14       32     Proaim(5)    2030      (Very High)      1.00     1.00     1.00    13.00
H22            14       32     Proaim(5)    2030      (Very High)      1.00     1.00     1.00    13.00
H23            12       32     Proaim(5)    2030      (Very High)      1.00     1.00     1.00    13.00
H24            11       32     Proaim(5)    2030      (Very High)      1.00     1.00     1.00    13.00
H25            12       32     Proaim(5)    2030      (Very High)      1.00     1.00     1.00    13.00
H26            18       32     Proaim(5)    2030      (Very High)      1.00     1.00     1.00    13.00
------------------------------------------------------------------------------------------------------
Total        1473
Note:  Total wall clock time is less than total of atomic times if more than one atom
       was calculated at a time
 
Electron Density Critical Point Analysis of Molecular Structure:               
---------------------------------------------------------------                
  NACP = Nuclear Attractor Critical Point                                      
  NNACP = Non-Nuclear Attractor Critical Point                                 
  BCP = Bond Critical Point                                                    
  RCP = Ring Critical Point                                                    
  CCP = Cage Critical Point                                                    
  Rho = Electron Density                                                       
  GradRho = Gradient of Electron Density                                       
  HessRho_EigVals = Eigenvalues of the Hessian of Rho, Ascending Order         
  HessRho_EigVecs = Eigenvectors of the Hessian of Rho                         
  DelSqRho = Laplacian of Rho = Trace of Hessian of Rho                        
  Bond Ellipticity = (HessRho_EigVal(1) / HessRho_EigVal(2)) - 1               
  V = Virial Field = Potential Energy Density = Trace of Stress Tensor         
  G = Lagrangian Form of Kinetic Energy Density                                
  K = Hamiltonian Form of Kinetic Energy Density                               
  L = K - G = Lagrangian Density = (-1/4)DelSqRho                              
  Vnuc = Electrostatic Potential from Nuclei                                   
  Ven = Electron-nuclear attractive contribution to Virial Field V             
  Vrep = V - Ven = Repulsive contribution to Virial Field V                    
  DelSqV = Laplacian of V                                                      
  DelSqVen = Laplacian of Ven                                                  
  DelSqVrep = Laplacian of Vrep                                                
  DelSqG = Laplacian of G                                                      
  DelSqK = Laplacian of K                                                      
  Stress_EigVals = Eigenvalues of Stress Tensor, Ascending Order               
  Stress_EigVecs = Eigenvectors of Stress Tensor                               
  -DivStress = Ehrenfest Force Density = Minus Divergence of Stress Tensor     
  ESP = Total Electrostatic Potential                                          
  ESPe = Electrostatic Potential from Electrons                                
  ESPn = Electrostatic Potential from Nuclei                                   
  BP = Bond Path                                                               
  BPL = Bond Path Length                                                       
  GBL = Geometric Bond Length                                                  
  GBL_I = Distance Between Nuclear Attractors                                  
  GBL_II = Distance Between Nuclei                                             
  GBL_III = Sum of Distances Between BCP and Nuclear Attractors                
  GBL_IV = Sum of Distances Between BCP and Nuclei                             

CP# 1      Coords =  4.19581174842913E+00  3.57549482389115E+00 -8.04484896645701E-02
           Type = (3,-3) NACP O1
           Rho =  3.0184661294E+02     Rho at Nucleus =  3.0184658866E+02
           GradRho = -6.5119592531E-10 -2.6475288216E-11  7.8600229624E-12
           HessRho_EigVals = -1.5040640996E+06 -1.5040379214E+06 -1.5040295461E+06
           HessRho_EigVec1 = -1.0634222873E-02  9.4505374884E-01  3.2674198553E-01
           HessRho_EigVec2 =  6.8546498558E-01 -2.3101455312E-01  6.9048535813E-01
           HessRho_EigVec3 =  7.2802792999E-01  2.3131296559E-01 -6.4534459408E-01
           DelSqRho = -4.5121315671E+06
           Bond Ellipticity = NA
           V = -1.1281860626E+06
           G =  7.6585392406E+01
           K =  1.1281094772E+06
           L =  1.1280328918E+06
           Vnuc =  1.4079776288E+06
           Ven = -4.2499327835E+08
           Vrep =  4.2386509228E+08
           DelSqV =  2.1986953568E+11
           DelSqVen =  6.3529803075E+12
           DelSqVrep = -6.1331107718E+12
           DelSqG =  5.6226405330E+09
           DelSqK = -2.2549217621E+11
           Stress_EigVals = -3.7606566355E+05 -3.7606276980E+05 -3.7605762921E+05
           Stress_EigVec1 =  7.1818705548E-01  2.3494864003E-01 -6.5498586999E-01
           Stress_EigVec2 =  6.9563863229E-01 -2.1921321113E-01  6.8412898004E-01
           Stress_EigVec3 = -1.7153617662E-02  9.4696605251E-01  3.2087544124E-01
           -DivStress = -2.9617008904E+05  9.3145650674E+04 -2.7024104192E+05
           ESP =  -2.2327234761E+01     ESP at Nucleus =  -2.2327235002E+01
           ESPe = -3.6444097696E+01     ESPe at Nucleus = -3.6444093005E+01
           ESPn =  1.4116862935E+01     ESPn at Nucleus =  1.4116858003E+01

CP# 2      Coords =  6.93873599609347E+00  9.86372209869116E-01  1.80347737690962E+00
           Type = (3,-3) NACP O2
           Rho =  3.0209062899E+02     Rho at Nucleus =  3.0209060408E+02
           GradRho =  1.2900540553E-12 -9.8392901306E-12 -3.8513689051E-11
           HessRho_EigVals = -1.5053546176E+06 -1.5053482116E+06 -1.5053239324E+06
           HessRho_EigVec1 =  7.0734340832E-01  2.3330484668E-01 -6.6725868389E-01
           HessRho_EigVec2 =  7.0397459442E-01 -1.4715252192E-01  6.9481357622E-01
           HessRho_EigVec3 = -6.3914576764E-02  9.6120496451E-01  2.6832805122E-01
           DelSqRho = -4.5160267616E+06
           Bond Ellipticity = NA
           V = -1.1291588083E+06
           G =  7.6058961111E+01
           K =  1.1290827494E+06
           L =  1.1290066904E+06
           Vnuc =  1.3908502113E+06
           Ven = -4.2016281516E+08
           Vrep =  4.1903365635E+08
           DelSqV =  2.2005921358E+11
           DelSqVen =  6.2811167693E+12
           DelSqVrep = -6.0610575547E+12
           DelSqG =  5.6278171370E+09
           DelSqK = -2.2568703071E+11
           Stress_EigVals = -3.7639101346E+05 -3.7638439146E+05 -3.7638340341E+05
           Stress_EigVec1 = -6.1342220169E-02  9.6067933316E-01  2.7079946616E-01
           Stress_EigVec2 =  7.0198892219E-01 -1.5134451219E-01  6.9592125399E-01
           Stress_EigVec3 =  7.0954117932E-01  2.3278758016E-01 -6.6510244126E-01
           -DivStress =  2.9899408198E+05 -7.2493515893E+04  2.8153442636E+05
           ESP =  -2.2389150326E+01     ESP at Nucleus =  -2.2389150539E+01
           ESPe = -3.5836817594E+01     ESPe at Nucleus = -3.5836803745E+01
           ESPn =  1.3447667267E+01     ESPn at Nucleus =  1.3447653206E+01

CP# 3      Coords =  5.40997697016142E+00 -3.08490748171775E+00 -8.91071435040460E-01
           Type = (3,-3) NACP N3
           Rho =  1.9843164329E+02     Rho at Nucleus =  1.9843163091E+02
           GradRho = -4.3713563016E-11 -6.3518572509E-11  4.0433070900E-11
           HessRho_EigVals = -7.3866493441E+05 -7.3866267189E+05 -7.3864746230E+05
           HessRho_EigVec1 = -5.3763563948E-01  8.4225783251E-01  3.9365755864E-02
           HessRho_EigVec2 =  5.5332595570E-01  3.1720471900E-01  7.7020228057E-01
           HessRho_EigVec3 =  6.3622189990E-01  4.3587029013E-01 -6.3658368206E-01
           DelSqRho = -2.2159750686E+06
           Bond Ellipticity = NA
           V = -5.5405133911E+05
           G =  2.8785979990E+01
           K =  5.5402255313E+05
           L =  5.5399376715E+05
           Vnuc =  1.2089655822E+06
           Ven = -2.3989702715E+08
           Vrep =  2.3934297582E+08
           DelSqV =  7.8891330132E+10
           DelSqVen =  2.6790375854E+12
           DelSqVrep = -2.6001462553E+12
           DelSqG =  2.0627935403E+09
           DelSqK = -8.0954123673E+10
           Stress_EigVals = -1.8468600645E+05 -1.8468297964E+05 -1.8468235302E+05
           Stress_EigVec1 =  6.5755075081E-01  4.1803925585E-01 -6.2679357900E-01
           Stress_EigVec2 =  5.3071064248E-01  3.3350109245E-01  7.7918113124E-01
           Stress_EigVec3 = -5.3476464362E-01  8.4499716088E-01  2.5639883144E-03
           -DivStress = -7.5631861095E+04 -7.9714982280E+04  1.0277342338E+05
           ESP =  -1.8425784356E+01     ESP at Nucleus =  -1.8425784539E+01
           ESPe = -3.2585956840E+01     ESPe at Nucleus = -3.2585954423E+01
           ESPn =  1.4160172484E+01     ESPn at Nucleus =  1.4160169885E+01

CP# 4      Coords = -3.75917024962830E+00  5.56852124781497E-01  2.51176149086968E-01
           Type = (3,-3) NACP N4
           Rho =  1.9874404295E+02     Rho at Nucleus =  1.9874402588E+02
           GradRho = -1.0130508932E-10 -1.2239986802E-11 -1.9292567544E-11
           HessRho_EigVals = -7.3994787828E+05 -7.3994336054E+05 -7.3993528836E+05
           HessRho_EigVec1 =  8.0137577326E-01 -5.1926613892E-01  2.9691673412E-01
           HessRho_EigVec2 = -1.3684751040E-01  3.2406011646E-01  9.3608642754E-01
           HessRho_EigVec3 =  5.8229685636E-01  7.9078930057E-01 -1.8863364806E-01
           DelSqRho = -2.2198265272E+06
           Bond Ellipticity = NA
           V = -5.5501320592E+05
           G =  2.8287062468E+01
           K =  5.5498491886E+05
           L =  5.5495663179E+05
           Vnuc =  1.0305579693E+06
           Ven = -2.0481725732E+08
           Vrep =  2.0426224411E+08
           DelSqV =  7.9028466598E+10
           DelSqVen =  2.2876599142E+12
           DelSqVrep = -2.2086314476E+12
           DelSqG =  2.0667285284E+09
           DelSqK = -8.1095195126E+10
           Stress_EigVals = -1.8500569797E+05 -1.8500410564E+05 -1.8500340232E+05
           Stress_EigVec1 =  6.2051604760E-01  7.6299486738E-01 -1.8110402266E-01
           Stress_EigVec2 = -1.3456319017E-01  3.3111620512E-01  9.3394582635E-01
           Stress_EigVec3 =  7.7256234863E-01 -5.5515843780E-01  3.0813394233E-01
           -DivStress =  9.4735688327E+04  1.4563681266E+05 -3.2772805529E+04
           ESP =  -1.8455780561E+01     ESP at Nucleus =  -1.8455780771E+01
           ESPe = -3.4816309164E+01     ESPe at Nucleus = -3.4816302462E+01
           ESPn =  1.6360528603E+01     ESPn at Nucleus =  1.6360521691E+01

CP# 5      Coords = -7.44547843692687E+00  2.45929099027804E+00 -1.12503617550678E+00
           Type = (3,-3) NACP N5
           Rho =  1.9836574506E+02     Rho at Nucleus =  1.9836573771E+02
           GradRho = -1.8439860749E-11 -1.3561418655E-10  1.7809087538E-11
           HessRho_EigVals = -7.3839363193E+05 -7.3839224428E+05 -7.3837832191E+05
           HessRho_EigVec1 = -5.4377238350E-01  8.3198388423E-01 -1.1006548655E-01
           HessRho_EigVec2 =  7.9367471039E-01  4.6718811522E-01 -3.8963536683E-01
           HessRho_EigVec3 =  2.7274905872E-01  2.9922914527E-01  9.1436856332E-01
           DelSqRho = -2.2151641981E+06
           Bond Ellipticity = NA
           V = -5.5384926913E+05
           G =  2.9109801265E+01
           K =  5.5382015933E+05
           L =  5.5379104953E+05
           Vnuc =  1.5686284416E+06
           Ven = -3.1116214953E+08
           Vrep =  3.1060830027E+08
           DelSqV =  7.8862509939E+10
           DelSqVen =  3.4747695800E+12
           DelSqVrep = -3.3959070660E+12
           DelSqG =  2.0619674911E+09
           DelSqK = -8.0924477431E+10
           Stress_EigVals = -1.8461842020E+05 -1.8461560037E+05 -1.8461524856E+05
           Stress_EigVec1 =  2.7846782770E-01  3.1541025935E-01  9.0717806258E-01
           Stress_EigVec2 =  8.0712247930E-01  4.3511318657E-01 -3.9903611149E-01
           Stress_EigVec3 = -5.2058522101E-01  8.4332252618E-01 -1.3340968665E-01
           -DivStress = -2.8128153625E+04 -2.0802691395E+04 -1.1051245529E+05
           ESP =  -1.8396120169E+01     ESP at Nucleus =  -1.8396120276E+01
           ESPe = -3.1149901045E+01     ESPe at Nucleus = -3.1149897335E+01
           ESPn =  1.2753780876E+01     ESPn at Nucleus =  1.2753777060E+01

CP# 6      Coords = -7.70315027168690E+00 -1.54328366098697E+00  6.14259298192747E-01
           Type = (3,-3) NACP N6
           Rho =  1.9828678213E+02     Rho at Nucleus =  1.9828677724E+02
           GradRho =  1.6633766586E-10 -3.9255182438E-11 -2.6088131655E-11
           HessRho_EigVals = -7.3807907676E+05 -7.3807797497E+05 -7.3806424394E+05
           HessRho_EigVec1 =  6.9879016981E-01  7.1094543137E-01  7.9049934802E-02
           HessRho_EigVec2 =  6.0447333303E-01 -6.4597369327E-01  4.6618663350E-01
           HessRho_EigVec3 = -3.8249743559E-01  2.7798305922E-01  8.8114762132E-01
           DelSqRho = -2.2142212957E+06
           Bond Ellipticity = NA
           V = -5.5361395384E+05
           G =  2.9314959470E+01
           K =  5.5358463888E+05
           L =  5.5355532392E+05
           Vnuc =  1.9226725235E+06
           Ven = -3.8124054777E+08
           Vrep =  3.8068693382E+08
           DelSqV =  7.8828982594E+10
           DelSqVen =  4.2572224266E+12
           DelSqVrep = -4.1783934358E+12
           DelSqG =  2.0610305056E+09
           DelSqK = -8.0890013100E+10
           Stress_EigVals = -1.8453994233E+05 -1.8453714651E+05 -1.8453686500E+05
           Stress_EigVec1 = -3.7996262214E-01  2.8706022510E-01  8.7933203794E-01
           Stress_EigVec2 =  6.0647969358E-01 -6.4047173250E-01  4.7114577483E-01
           Stress_EigVec3 =  6.9843452596E-01  7.1231480893E-01  6.9259121527E-02
           -DivStress = -3.9416601238E+04  1.8473817118E+04  8.3914549802E+04
           ESP =  -1.8383439709E+01     ESP at Nucleus =  -1.8383439780E+01
           ESPe = -3.1512589770E+01     ESPe at Nucleus = -3.1512586731E+01
           ESPn =  1.3129150061E+01     ESPn at Nucleus =  1.3129146952E+01

CP# 7      Coords =  1.40496424132951E+00 -7.68117557136653E-01 -1.45808316060767E+00
           Type = (3,-3) NACP C7
           Rho =  1.2216430840E+02     Rho at Nucleus =  1.2216430824E+02
           GradRho =  2.5042392214E-09 -7.7063735688E-10  5.8099882544E-10
           HessRho_EigVals = -3.2307623077E+05 -3.2307561311E+05 -3.2307503233E+05
           HessRho_EigVec1 =  9.8353405028E-01  1.7905986497E-01 -2.4460921914E-02
           HessRho_EigVec2 = -2.3462149562E-02  2.6071616512E-01  9.6513035844E-01
           HessRho_EigVec3 = -1.7919346942E-01  9.4866466468E-01 -2.6062435518E-01
           DelSqRho = -9.6922687621E+05
           Bond Ellipticity = NA
           V = -2.4232454893E+05
           G =  8.9149403209E+00
           K =  2.4231563399E+05
           L =  2.4230671905E+05
           Vnuc =  5.9927018491E+06
           Ven = -7.3209427686E+08
           Vrep =  7.3185195231E+08
           DelSqV =  2.3773218381E+10
           DelSqVen =  5.8082879078E+12
           DelSqVrep = -5.7845144273E+12
           DelSqG =  6.4094102868E+08
           DelSqK = -2.4414159410E+10
           Stress_EigVals = -8.0775004965E+04 -8.0774857420E+04 -8.0774686549E+04
           Stress_EigVec1 = -1.8144713285E-01  9.4841492529E-01 -2.5997320529E-01
           Stress_EigVec2 = -3.8674944177E-02  2.5727486080E-01  9.6556402931E-01
           Stress_EigVec3 =  9.8263990692E-01  1.8525327390E-01 -1.0001891553E-02
           -DivStress = -7.2885649247E+03  2.2479427347E+03 -1.7954746724E+03
           ESP =  -1.4792766538E+01     ESP at Nucleus =  -1.4792766538E+01
           ESPe = -3.2125436507E+01     ESPe at Nucleus = -3.2125435898E+01
           ESPn =  1.7332669969E+01     ESPn at Nucleus =  1.7332669360E+01

CP# 8      Coords =  3.80432687673776E-01 -1.26170972249490E+00  1.18285403409189E+00
           Type = (3,-3) NACP C8
           Rho =  1.2214768865E+02     Rho at Nucleus =  1.2214768859E+02
           GradRho = -2.6573443034E-10  1.0951879339E-10 -5.9684869677E-10
           HessRho_EigVals = -3.2302882526E+05 -3.2302857689E+05 -3.2302802614E+05
           HessRho_EigVec1 =  7.8153092536E-01  2.4506272090E-01 -5.7371916085E-01
           HessRho_EigVec2 =  5.1568759394E-01  2.6379084765E-01  8.1515685248E-01
           HessRho_EigVec3 = -3.5110641998E-01  9.3293014289E-01 -7.9784900358E-02
           DelSqRho = -9.6908542829E+05
           Bond Ellipticity = NA
           V = -2.4228923721E+05
           G =  8.9400715623E+00
           K =  2.4228029714E+05
           L =  2.4227135707E+05
           Vnuc =  9.5873693021E+06
           Ven = -1.1710750005E+09
           Vrep =  1.1708327113E+09
           DelSqV =  2.3769751633E+10
           DelSqVen =  9.2909820969E+12
           DelSqVrep = -9.2672118210E+12
           DelSqG =  6.4084095184E+08
           DelSqK = -2.4410592585E+10
           Stress_EigVals = -8.0763196961E+04 -8.0763051285E+04 -8.0762988969E+04
           Stress_EigVec1 = -3.6138499297E-01  9.2961292708E-01 -7.2254360783E-02
           Stress_EigVec2 =  5.1017275603E-01  2.6200060002E-01  8.1919438755E-01
           Stress_EigVec3 =  7.8046437834E-01  2.5918235161E-01 -5.6894627405E-01
           -DivStress =  2.0532566917E+03 -9.1926863785E+02  4.3505757216E+03
           ESP =  -1.4801089167E+01     ESP at Nucleus =  -1.4801089166E+01
           ESPe = -3.1934368806E+01     ESPe at Nucleus = -3.1934368174E+01
           ESPn =  1.7133279639E+01     ESPn at Nucleus =  1.7133279008E+01

CP# 9      Coords =  4.30013757068239E+00 -6.57989058572977E-01 -1.53766278630792E+00
           Type = (3,-3) NACP C9
           Rho =  1.2214084229E+02     Rho at Nucleus =  1.2214084177E+02
           GradRho = -9.5235271587E-11 -8.0782508571E-12  1.1507075661E-11
           HessRho_EigVals = -3.2301720674E+05 -3.2301583704E+05 -3.2301544221E+05
           HessRho_EigVec1 = -2.2097359273E-01  9.7467804649E-01 -3.4254591041E-02
           HessRho_EigVec2 =  5.6117675556E-01  1.5579589691E-01  8.1290115483E-01
           HessRho_EigVec3 =  7.9765363431E-01  1.6040680846E-01 -5.8139344292E-01
           DelSqRho = -9.6904848599E+05
           Bond Ellipticity = NA
           V = -2.4227965160E+05
           G =  8.7650539974E+00
           K =  2.4227088655E+05
           L =  2.4226212150E+05
           Vnuc =  3.3448763663E+06
           Ven = -4.0854601673E+08
           Vrep =  4.0830373708E+08
           DelSqV =  2.3768840907E+10
           DelSqVen =  3.2413474406E+12
           DelSqVrep = -3.2175785956E+12
           DelSqG =  6.4082638629E+08
           DelSqK = -2.4409667293E+10
           Stress_EigVals = -8.0760075982E+04 -8.0759953912E+04 -8.0759621710E+04
           Stress_EigVec1 =  8.1316443363E-01  1.6943447959E-01 -5.5682632931E-01
           Stress_EigVec2 =  5.3931336544E-01  1.4041591562E-01  8.3031588236E-01
           Stress_EigVec3 = -2.1887141829E-01  9.7548722583E-01 -2.2802949090E-02
           -DivStress = -9.0836981379E+03  5.6263935858E+03 -9.1063910479E+03
           ESP =  -1.4736921484E+01     ESP at Nucleus =  -1.4736921497E+01
           ESPe = -3.2205739425E+01     ESPe at Nucleus = -3.2205738723E+01
           ESPn =  1.7468817941E+01     ESPn at Nucleus =  1.7468817226E+01

CP# 10     Coords = -2.46431012860812E+00 -1.67003314878070E+00  1.17952739972040E+00
           Type = (3,-3) NACP C10
           Rho =  1.2215027369E+02     Rho at Nucleus =  1.2215027323E+02
           GradRho =  4.8467188596E-11 -2.3083958356E-11 -3.0814240048E-13
           HessRho_EigVals = -3.2304116705E+05 -3.2303950834E+05 -3.2303935277E+05
           HessRho_EigVec1 = -3.9754702671E-01  8.6137520016E-01 -3.1621057241E-01
           HessRho_EigVec2 =  6.0905552436E-01  5.0546391977E-01  6.1119358148E-01
           HessRho_EigVec3 =  6.8630002899E-01  5.0388395074E-02 -7.2557100262E-01
           DelSqRho = -9.6912002817E+05
           Bond Ellipticity = NA
           V = -2.4229752118E+05
           G =  8.7570709791E+00
           K =  2.4228876411E+05
           L =  2.4228000704E+05
           Vnuc =  3.5400932962E+06
           Ven = -4.3242336502E+08
           Vrep =  4.3218106750E+08
           DelSqV =  2.3770590148E+10
           DelSqVen =  3.4307752919E+12
           DelSqVrep = -3.4070047018E+12
           DelSqG =  6.4087212832E+08
           DelSqK = -2.4411462276E+10
           Stress_EigVals = -8.0766015364E+04 -8.0765967376E+04 -8.0765538443E+04
           Stress_EigVec1 =  7.2649891826E-01  7.5230804243E-02 -6.8303707649E-01
           Stress_EigVec2 =  5.6982643214E-01  4.8957910432E-01  6.6000768014E-01
           Stress_EigVec3 = -3.8405358871E-01  8.6870744598E-01 -3.1281018892E-01
           -DivStress =  6.2490697614E+03 -1.0497760159E+04  5.1674798790E+03
           ESP =  -1.4763875408E+01     ESP at Nucleus =  -1.4763875419E+01
           ESPe = -3.1388703028E+01     ESPe at Nucleus = -3.1388701397E+01
           ESPn =  1.6624827620E+01     ESPn at Nucleus =  1.6624825978E+01

CP# 11     Coords =  5.30760580592496E+00  1.32085813620473E+00  2.64732661248672E-01
           Type = (3,-3) NACP C11
           Rho =  1.2243455845E+02     Rho at Nucleus =  1.2243455666E+02
           GradRho = -8.3068197571E-12 -1.1925330057E-12  6.0200886329E-12
           HessRho_EigVals = -3.2386092550E+05 -3.2385841281E+05 -3.2385573298E+05
           HessRho_EigVec1 =  6.9306960404E-01  2.3901849306E-01 -6.8009167318E-01
           HessRho_EigVec2 = -4.3466692747E-01  8.9119553105E-01 -1.2975048208E-01
           HessRho_EigVec3 =  5.7508189514E-01  3.8553947322E-01  7.2155396781E-01
           DelSqRho = -9.7157507128E+05
           Bond Ellipticity = NA
           V = -2.4291049410E+05
           G =  8.3631383812E+00
           K =  2.4290213096E+05
           L =  2.4289376782E+05
           Vnuc =  1.8034732743E+06
           Ven = -2.2080745402E+08
           Vrep =  2.2056454352E+08
           DelSqV =  2.3830800283E+10
           DelSqVen =  1.7522096906E+12
           DelSqVrep = -1.7283788903E+12
           DelSqG =  6.4263093042E+08
           DelSqK = -2.4473431213E+10
           Stress_EigVals = -8.0971030681E+04 -8.0970161363E+04 -8.0969302053E+04
           Stress_EigVec1 =  6.1579565239E-01  2.9313874754E-01  7.3134491807E-01
           Stress_EigVec2 = -3.7539612125E-01  9.2524466992E-01 -5.4772738997E-02
           Stress_EigVec3 =  6.9272899943E-01  2.4081523100E-01 -6.7980479395E-01
           -DivStress =  6.4658707323E+03 -2.5157124120E+04 -2.5973267894E+03
           ESP =  -1.4650586680E+01     ESP at Nucleus =  -1.4650586739E+01
           ESPe = -3.2501371533E+01     ESPe at Nucleus = -3.2501371995E+01
           ESPn =  1.7850784853E+01     ESPn at Nucleus =  1.7850785256E+01

CP# 12     Coords = -6.13546503430235E+00  4.48436229005278E-01 -4.43502723550810E-02
           Type = (3,-3) NACP C12
           Rho =  1.2229535488E+02     Rho at Nucleus =  1.2229535350E+02
           GradRho = -1.0428898717E-10 -3.9440048449E-12  5.2130522121E-13
           HessRho_EigVals = -3.2345735607E+05 -3.2345626389E+05 -3.2345428772E+05
           HessRho_EigVec1 = -1.3619599280E-01  1.8329364090E-01  9.7357798493E-01
           HessRho_EigVec2 =  1.2986893793E-01  9.7755790181E-01 -1.6587527715E-01
           HessRho_EigVec3 =  9.8213273569E-01 -1.0384599085E-01  1.5694361943E-01
           DelSqRho = -9.7036790768E+05
           Bond Ellipticity = NA
           V = -2.4260919603E+05
           G =  8.6095523607E+00
           K =  2.4260058647E+05
           L =  2.4259197692E+05
           Vnuc =  2.0517591622E+06
           Ven = -2.5092061488E+08
           Vrep =  2.5067800568E+08
           DelSqV =  2.3801196647E+10
           DelSqVen =  1.9909612462E+12
           DelSqVrep = -1.9671600578E+12
           DelSqG =  6.4176205229E+08
           DelSqK = -2.4442958699E+10
           Stress_EigVals = -8.0870342025E+04 -8.0869691250E+04 -8.0869162751E+04
           Stress_EigVec1 =  9.8221384257E-01 -9.5925476617E-02  1.6141335261E-01
           Stress_EigVec2 =  1.3519363276E-01  9.5786223499E-01 -2.5342182312E-01
           Stress_EigVec3 = -1.3030214552E-01  2.7073648019E-01  9.5379406014E-01
           -DivStress =  2.2684112945E+04 -5.4086289057E+02  3.2321339901E+03
           ESP =  -1.4689737492E+01     ESP at Nucleus =  -1.4689737538E+01
           ESPe = -3.1252516723E+01     ESPe at Nucleus = -3.1252519238E+01
           ESPn =  1.6562779231E+01     ESPn at Nucleus =  1.6562781700E+01

CP# 13     Coords =  6.23618314314354E-01  9.60219459143263E-01 -2.18753808735248E+00
           Type = (3,-3) NACP H13
           Rho =  4.4938476004E-01     Rho at Nucleus =  4.4607973974E-01
           GradRho = -5.2101335399E-16 -3.2336329794E-16 -1.4332610619E-15
           HessRho_EigVals = -9.2561823693E+00 -9.2542402238E+00 -8.5308335104E+00
           HessRho_EigVec1 =  6.6724996423E-01  8.6002628427E-04 -7.4483336767E-01
           HessRho_EigVec2 =  6.2942510854E-01  5.3402896663E-01  5.6447949080E-01
           HessRho_EigVec3 = -3.9824806085E-01  8.4546574334E-01 -3.5578948675E-01
           DelSqRho = -2.7041256103E+01
           Bond Ellipticity = NA
           V = -6.7747138953E+00
           G =  7.1999347164E-03
           K =  6.7675139606E+00
           L =  6.7603140259E+00
           Vnuc =  5.4343510634E+01
           Ven = -2.4421145486E+01
           Vrep =  1.7646431591E+01
           DelSqV =  1.7652820488E+03
           DelSqVen =  1.4695167886E+03
           DelSqVrep =  2.9576526016E+02
           DelSqG =  1.3611651962E+02
           DelSqK = -1.9013985684E+03
           Stress_EigVals = -2.3197284529E+00 -2.3191971710E+00 -2.1357882714E+00
           Stress_EigVec1 = -4.6575903583E-01  1.4788215635E-01  8.7246741394E-01
           Stress_EigVec2 =  7.9037393563E-01  5.1292062365E-01  3.3499473983E-01
           Stress_EigVec3 = -3.9796678558E-01  8.4560233069E-01 -3.5577961705E-01
           -DivStress = -6.3830854662E+00  1.3266187481E+01 -5.4694943167E+00
           ESP =  -1.1475504590E+00     ESP at Nucleus =  -1.1487212662E+00
           ESPe = -1.9048876367E+01     ESPe at Nucleus = -1.8982552468E+01
           ESPn =  1.7901325908E+01     ESPn at Nucleus =  1.7833831202E+01

CP# 14     Coords =  8.26716820542938E-01 -2.27514256230512E+00 -2.70925100031778E+00
           Type = (3,-3) NACP H14
           Rho =  4.5122511640E-01     Rho at Nucleus =  4.4819768480E-01
           GradRho =  3.8824359707E-14  9.7912285859E-14  8.0052348620E-14
           HessRho_EigVals = -9.2996990709E+00 -9.2988278984E+00 -8.6172513891E+00
           HessRho_EigVec1 = -6.9730757140E-01 -2.7690989877E-01  6.6112257474E-01
           HessRho_EigVec2 =  6.5438084344E-01 -6.2231942632E-01  4.2953957135E-01
           HessRho_EigVec3 =  2.9248566223E-01  7.3214714340E-01  6.1515258092E-01
           DelSqRho = -2.7215778358E+01
           Bond Ellipticity = NA
           V = -6.8186616331E+00
           G =  7.3585217578E-03
           K =  6.8113031114E+00
           L =  6.8039445896E+00
           Vnuc =  5.5196832641E+01
           Ven = -2.4906197234E+01
           Vrep =  1.8087535601E+01
           DelSqV =  1.7805660858E+03
           DelSqVen =  1.5022247632E+03
           DelSqVrep =  2.7834132253E+02
           DelSqG =  1.3729391464E+02
           DelSqK = -1.9178600004E+03
           Stress_EigVals = -2.3307357282E+00 -2.3303497926E+00 -2.1575761123E+00
           Stress_EigVec1 = -4.5416633053E-02 -6.3166527242E-01  7.7390975770E-01
           Stress_EigVec2 =  9.5528887915E-01 -2.5403890717E-01 -1.5128579250E-01
           Stress_EigVec3 =  2.9216517043E-01  7.3243649367E-01  6.1496040192E-01
           -DivStress = -4.4629715622E+00 -1.1017128076E+01 -9.2637820922E+00
           ESP =  -1.1406818339E+00     ESP at Nucleus =  -1.1417732757E+00
           ESPe = -1.8120017431E+01     ESPe at Nucleus = -1.8047500037E+01
           ESPn =  1.6979335598E+01     ESPn at Nucleus =  1.6905726761E+01

CP# 15     Coords =  1.31068570650547E+00 -2.89139664520118E+00  1.97275093397401E+00
           Type = (3,-3) NACP H15
           Rho =  4.4971649049E-01     Rho at Nucleus =  4.4650190026E-01
           GradRho = -3.6409659136E-10  6.0646095770E-10 -2.9412439763E-10
           HessRho_EigVals = -9.2644357689E+00 -9.2625303564E+00 -8.5541316751E+00
           HessRho_EigVec1 = -6.2475396061E-01  1.3797503395E-02  7.8069976150E-01
           HessRho_EigVec2 =  6.2549984285E-01  6.0730886242E-01  4.8982230679E-01
           HessRho_EigVec3 = -4.6736755911E-01  7.9434600429E-01 -3.8804895331E-01
           DelSqRho = -2.7081097800E+01
           Bond Ellipticity = NA
           V = -6.7848248062E+00
           G =  7.2751780727E-03
           K =  6.7775496282E+00
