AIMSum (Version 17.01.25, Professional)
Copyright (c) 1997-2017 by Todd A. Keith
AIMSum is a component of the AIMAll package ( http://aim.tkgristmill.com )

TP:  64-bit Linux

Licensed To:  Research Group of Fernando Cortes Guzman, UNAM, fercor@unam.mx

Much of the Quantum Theory of Atoms in Molecules (QTAIM) is described in the book:
  "Atoms in Molecules - A Quantum Theory"
  R.F.W. Bader, Oxford University Press, Oxford, 1990

For additional references see:  http://aim.tkgristmill.com/references.html

Wfn File:  /home/alejandro/wd/hf_portion/aimqb_part/arginine_07000.wfn
Sum File:  /home/alejandro/wd/hf_portion/aimqb_part/arginine_07000.sum

SumViz File:  /home/alejandro/wd/hf_portion/aimqb_part/arginine_07000.sumviz

Wfn Title:   opt arginine M062X def2TZVP                                                   
 
Total memory allocated for AIMSum =        1.383 Megabytes

Atomic units (a.u.) used throughout, except where stated otherwise

Model:  Restricted SCF
 
Restricted, closed-shell, single-determinant wavefunction.
  Number of electrons (from MO Occs)                   =          94.0000000000
  Number of Alpha electrons (from MO Occs)             =          47.0000000000
  Number of Beta electrons (from MO Occs)              =          47.0000000000
  Number of electron pairs (N*(N-1)/2)                 =        4371.0000000000
  Number of electron pairs (from Muller 2EDM)          =        4371.0000000000
 
Nuclear Charges and Cartesian Coordinates:
-------------------------------------------------------------------------------
Atom      Charge                X                  Y                  Z
-------------------------------------------------------------------------------
O1         8.0           4.1958076600E+00   3.5754961100E+00  -8.0452220000E-02
O2         8.0           6.9387401200E+00   9.8637121000E-01   1.8034812600E+00
N3         7.0           5.4099740600E+00  -3.0849105500E+00  -8.9106748000E-01
N4         7.0          -3.7591666100E+00   5.5685772000E-01   2.5117489000E-01
N5         7.0          -7.4454795200E+00   2.4592901900E+00  -1.1250404300E+00
N6         7.0          -7.7031517900E+00  -1.5432829500E+00   6.1426253000E-01
C7         6.0           1.4049633100E+00  -7.6811727000E-01  -1.4580833900E+00
C8         6.0           3.8043295000E-01  -1.2617098400E+00   1.1828545900E+00
C9         6.0           4.3001364100E+00  -6.5798834000E-01  -1.5376639500E+00
C10        6.0          -2.4643093300E+00  -1.6700344900E+00   1.1795280600E+00
C11        6.0           5.3076066300E+00   1.3208549300E+00   2.6473233000E-01
C12        6.0          -6.1354621400E+00   4.4843616000E-01  -4.4349860000E-02
H13        1.0           6.1246280000E-01   9.8339804000E-01  -2.1970932600E+00
H14        1.0           8.1896563000E-01  -2.2942695700E+00  -2.7253363200E+00
H15        1.0           1.3235692500E+00  -2.9127892900E+00   1.9831142000E+00
H16        1.0           7.9880577000E-01   3.5712381000E-01   2.3997060500E+00
H17        1.0           4.8636710000E+00   1.7483790000E-02  -3.4196245400E+00
H18        1.0          -2.8887714600E+00  -3.3324102800E+00  -1.7304500000E-03
H19        1.0          -3.0818479800E+00  -2.1274919100E+00   3.1075520200E+00
H20        1.0           7.1196433400E+00  -2.8481828100E+00  -6.4625100000E-02
H21        1.0           5.6091613400E+00  -4.1846277400E+00  -2.4389708400E+00
H22        1.0           4.9453293300E+00   4.7358741600E+00   1.1179923900E+00
H23        1.0          -6.3096033700E+00   3.9804071200E+00  -1.3149873300E+00
H24        1.0          -9.0830682500E+00   2.8835666300E+00  -2.4098156000E-01
H25        1.0          -9.2523717100E+00  -1.7538471700E+00  -4.7326895000E-01
H26        1.0          -6.8277679100E+00  -3.1835010600E+00   1.0166081200E+00
 
Some Atomic Properties:
----------------------
  q(A) = Net Charge of Atom A
  L(A) = Lagrangian of Atom A = -(1/4) Times Atomic Integral of the Laplacian of the Electron Density
  K(A) = Electronic Kinetic Energy of Atom A (Hamiltonian Form)
  K_Scaled(A) = K(A) * E(Mol)/K(Mol) = Approximation to Virial-Based Total Energy of Atom A.
  |Mu_Intra(A)| = Magnitude of Intraatomic Dipole Moment of Atom A
--------------------------------------------------------------------------------------------------
Atom A          q(A)              L(A)              K(A)          K_Scaled(A)      |Mu_Intra(A)|
--------------------------------------------------------------------------------------------------
O1       -1.2402318208E+00 -5.6389137918E-05  7.5997572363E+01 -7.6427666944E+01  3.4987663287E-01
O2       -1.3325590439E+00  4.2421895343E-05  7.6111558678E+01 -7.6542298344E+01  6.3034664722E-01
N3       -1.0746633922E+00  2.4887771073E-05  5.5213647620E+01 -5.5526119320E+01  1.7420814533E-01
N4       -1.3965303886E+00  1.6840818360E-04  5.5524149287E+01 -5.5838378215E+01  3.7453493298E-01
N5       -1.1577440135E+00 -1.0224187096E-04  5.5312940658E+01 -5.5625974289E+01  1.3158454149E-01
N6       -1.2075576078E+00 -8.8499779745E-05  5.5348430272E+01 -5.5661664751E+01  1.3059822663E-01
C7        1.4409391830E-01 -6.7096526253E-05  3.8024638243E+01 -3.8239831839E+01  7.3416474084E-02
C8        1.4717969310E-01  1.4953078129E-04  3.8022752344E+01 -3.8237935267E+01  3.4583463449E-02
C9        4.9187495720E-01 -6.2686403383E-04  3.7827867471E+01 -3.8041947478E+01  4.5098697066E-01
C10       5.1076624270E-01  2.6335715013E-04  3.7790902569E+01 -3.8004773380E+01  4.4986838199E-01
C11       1.7540562345E+00 -2.4474051469E-04  3.6984314341E+01 -3.7193620410E+01  9.4355688930E-01
C12       1.8059187930E+00  1.5773630792E-04  3.7058506768E+01 -3.7268232717E+01  8.7859762032E-02
H13      -9.2781603000E-03  1.9310022311E-05  6.5003690812E-01 -6.5371567500E-01  1.1858212599E-01
H14      -6.2377149100E-02  2.8963977102E-05  6.6846859204E-01 -6.7225166971E-01  1.2827655266E-01
H15      -3.0133000800E-02  3.0909504790E-05  6.5660010021E-01 -6.6031601029E-01  1.2126141606E-01
H16      -5.4676838600E-02  3.4241339363E-05  6.6786473471E-01 -6.7164439496E-01  1.1998592649E-01
H17      -3.4759459600E-02  3.8504354263E-05  6.6299078998E-01 -6.6674286702E-01  1.2424769211E-01
H18      -8.1259192400E-02  3.2878928183E-05  6.7798612032E-01 -6.8182306073E-01  1.3545303289E-01
H19      -6.2557459000E-02  3.3536140825E-05  6.7151160915E-01 -6.7531190823E-01  1.3167869959E-01
H20       3.7857829183E-01  4.5954844695E-05  4.8427568338E-01 -4.8701635444E-01  1.6884942500E-01
H21       3.3623817495E-01  3.4145483509E-05  5.0507256669E-01 -5.0793093396E-01  1.8290533498E-01
H22       6.1670264406E-01  2.3996822862E-05  3.4966743535E-01 -3.5164631526E-01  1.4593595822E-01
H23       3.9777571005E-01  3.1801961104E-05  4.7166788967E-01 -4.7433720919E-01  1.6719277046E-01
H24       3.7296288751E-01  3.0894359090E-05  4.8414155792E-01 -4.8688146992E-01  1.7338013167E-01
H25       3.9029360812E-01  3.0183422428E-05  4.7550403335E-01 -4.7819506283E-01  1.6943399637E-01
H26       3.9787421988E-01 -2.0291251814E-05  4.7407093351E-01 -4.7675385262E-01  1.6258590626E-01
--------------------------------------------------------------------------------------------------
Total    -1.2151399999E-05  1.5540134671E-05  6.0711713957E+02 -6.1055300974E+02
 
Molecular charge q(Mol) from the wfn file:   0.0000000000E+00
Molecular energy E(Mol) from the wfn file:  -6.1055302300E+02
Molecular virial ratio (-V(Mol)/T(Mol)) from the wfn file:   2.0056593200E+00
Note.  K_Scaled(A) = (1+V(Mol)/T(Mol))*K(A) = (E(Mol)/T(Mol))*K(A)
       Only use K_Scaled(A) data with caution.
 
N_AIMInt(SumA)     =         94.000012
N_Analytic(Mol)    =         93.999989
 
G_AIMInt(SumA)     =        607.117124
G_Analytic(Mol)    =        607.117130
 
K_AIMInt(SumA)     =        607.117140
K_Analytic(Mol)    =        607.117130
 
L_AIMInt(SumA)     =          0.000016
L_Analytic(Mol)    =          0.000000
 
VenT_AIMInt(SumA)  =      -2877.183617
VenT_Analytic(Mol) =      -2877.184191
 
Some Information About the Atomic Calculations:
----------------------------------------------
  Time(sec) = "Elapsed User Time", in Seconds, for Atom A by AIMInt and, if used, by TWOe
  NProc = Number of Processors Used for AIMInt Job
  BIM = Basin Integration Method
  OAQ = Angular Quadrature Outside of Beta Sphere
  ORQ = Multiple of Default for Radial Quadrature Outside of Beta Sphere
  IAQ = Multiple of Default for Angular Quadrature Inside of Beta Sphere
  IRQ = Multiple of Default for Radial Quadrature Inside of Beta Sphere
  MIR = Maximum Integration Radius
------------------------------------------------------------------------------------------------------
Atom A     Time(sec)   NProc      BIM              OAQ                 ORQ      IAQ      IRQ      MIR
------------------------------------------------------------------------------------------------------
O1             50       32     Proaim(5)    4334      (Very High)      1.00     1.00     1.00    13.00
O2             39       32     Proaim(5)    3074      (Very High)      1.00     1.00     1.00    13.00
N3             78       32     Proaim(5)    4334      (Very High)      1.00     1.00     1.00    13.00
N4             78       32     Proaim(5)    4334      (Very High)      1.00     1.00     1.00    13.00
N5             45       32     Proaim(5)    4334      (Very High)      1.00     1.00     1.00    13.00
N6             71       32     Proaim(5)    4334      (Very High)      1.00     1.00     1.00    13.00
C7            207       32     Proaim(5)    4334      (Very High)      1.00     1.00     1.00    13.00
C8            159       32     Proaim(5)    4334      (Very High)      1.00     1.00     1.00    13.00
C9            180       32     Proaim(5)    4334      (Very High)      1.00     1.00     1.00    13.00
C10           136       32     Proaim(5)    4334      (Very High)      1.00     1.00     1.00    13.00
C11           126       32     Proaim(5)    4334      (Very High)      1.00     1.00     1.00    13.00
C12            89       32     Proaim(5)    4334      (Very High)      1.00     1.00     1.00    13.00
H13            36       32     Proaim(5)    2030      (Very High)      1.00     1.00     1.00    13.00
H14            24       32     Proaim(5)    2030      (Very High)      1.00     1.00     1.00    13.00
H15            31       32     Proaim(5)    2030      (Very High)      1.00     1.00     1.00    13.00
H16            30       32     Proaim(5)    2030      (Very High)      1.00     1.00     1.00    13.00
H17            18       32     Proaim(5)    2030      (Very High)      1.00     1.00     1.00    13.00
H18            30       32     Proaim(5)    2030      (Very High)      1.00     1.00     1.00    13.00
H19            20       32     Proaim(5)    2030      (Very High)      1.00     1.00     1.00    13.00
H20            20       32     Proaim(5)    2030      (Very High)      1.00     1.00     1.00    13.00
H21            13       32     Proaim(5)    2030      (Very High)      1.00     1.00     1.00    13.00
H22            14       32     Proaim(5)    2030      (Very High)      1.00     1.00     1.00    13.00
H23            13       32     Proaim(5)    2030      (Very High)      1.00     1.00     1.00    13.00
H24            13       32     Proaim(5)    2030      (Very High)      1.00     1.00     1.00    13.00
H25            13       32     Proaim(5)    2030      (Very High)      1.00     1.00     1.00    13.00
H26            19       32     Proaim(5)    2030      (Very High)      1.00     1.00     1.00    13.00
------------------------------------------------------------------------------------------------------
Total        1552
Note:  Total wall clock time is less than total of atomic times if more than one atom
       was calculated at a time
 
Electron Density Critical Point Analysis of Molecular Structure:               
---------------------------------------------------------------                
  NACP = Nuclear Attractor Critical Point                                      
  NNACP = Non-Nuclear Attractor Critical Point                                 
  BCP = Bond Critical Point                                                    
  RCP = Ring Critical Point                                                    
  CCP = Cage Critical Point                                                    
  Rho = Electron Density                                                       
  GradRho = Gradient of Electron Density                                       
  HessRho_EigVals = Eigenvalues of the Hessian of Rho, Ascending Order         
  HessRho_EigVecs = Eigenvectors of the Hessian of Rho                         
  DelSqRho = Laplacian of Rho = Trace of Hessian of Rho                        
  Bond Ellipticity = (HessRho_EigVal(1) / HessRho_EigVal(2)) - 1               
  V = Virial Field = Potential Energy Density = Trace of Stress Tensor         
  G = Lagrangian Form of Kinetic Energy Density                                
  K = Hamiltonian Form of Kinetic Energy Density                               
  L = K - G = Lagrangian Density = (-1/4)DelSqRho                              
  Vnuc = Electrostatic Potential from Nuclei                                   
  Ven = Electron-nuclear attractive contribution to Virial Field V             
  Vrep = V - Ven = Repulsive contribution to Virial Field V                    
  DelSqV = Laplacian of V                                                      
  DelSqVen = Laplacian of Ven                                                  
  DelSqVrep = Laplacian of Vrep                                                
  DelSqG = Laplacian of G                                                      
  DelSqK = Laplacian of K                                                      
  Stress_EigVals = Eigenvalues of Stress Tensor, Ascending Order               
  Stress_EigVecs = Eigenvectors of Stress Tensor                               
  -DivStress = Ehrenfest Force Density = Minus Divergence of Stress Tensor     
  ESP = Total Electrostatic Potential                                          
  ESPe = Electrostatic Potential from Electrons                                
  ESPn = Electrostatic Potential from Nuclei                                   
  BP = Bond Path                                                               
  BPL = Bond Path Length                                                       
  GBL = Geometric Bond Length                                                  
  GBL_I = Distance Between Nuclear Attractors                                  
  GBL_II = Distance Between Nuclei                                             
  GBL_III = Sum of Distances Between BCP and Nuclear Attractors                
  GBL_IV = Sum of Distances Between BCP and Nuclei                             

CP# 1      Coords =  4.19581195036769E+00  3.57549478109323E+00 -8.04483128464182E-02
           Type = (3,-3) NACP O1
           Rho =  3.0362539851E+02     Rho at Nucleus =  3.0362537168E+02
           GradRho =  4.4700641626E-10  2.1008598599E-10  9.1650873089E-13
           HessRho_EigVals = -1.5146202132E+06 -1.5145929772E+06 -1.5145827348E+06
           HessRho_EigVec1 = -1.6003576660E-02  9.4647267047E-01  3.2238698731E-01
           HessRho_EigVec2 =  6.8919905723E-01 -2.2315350774E-01  6.8935271922E-01
           HessRho_EigVec3 =  7.2439529612E-01  2.3322091681E-01 -6.4873681792E-01
           DelSqRho = -4.5437959253E+06
           Bond Ellipticity = NA
           V = -1.1360988209E+06
           G =  7.4919778069E+01
           K =  1.1360239011E+06
           L =  1.1359489813E+06
           Vnuc =  1.3438575143E+06
           Ven = -4.0802927333E+08
           Vrep =  4.0689317451E+08
           DelSqV =  2.2141702232E+11
           DelSqVen =  6.1062143043E+12
           DelSqVrep = -5.8847972819E+12
           DelSqG =  5.6682886855E+09
           DelSqK = -2.2708531101E+11
           Stress_EigVals = -3.7870367905E+05 -3.7870022987E+05 -3.7869491194E+05
           Stress_EigVec1 =  7.1574278340E-01  2.3617395990E-01 -6.5721695708E-01
           Stress_EigVec2 =  6.9798951588E-01 -2.1110679783E-01  6.8428397294E-01
           Stress_EigVec3 = -2.2867088299E-02  9.4850186113E-01  3.1594511501E-01
           -DivStress = -3.1296566380E+05  9.6923191685E+04 -2.8502088245E+05
           ESP =  -2.2371791350E+01     ESP at Nucleus =  -2.2371791636E+01
           ESPe = -3.6488654487E+01     ESPe at Nucleus = -3.6488649639E+01
           ESPn =  1.4116863137E+01     ESPn at Nucleus =  1.4116858003E+01

CP# 2      Coords =  6.93873584579443E+00  9.86372264078044E-01  1.80347723699272E+00
           Type = (3,-3) NACP O2
           Rho =  3.0389539154E+02     Rho at Nucleus =  3.0389536458E+02
           GradRho =  1.9314895404E-10  2.2359444117E-11  5.2119481077E-11
           HessRho_EigVals = -1.5160526093E+06 -1.5160465974E+06 -1.5160197698E+06
           HessRho_EigVec1 =  7.0791728926E-01  2.3348299430E-01 -6.6658743083E-01
           HessRho_EigVec2 =  7.0356783628E-01 -1.5025337322E-01  6.9456189327E-01
           HessRho_EigVec3 = -6.2011380538E-02  9.6068184911E-01  2.7063808578E-01
           DelSqRho = -4.5481189766E+06
           Bond Ellipticity = NA
           V = -1.1371784867E+06
           G =  7.4371301321E+01
           K =  1.1371041154E+06
           L =  1.1370297441E+06
           Vnuc =  1.3414854872E+06
           Ven = -4.0767125738E+08
           Vrep =  4.0653407890E+08
           DelSqV =  2.2162756114E+11
           DelSqVen =  6.1012355999E+12
           DelSqVrep = -5.8796080387E+12
           DelSqG =  5.6740488505E+09
           DelSqK = -2.2730160999E+11
           Stress_EigVals = -3.7906467301E+05 -3.7905733434E+05 -3.7905647939E+05
           Stress_EigVec1 = -5.9436831164E-02  9.6012429111E-01  2.7318237265E-01
           Stress_EigVec2 =  7.0031363554E-01 -1.5491270330E-01  6.9682341108E-01
           Stress_EigVec3 =  7.1135650343E-01  2.3273031599E-01 -6.6318061269E-01
           -DivStress =  3.1208085755E+05 -7.6963459021E+04  2.9373869531E+05
           ESP =  -2.2438454525E+01     ESP at Nucleus =  -2.2438454779E+01
           ESPe = -3.5886122302E+01     ESPe at Nucleus = -3.5886107985E+01
           ESPn =  1.3447667777E+01     ESPn at Nucleus =  1.3447653206E+01

CP# 3      Coords =  5.40997723754023E+00 -3.08490752007798E+00 -8.91071602454373E-01
           Type = (3,-3) NACP N3
           Rho =  1.9978537920E+02     Rho at Nucleus =  1.9978536569E+02
           GradRho = -2.6395868330E-10  1.3888227146E-10 -3.3085294053E-11
           HessRho_EigVals = -7.4463045418E+05 -7.4462830570E+05 -7.4461205541E+05
           HessRho_EigVec1 = -5.3285593292E-01  8.4477077922E-01  4.9263427964E-02
           HessRho_EigVec2 =  5.5952333119E-01  3.0806018905E-01  7.6943652225E-01
           HessRho_EigVec3 =  6.3482138953E-01  4.3756285321E-01 -6.3682065991E-01
           DelSqRho = -2.2338708153E+06
           Bond Ellipticity = NA
           V = -5.5852337099E+05
           G =  2.7833582142E+01
           K =  5.5849553741E+05
           L =  5.5846770382E+05
           Vnuc =  1.1623011323E+06
           Ven = -2.3221077246E+08
           Vrep =  2.3165224909E+08
           DelSqV =  7.9530261964E+10
           DelSqVen =  2.5964305792E+12
           DelSqVrep = -2.5169003172E+12
           DelSqG =  2.0819887754E+09
           DelSqK = -8.1612250739E+10
           Stress_EigVals = -1.8617682041E+05 -1.8617357207E+05 -1.8617297851E+05
           Stress_EigVec1 =  6.5367872285E-01  4.2320403899E-01 -6.2737745311E-01
           Stress_EigVec2 =  5.3809371929E-01  3.2300552213E-01  7.7853874787E-01
           Stress_EigVec3 = -5.3212712442E-01  8.4650208154E-01  1.6581598185E-02
           -DivStress = -8.3238666322E+04 -7.9356878756E+04  1.0798369116E+05
           ESP =  -1.8460085443E+01     ESP at Nucleus =  -1.8460085668E+01
           ESPe = -3.2620257644E+01     ESPe at Nucleus = -3.2620255553E+01
           ESPn =  1.4160172201E+01     ESPn at Nucleus =  1.4160169885E+01

CP# 4      Coords = -3.75917047062534E+00  5.56851958207767E-01  2.51176207880269E-01
           Type = (3,-3) NACP N4
           Rho =  2.0010187208E+02     Rho at Nucleus =  2.0010185349E+02
           GradRho = -1.5465802250E-10  1.1368961328E-11  6.4991345639E-12
           HessRho_EigVals = -7.4591459424E+05 -7.4590990326E+05 -7.4590112160E+05
           HessRho_EigVec1 =  8.1053885987E-01 -5.0786189521E-01  2.9172427400E-01
           HessRho_EigVec2 = -1.3114301219E-01  3.2806846958E-01  9.3550659518E-01
           HessRho_EigVec3 =  5.7081368852E-01  7.9652204907E-01 -1.9930970458E-01
           DelSqRho = -2.2377256191E+06
           Bond Ellipticity = NA
           V = -5.5948609397E+05
           G =  2.7344597671E+01
           K =  5.5945874937E+05
           L =  5.5943140478E+05
           Vnuc =  9.9155869663E+05
           Ven = -1.9841275147E+08
           Vrep =  1.9785326538E+08
           DelSqV =  7.9667473362E+10
           DelSqVen =  2.2188362993E+12
           DelSqVrep = -2.1391688254E+12
           DelSqG =  2.0858880741E+09
           DelSqK = -8.1753361436E+10
           Stress_EigVals = -1.8649675644E+05 -1.8649501252E+05 -1.8649432501E+05
           Stress_EigVec1 =  6.0310379276E-01  7.7367814893E-01 -1.9413381219E-01
           Stress_EigVec2 = -1.2872566922E-01  3.3458977036E-01  9.3353060349E-01
           Stress_EigVec3 =  7.8720741691E-01 -5.3802584273E-01  3.0138459701E-01
           -DivStress =  1.0129523722E+05  1.5117709737E+05 -3.4578295893E+04
           ESP =  -1.8494365050E+01     ESP at Nucleus =  -1.8494365320E+01
           ESPe = -3.4854893903E+01     ESPe at Nucleus = -3.4854887011E+01
           ESPn =  1.6360528853E+01     ESPn at Nucleus =  1.6360521691E+01

CP# 5      Coords = -7.44547841037967E+00  2.45929116032144E+00 -1.12503593823557E+00
           Type = (3,-3) NACP N5
           Rho =  1.9971592068E+02     Rho at Nucleus =  1.9971591237E+02
           GradRho = -3.8935965563E-11 -7.6381567737E-11 -6.2119642763E-11
           HessRho_EigVals = -7.4434588697E+05 -7.4434446511E+05 -7.4432947226E+05
           HessRho_EigVec1 = -5.4416575961E-01  8.3107486312E-01 -1.1488341032E-01
           HessRho_EigVec2 = -7.9439631396E-01 -4.6635360393E-01  3.8916424869E-01
           HessRho_EigVec3 =  2.6984833228E-01  3.0303281669E-01  9.1397647102E-01
           DelSqRho = -2.2330198243E+06
           Bond Ellipticity = NA
           V = -5.5831125847E+05
           G =  2.8151190881E+01
           K =  5.5828310728E+05
           L =  5.5825495609E+05
           Vnuc =  1.4807282745E+06
           Ven = -2.9572501063E+08
           Vrep =  2.9516669937E+08
           DelSqV =  7.9500016148E+10
           DelSqVen =  3.3064955904E+12
           DelSqVrep = -3.2269955743E+12
           DelSqG =  2.0811250417E+09
           DelSqK = -8.1581141190E+10
           Stress_EigVals = -1.8610590298E+05 -1.8610285515E+05 -1.8610250034E+05
           Stress_EigVec1 =  2.7557214601E-01  3.1834092025E-01  9.0703861596E-01
           Stress_EigVec2 = -8.0618164415E-01 -4.3739590837E-01  3.9844193552E-01
           Stress_EigVec3 = -5.2357535177E-01  8.4103738195E-01 -1.3610647736E-01
           -DivStress = -2.9051809506E+04 -2.5415891912E+04 -1.1761183885E+05
           ESP =  -1.8428729568E+01     ESP at Nucleus =  -1.8428729706E+01
           ESPe = -3.1182510476E+01     ESPe at Nucleus = -3.1182506766E+01
           ESPn =  1.2753780907E+01     ESPn at Nucleus =  1.2753777060E+01

CP# 6      Coords = -7.70315025198627E+00 -1.54328381868349E+00  6.14259090414601E-01
           Type = (3,-3) NACP N6
           Rho =  1.9963547299E+02     Rho at Nucleus =  1.9963546743E+02
           GradRho =  2.5260427083E-10 -3.8170105965E-11 -6.7846839258E-12
           HessRho_EigVals = -7.4402353002E+05 -7.4402240157E+05 -7.4400754844E+05
           HessRho_EigVec1 =  6.7848617880E-01  7.3230516762E-01  5.8186309832E-02
           HessRho_EigVec2 =  6.2792314235E-01 -6.1923479882E-01  4.7144542763E-01
           HessRho_EigVec3 = -3.8127291077E-01  2.8333267619E-01  8.7997361444E-01
           DelSqRho = -2.2320534800E+06
           Bond Ellipticity = NA
           V = -5.5807008948E+05
           G =  2.8359734774E+01
           K =  5.5804172974E+05
           L =  5.5801337001E+05
           Vnuc =  1.8103740713E+06
           Ven = -3.6141488401E+08
           Vrep =  3.6085681392E+08
           DelSqV =  7.9465651474E+10
           DelSqVen =  4.0408517632E+12
           DelSqVrep = -3.9613861117E+12
           DelSqG =  2.0801599425E+09
           DelSqK = -8.1545811417E+10
           Stress_EigVals = -1.8602548398E+05 -1.8602244223E+05 -1.8602216326E+05
           Stress_EigVec1 = -3.7919358331E-01  2.9175645967E-01  8.7811752893E-01
           Stress_EigVec2 =  6.2065308956E-01 -6.2365869209E-01  4.7522581810E-01
           Stress_EigVec3 =  6.8629583183E-01  7.2520893818E-01  5.5407826123E-02
           -DivStress = -4.0251331108E+04  2.2743502273E+04  9.0024889366E+04
           ESP =  -1.8416351717E+01     ESP at Nucleus =  -1.8416351810E+01
           ESPe = -3.1545501755E+01     ESPe at Nucleus = -3.1545498762E+01
           ESPn =  1.3129150039E+01     ESPn at Nucleus =  1.3129146952E+01

CP# 7      Coords =  1.40496417129421E+00 -7.68117543594037E-01 -1.45808340867455E+00
           Type = (3,-3) NACP C7
           Rho =  1.2313169473E+02     Rho at Nucleus =  1.2313169459E+02
           GradRho =  1.9035612754E-09 -5.9975665580E-10 -7.0660066340E-11
           HessRho_EigVals = -3.2607810290E+05 -3.2607747302E+05 -3.2607695194E+05
           HessRho_EigVec1 =  9.8153239195E-01  1.8943453678E-01  2.6621792266E-02
           HessRho_EigVec2 = -8.3756878850E-02  3.0045427570E-01  9.5011157948E-01
           HessRho_EigVec3 = -1.7198531563E-01  9.3479504946E-01 -3.1077204945E-01
           DelSqRho = -9.7823252786E+05
           Bond Ellipticity = NA
           V = -2.4457508878E+05
           G =  8.4784070201E+00
           K =  2.4456661037E+05
           L =  2.4455813196E+05
           Vnuc =  6.6379403277E+06
           Ven = -8.1734084204E+08
           Vrep =  8.1709626695E+08
           DelSqV =  2.3994720385E+10
           DelSqVen =  6.4934498796E+12
           DelSqVrep = -6.4694551592E+12
           DelSqG =  6.4776082137E+08
           DelSqK = -2.4642481206E+10
           Stress_EigVals = -8.1525176855E+04 -8.1525043788E+04 -8.1524868135E+04
           Stress_EigVec1 = -1.7385282917E-01  9.3079618110E-01 -3.2154885015E-01
           Stress_EigVec2 = -1.0172818174E-01  3.0779950460E-01  9.4599727378E-01
           Stress_EigVec3 =  9.7950322655E-01  1.9717488230E-01  4.1176388384E-02
           -DivStress = -6.8034479563E+03  2.1617932812E+03  1.4581244773E+02
           ESP =  -1.4817491639E+01     ESP at Nucleus =  -1.4817491642E+01
           ESPe = -3.2150161311E+01     ESPe at Nucleus = -3.2150161002E+01
           ESPn =  1.7332669671E+01     ESPn at Nucleus =  1.7332669360E+01

CP# 8      Coords =  3.80432843997307E-01 -1.26170971791118E+00  1.18285426258231E+00
           Type = (3,-3) NACP C8
           Rho =  1.2311823979E+02     Rho at Nucleus =  1.2311823977E+02
           GradRho = -4.1908521597E-11  3.1511079565E-11 -1.3120090527E-10
           HessRho_EigVals = -3.2603948668E+05 -3.2603929782E+05 -3.2603881658E+05
           HessRho_EigVec1 =  7.4352546427E-01  2.3630922375E-01 -6.2556201512E-01
           HessRho_EigVec2 =  5.5542438291E-01  3.0271121724E-01  7.7451253949E-01
           HessRho_EigVec3 = -3.7238909604E-01  9.2332219172E-01 -9.3821593559E-02
           DelSqRho = -9.7811760108E+05
           Bond Ellipticity = NA
           V = -2.4454640068E+05
           G =  8.5002072080E+00
           K =  2.4453790048E+05
           L =  2.4452940027E+05
           Vnuc =  1.6431000232E+07
           Ven = -2.0229558266E+09
           Vrep =  2.0227112802E+09
           DelSqV =  2.3991903456E+10
           DelSqVen =  1.6071453049E+13
           DelSqVrep = -1.6047461145E+13
           DelSqG =  6.4767926677E+08
           DelSqK = -2.4639582723E+10
           Stress_EigVals = -8.1515567023E+04 -8.1515438948E+04 -8.1515394714E+04
           Stress_EigVec1 = -3.9799043048E-01  9.1293975824E-01 -9.0247521144E-02
           Stress_EigVec2 =  5.5928343264E-01  3.1943527137E-01  7.6495957369E-01
           Stress_EigVec3 =  7.2719024968E-01  2.5397264662E-01 -6.3772426294E-01
           -DivStress =  8.3876966862E+02 -9.6402882668E+02  2.5875890594E+03
           ESP =  -1.4826492346E+01     ESP at Nucleus =  -1.4826492346E+01
           ESPe = -3.1959771743E+01     ESPe at Nucleus = -3.1959771354E+01
           ESPn =  1.7133279397E+01     ESPn at Nucleus =  1.7133279008E+01

CP# 9      Coords =  4.30013781200683E+00 -6.57988971966501E-01 -1.53766288832583E+00
           Type = (3,-3) NACP C9
           Rho =  1.2311079015E+02     Rho at Nucleus =  1.2311078958E+02
           GradRho =  7.5920757447E-12 -1.0742179566E-11  8.3139717983E-13
           HessRho_EigVals = -3.2602350720E+05 -3.2602217602E+05 -3.2602164359E+05
           HessRho_EigVec1 = -1.9892665623E-01  9.8001428058E-01  4.4191841207E-04
           HessRho_EigVec2 =  4.7509139013E-01  9.6041258303E-02  8.7467951143E-01
           HessRho_EigVec3 =  8.5715596974E-01  1.7420702211E-01 -4.8470151329E-01
           DelSqRho = -9.7806732681E+05
           Bond Ellipticity = NA
           V = -2.4453347353E+05
           G =  8.3209151265E+00
           K =  2.4452515262E+05
           L =  2.4451683170E+05
           Vnuc =  3.2107518635E+06
           Ven = -3.9527819888E+08
           Vrep =  3.9503366540E+08
           DelSqV =  2.3990660061E+10
           DelSqVen =  3.1403313910E+12
           DelSqVrep = -3.1163407483E+12
           DelSqG =  6.4765031187E+08
           DelSqK = -2.4638310373E+10
           Stress_EigVals = -8.1511368574E+04 -8.1511211389E+04 -8.1510893569E+04
           Stress_EigVec1 =  8.6334839543E-01  1.7899242217E-01 -4.7179578306E-01
           Stress_EigVec2 =  4.6707953114E-01  7.0359745148E-02  8.8141149178E-01
           Stress_EigVec3 = -1.9096140890E-01  9.8133135029E-01  2.2858723551E-02
           -DivStress = -1.1071611078E+04  4.9927507535E+03 -8.3857802856E+03
           ESP =  -1.4759179047E+01     ESP at Nucleus =  -1.4759179063E+01
           ESPe = -3.2227996762E+01     ESPe at Nucleus = -3.2227996289E+01
           ESPn =  1.7468817715E+01     ESPn at Nucleus =  1.7468817226E+01

CP# 10     Coords = -2.46431035414045E+00 -1.67003329173222E+00  1.17952743475516E+00
           Type = (3,-3) NACP C10
           Rho =  1.2311714397E+02     Rho at Nucleus =  1.2311714350E+02
           GradRho =  1.5049739233E-11  2.0700774428E-11  4.9539053415E-12
           HessRho_EigVals = -3.2604218730E+05 -3.2604053402E+05 -3.2604034597E+05
           HessRho_EigVec1 = -3.9860042985E-01  8.6127313370E-01 -3.1516073119E-01
           HessRho_EigVec2 =  3.8368072368E-01  4.6872313326E-01  7.9566810080E-01
           HessRho_EigVec3 =  8.3301068396E-01  1.9623254957E-01 -5.1728714162E-01
           DelSqRho = -9.7812306729E+05
           Bond Ellipticity = NA
           V = -2.4454738011E+05
           G =  8.3066415905E+00
           K =  2.4453907346E+05
           L =  2.4453076682E+05
           Vnuc =  3.5382294962E+06
           Ven = -4.3561671029E+08
           Vrep =  4.3537216291E+08
           DelSqV =  2.3992027971E+10
           DelSqVen =  3.4608239247E+12
           DelSqVrep = -3.4368319131E+12
           DelSqG =  6.4769113501E+08
           DelSqK = -2.4639719106E+10
           Stress_EigVals = -8.1515974624E+04 -8.1515912034E+04 -8.1515493447E+04
           Stress_EigVec1 =  8.5309278315E-01  2.0204147967E-01 -4.8105295325E-01
           Stress_EigVec2 =  3.5587689402E-01  4.4891465155E-01  8.1965070117E-01
           Stress_EigVec3 = -3.8155515936E-01  8.7043372873E-01 -3.1106395524E-01
           -DivStress =  8.0860627393E+03 -9.4655201869E+03  4.9385010436E+03
           ESP =  -1.4787694918E+01     ESP at Nucleus =  -1.4787694933E+01
           ESPe = -3.1412522291E+01     ESPe at Nucleus = -3.1412520910E+01
           ESPn =  1.6624827373E+01     ESPn at Nucleus =  1.6624825978E+01

CP# 11     Coords =  5.30760563562167E+00  1.32085847488581E+00  2.64732585891248E-01
           Type = (3,-3) NACP C11
           Rho =  1.2343010943E+02     Rho at Nucleus =  1.2343010720E+02
           GradRho = -1.3884619777E-10  4.7169021534E-12 -2.3120956240E-13
           HessRho_EigVals = -3.2692850997E+05 -3.2692547237E+05 -3.2692262554E+05
           HessRho_EigVec1 =  6.9316892297E-01  2.4065649570E-01 -6.7941246332E-01
           HessRho_EigVec2 = -4.3943239856E-01  8.8827098638E-01 -1.3369301347E-01
           HessRho_EigVec3 =  5.7132828683E-01  3.9122769052E-01  7.2147410407E-01
           DelSqRho = -9.8077660789E+05
           Bond Ellipticity = NA
           V = -2.4520980462E+05
           G =  7.8263227460E+00
           K =  2.4520197829E+05
           L =  2.4519415197E+05
           Vnuc =  1.6257724080E+06
           Ven = -2.0066926622E+08
           Vrep =  2.0042405642E+08
           DelSqV =  2.4057067127E+10
           DelSqVen =  1.5945195418E+12
           DelSqVrep = -1.5704624746E+12
           DelSqG =  6.4956230542E+08
           DelSqK = -2.4706629432E+10
           Stress_EigVals = -8.1737584828E+04 -8.1736640105E+04 -8.1735579685E+04
           Stress_EigVec1 =  6.1986499109E-01  2.8157997527E-01  7.3244802570E-01
           Stress_EigVec2 = -3.6834240635E-01  9.2858794722E-01 -4.5258103814E-02
           Stress_EigVec3 =  6.9288618438E-01  2.4173775420E-01 -6.7931700530E-01
           -DivStress =  7.8732755016E+03 -2.8071853680E+04 -2.0265174248E+03
           ESP =  -1.4663480076E+01     ESP at Nucleus =  -1.4663480141E+01
           ESPe = -3.2514264903E+01     ESPe at Nucleus = -3.2514265397E+01
           ESPn =  1.7850784826E+01     ESPn at Nucleus =  1.7850785256E+01

CP# 12     Coords = -6.13546532698202E+00  4.48436181139360E-01 -4.43502832580297E-02
           Type = (3,-3) NACP C12
           Rho =  1.2329933900E+02     Rho at Nucleus =  1.2329933731E+02
           GradRho =  4.7760968791E-11  5.9235880090E-12  5.8053561958E-13
           HessRho_EigVals = -3.2655180456E+05 -3.2655006253E+05 -3.2654800200E+05
           HessRho_EigVec1 = -1.2860009722E-01  2.7024872272E-01  9.5416332085E-01
           HessRho_EigVec2 =  1.3329306484E-01  9.5813224549E-01 -2.5340789062E-01
           HessRho_EigVec3 =  9.8269780394E-01 -9.4595074022E-02  1.5923818044E-01
           DelSqRho = -9.7964986908E+05
           Bond Ellipticity = NA
           V = -2.4492862215E+05
           G =  8.0774386343E+00
           K =  2.4492054471E+05
           L =  2.4491246727E+05
           Vnuc =  1.8662483163E+06
           Ven = -2.3010718380E+08
           Vrep =  2.2986225518E+08
           DelSqV =  2.4029443201E+10
           DelSqVen =  1.8282699162E+12
           DelSqVrep = -1.8042404730E+12
           DelSqG =  6.4875593467E+08
           DelSqK = -2.4678199136E+10
           Stress_EigVals = -8.1643591764E+04 -8.1642897334E+04 -8.1642133049E+04
           Stress_EigVec1 =  9.8315035870E-01 -8.5581734146E-02  1.6152751767E-01
           Stress_EigVec2 =  1.3072729964E-01  9.4681244317E-01 -2.9403498192E-01
           Stress_EigVec3 = -1.2777223999E-01  3.1019665415E-01  9.4204686213E-01
           -DivStress =  2.5210225189E+04 -1.6738604004E+02  3.3484298473E+03
           ESP =  -1.4703632561E+01     ESP at Nucleus =  -1.4703632615E+01
           ESPe = -3.1266411556E+01     ESPe at Nucleus = -3.1266414315E+01
           ESPn =  1.6562778995E+01     ESPn at Nucleus =  1.6562781700E+01

CP# 13     Coords =  6.24018238774943E-01  9.59442111191318E-01 -2.18720345103378E+00
           Type = (3,-3) NACP H13
           Rho =  4.5864387308E-01     Rho at Nucleus =  4.5506459842E-01
           GradRho = -1.7986914042E-16 -4.5022850465E-16  3.4155078939E-16
           HessRho_EigVals = -9.3798208534E+00 -9.3779346180E+00 -8.6226805306E+00
           HessRho_EigVec1 = -6.9162197911E-01 -2.2676224834E-02  7.2190361326E-01
           HessRho_EigVec2 =  6.0191698707E-01  5.3433122604E-01  5.9345267845E-01
           HessRho_EigVec3 = -3.9919290912E-01  8.4497096383E-01 -3.5590601512E-01
           DelSqRho = -2.7380436002E+01
           Bond Ellipticity = NA
           V = -6.8585214816E+00
           G =  6.7062405442E-03
           K =  6.8518152410E+00
           L =  6.8451090005E+00
           Vnuc =  5.3144143059E+01
           Ven = -2.4374235604E+01
           Vrep =  1.7515714122E+01
           DelSqV =  1.7820563463E+03
           DelSqVen =  1.4551098079E+03
           DelSqVrep =  3.2694653843E+02
           DelSqG =  1.3671802579E+02
           DelSqK = -1.9187743721E+03
           Stress_EigVals = -2.3502712902E+00 -2.3497444792E+00 -2.1585057123E+00
           Stress_EigVec1 = -4.8384650390E-01  1.3541998501E-01  8.6461204498E-01
           Stress_EigVec2 =  7.7887838888E-01  5.1711901698E-01  3.5487515780E-01
           Stress_EigVec3 = -3.9905014222E-01  8.4513274102E-01 -3.5568192821E-01
           -DivStress = -6.6828550733E+00  1.3858382746E+01 -5.7217724956E+00
           ESP =  -1.1656230421E+00     ESP at Nucleus =  -1.1666047665E+00
           ESPe = -1.9069278314E+01     ESPe at Nucleus = -1.9000435968E+01
           ESPn =  1.7903655271E+01     ESPn at Nucleus =  1.7833831202E+01

CP# 14     Coords =  8.26992020278415E-01 -2.27452747019111E+00 -2.70872000762032E+00
           Type = (3,-3) NACP H14
           Rho =  4.6082620335E-01     Rho at Nucleus =  4.5755176835E-01
           GradRho =  7.6094501624E-14  1.8909874260E-13  1.5739298225E-13
           HessRho_EigVals = -9.4337665357E+00 -9.4330703429E+00 -8.7234645617E+00
           HessRho_EigVec1 = -7.1908567945E-01 -2.5539733588E-01  6.4628785106E-01
           HessRho_EigVec2 =  6.3002245776E-01 -6.3203619652E-01  4.5122272661E-01
           HessRho_EigVec3 =  2.9323623298E-01  7.3164366129E-01  6.1539423507E-01
           DelSqRho = -2.7590301440E+01
           Bond Ellipticity = NA
           V = -6.9113148750E+00
           G =  6.8697574859E-03
           K =  6.9044451175E+00
           L =  6.8975753601E+00
           Vnuc =  5.3986451125E+01
           Ven = -2.4878371304E+01
           Vrep =  1.7967056429E+01
           DelSqV =  1.8001311898E+03
           DelSqVen =  1.4895024602E+03
           DelSqVrep =  3.1062872956E+02
           DelSqG =  1.3813987265E+02
           DelSqK = -1.9382710625E+03
           Stress_EigVals = -2.3638986614E+00 -2.3635313686E+00 -2.1838848451E+00
           Stress_EigVec1 = -4.1946987239E-02 -6.3286694436E-01  7.7312345780E-01
           Stress_EigVec2 =  9.5519728805E-01 -2.5231288742E-01 -1.5471376069E-01
           Stress_EigVec3 =  2.9298223695E-01  7.3199565407E-01  6.1509655442E-01
           -DivStress = -4.6769464726E+00 -1.1507791531E+01 -9.6843393798E+00
           ESP =  -1.1588193460E+00     ESP at Nucleus =  -1.1597456471E+00
           ESPe = -1.8140586534E+01     ESPe at Nucleus = -1.8065472408E+01
           ESPn =  1.6981767188E+01     ESPn at Nucleus =  1.6905726761E+01

CP# 15     Coords =  1.31027241882727E+00 -2.89070908568368E+00  1.97240271378954E+00
           Type = (3,-3) NACP H15
           Rho =  4.5925082394E-01     Rho at Nucleus =  4.5577791487E-01
           GradRho = -1.9076097661E-09  3.1770205864E-09 -1.5429305354E-09
           HessRho_EigVals = -9.3960911544E+00 -9.3940977335E+00 -8.6561357079E+00
           HessRho_EigVec1 = -6.2098352002E-01  1.7707481566E-02  7.8362357861E-01
           HessRho_EigVec2 =  6.2911466043E-01  6.0759455017E-01  4.8481296046E-01
           HessRho_EigVec3 = -4.6754059919E-01  7.9404994030E-01 -3.8844623877E-01
           DelSqRho = -2.7446324596E+01
           Bond Ellipticity = NA
           V = -6.8751157643E+00
           G =  6.7673076821E-03
           K =  6.8683484566E+00
