AIMSum (Version 17.01.25, Professional)
Copyright (c) 1997-2017 by Todd A. Keith
AIMSum is a component of the AIMAll package ( http://aim.tkgristmill.com )

TP:  64-bit Linux

Licensed To:  Research Group of Fernando Cortes Guzman, UNAM, fercor@unam.mx

Much of the Quantum Theory of Atoms in Molecules (QTAIM) is described in the book:
  "Atoms in Molecules - A Quantum Theory"
  R.F.W. Bader, Oxford University Press, Oxford, 1990

For additional references see:  http://aim.tkgristmill.com/references.html

Wfn File:  /home/alejandro/wd/hf_portion/aimqb_part/cystine_00000.wfn
Sum File:  /home/alejandro/wd/hf_portion/aimqb_part/cystine_00000.sum

SumViz File:  /home/alejandro/wd/hf_portion/aimqb_part/cystine_00000.sumviz

Wfn Title:   opt cystine M062X def2TZVP                                                    
 
Total memory allocated for AIMSum =        1.555 Megabytes

Atomic units (a.u.) used throughout, except where stated otherwise

Model:  Restricted SCF
 
Restricted, closed-shell, single-determinant wavefunction.
  Number of electrons (from MO Occs)                   =         126.0000000000
  Number of Alpha electrons (from MO Occs)             =          63.0000000000
  Number of Beta electrons (from MO Occs)              =          63.0000000000
  Number of electron pairs (N*(N-1)/2)                 =        7875.0000000000
  Number of electron pairs (from Muller 2EDM)          =        7875.0000000000
 
Nuclear Charges and Cartesian Coordinates:
-------------------------------------------------------------------------------
Atom      Charge                X                  Y                  Z
-------------------------------------------------------------------------------
S1        16.0           8.5789285000E-01  -1.1002276000E+00  -1.2167867600E+00
S2        16.0          -1.1480753900E+00   2.0461940000E-02   1.8843141700E+00
O3         8.0           8.8814506800E+00  -1.3919430700E+00   1.5224311900E+00
O4         8.0          -6.6312813400E+00  -3.4767638500E+00  -3.9398278000E-01
O5         8.0           6.8400225700E+00  -2.3975208100E+00  -2.0337100800E+00
O6         8.0          -8.0733184500E+00  -5.4147749000E-01   2.2770601600E+00
N7         7.0           6.8643921900E+00   3.3773123200E+00   5.7236795000E-01
N8         7.0          -7.3323780100E+00   2.4958423400E+00  -2.1973312400E+00
C9         6.0           5.3150898100E+00   1.0912586700E+00   5.1556627000E-01
C10        6.0          -5.4357129200E+00   8.0809538000E-01  -1.1411411500E+00
C11        6.0           3.2211666000E+00   1.3765161300E+00  -1.4253186500E+00
C12        6.0          -3.4851997500E+00   2.1368889500E+00   5.2662618000E-01
C13        6.0           7.0318464700E+00  -1.0945524000E+00  -1.9811187000E-01
C14        6.0          -6.8560458000E+00  -1.1105638900E+00   4.5033331000E-01
H15        1.0           4.4766373600E+00   6.2261982000E-01   2.3563174700E+00
H16        1.0          -4.4807733100E+00  -1.7429714000E-01  -2.6778403500E+00
H17        1.0           2.2893914800E+00   3.1992885000E+00  -1.2007181200E+00
H18        1.0           4.0046028900E+00   1.2692560900E+00  -3.3276410700E+00
H19        1.0          -2.5343846700E+00   3.6182487000E+00  -5.4641331000E-01
H20        1.0          -4.4405219000E+00   2.9949228100E+00   2.1442281300E+00
H21        1.0           8.3579706500E+00   3.1369197200E+00   1.7467554500E+00
H22        1.0           5.8337676000E+00   4.8448662900E+00   1.2421804100E+00
H23        1.0          -6.5205054800E+00   3.8413183600E+00  -3.2880434000E+00
H24        1.0          -8.3045639600E+00   3.3556148900E+00  -7.8633401000E-01
H25        1.0           9.9424512500E+00  -2.7708223300E+00   9.5631089000E-01
H26        1.0          -7.5871046900E+00  -4.5579829400E+00   7.3338995000E-01
 
Some Atomic Properties:
----------------------
  q(A) = Net Charge of Atom A
  L(A) = Lagrangian of Atom A = -(1/4) Times Atomic Integral of the Laplacian of the Electron Density
  K(A) = Electronic Kinetic Energy of Atom A (Hamiltonian Form)
  K_Scaled(A) = K(A) * E(Mol)/K(Mol) = Approximation to Virial-Based Total Energy of Atom A.
  |Mu_Intra(A)| = Magnitude of Intraatomic Dipole Moment of Atom A
--------------------------------------------------------------------------------------------------
Atom A          q(A)              L(A)              K(A)          K_Scaled(A)      |Mu_Intra(A)|
--------------------------------------------------------------------------------------------------
S1        8.9460170000E-03  3.0456609895E-04  3.9745347311E+02 -3.9835187694E+02  5.9937027872E-01
S2       -2.5694204000E-02  9.5454780582E-05  3.9746570353E+02 -3.9836413500E+02  6.2950617136E-01
O3       -1.0728635014E+00  4.5454264254E-05  7.5428063450E+01 -7.5598561045E+01  1.8787805384E-01
O4       -1.0665471465E+00  4.6038171932E-05  7.5437859927E+01 -7.5608379665E+01  2.0506307991E-01
O5       -1.1374753514E+00  4.9692821088E-05  7.5531520653E+01 -7.5702252102E+01  4.3674816414E-01
O6       -1.1496315365E+00  4.3149951431E-05  7.5521519618E+01 -7.5692228461E+01  4.1255810322E-01
N7       -9.7220839220E-01  4.2154493449E-05  5.4785631059E+01 -5.4909468499E+01  2.8277853239E-01
N8       -9.7416711550E-01 -3.9037289530E-05  5.4787394295E+01 -5.4911235721E+01  2.6263987809E-01
C9        3.3256411430E-01  8.7240326218E-04  3.7643515054E+01 -3.7728604456E+01  3.7814894715E-01
C10       3.4825178970E-01  8.1441792289E-04  3.7640145346E+01 -3.7725227130E+01  3.7940573763E-01
C11      -9.0029880000E-02  6.8979003333E-04  3.7827364628E+01 -3.7912869603E+01  1.3613630837E-01
C12      -1.1151483280E-01 -8.2759681031E-05  3.7837336304E+01 -3.7922863819E+01  9.8042362015E-02
C13       1.5076183917E+00 -7.2299500498E-04  3.6926053398E+01 -3.7009521049E+01  7.8015114225E-01
C14       1.5219658585E+00  3.1114992240E-04  3.6919226871E+01 -3.7002679092E+01  7.6681483337E-01
H15       3.5682521740E-02  4.2391116016E-05  6.1000986587E-01 -6.1138873217E-01  1.6494462925E-01
H16       5.9486775610E-02  3.1905494001E-05  6.0398590577E-01 -6.0535115551E-01  1.5375768188E-01
H17       3.9091558460E-02  3.3174390816E-05  6.0452081570E-01 -6.0588727455E-01  1.6405243814E-01
H18       7.9013369140E-02  2.6763135938E-05  5.8681464650E-01 -5.8814108232E-01  1.5733879945E-01
H19       3.4347436120E-02  2.9614357752E-05  6.0451425102E-01 -6.0588069503E-01  1.6965035670E-01
H20       6.2825077370E-02  2.4470123795E-05  5.9157243387E-01 -5.9290962420E-01  1.6138925969E-01
H21       3.6086921229E-01  3.8136820562E-05  4.8267326134E-01 -4.8376429598E-01  1.8732848703E-01
H22       3.4199143481E-01  3.2207517286E-05  4.9055177987E-01 -4.9166062311E-01  1.9807491204E-01
H23       3.4553311755E-01  3.5697322868E-05  4.8795231935E-01 -4.8905528677E-01  1.9776032641E-01
H24       3.5662957388E-01  3.5124545501E-05  4.8207111169E-01 -4.8316078523E-01  1.9359012222E-01
H25       5.8603321010E-01  2.1402693810E-05  3.6365406593E-01 -3.6447606959E-01  1.6353396162E-01
H26       5.8207875037E-01  2.1008800820E-05  3.6577968868E-01 -3.6660649708E-01  1.6505939117E-01
--------------------------------------------------------------------------------------------------
Total     2.7962483400E-03  2.8413760661E-03  1.4374789074E+03 -1.4407281847E+03
 
Molecular charge q(Mol) from the wfn file:   0.0000000000E+00
Molecular energy E(Mol) from the wfn file:  -1.4407278568E+03
Molecular virial ratio (-V(Mol)/T(Mol)) from the wfn file:   2.0022604000E+00
Note.  K_Scaled(A) = (1+V(Mol)/T(Mol))*K(A) = (E(Mol)/T(Mol))*K(A)
       Only use K_Scaled(A) data with caution.
 
Note.  Potentially significant cumulative integration error.
 
N_AIMInt(SumA)     =        125.997204
N_Analytic(Mol)    =        125.999987
 
G_AIMInt(SumA)     =       1437.476066
G_Analytic(Mol)    =       1437.478507
 
K_AIMInt(SumA)     =       1437.478907
K_Analytic(Mol)    =       1437.478507
 
L_AIMInt(SumA)     =          0.002841
L_Analytic(Mol)    =          0.000000
 
VenT_AIMInt(SumA)  =      -5746.357329
VenT_Analytic(Mol) =      -5746.419451
 
Some Information About the Atomic Calculations:
----------------------------------------------
  Time(sec) = "Elapsed User Time", in Seconds, for Atom A by AIMInt and, if used, by TWOe
  NProc = Number of Processors Used for AIMInt Job
  BIM = Basin Integration Method
  OAQ = Angular Quadrature Outside of Beta Sphere
  ORQ = Multiple of Default for Radial Quadrature Outside of Beta Sphere
  IAQ = Multiple of Default for Angular Quadrature Inside of Beta Sphere
  IRQ = Multiple of Default for Radial Quadrature Inside of Beta Sphere
  MIR = Maximum Integration Radius
------------------------------------------------------------------------------------------------------
Atom A     Time(sec)   NProc      BIM              OAQ                 ORQ      IAQ      IRQ      MIR
------------------------------------------------------------------------------------------------------
S1            149       32     Proaim(5)    4334      (Very High)      1.00     1.00     1.00    13.00
S2            162       32     Proaim(5)    4334      (Very High)      1.00     1.00     1.00    13.00
O3             69       32     Proaim(5)    4334      (Very High)      1.00     1.00     1.00    13.00
O4             65       32     Proaim(5)    4334      (Very High)      1.00     1.00     1.00    13.00
O5             54       32     Proaim(5)    3074      (Very High)      1.00     1.00     1.00    13.00
O6             52       32     Proaim(5)    3074      (Very High)      1.00     1.00     1.00    13.00
N7             86       32     Proaim(5)    4334      (Very High)      1.00     1.00     1.00    13.00
N8             76       32     Proaim(5)    4334      (Very High)      1.00     1.00     1.00    13.00
C9            185       32     Proaim(5)    4334      (Very High)      1.00     1.00     1.00    13.00
C10           157       32     Proaim(5)    4334      (Very High)      1.00     1.00     1.00    13.00
C11           167       32     Proaim(5)    4334      (Very High)      1.00     1.00     1.00    13.00
C12           189       32     Proaim(5)    4334      (Very High)      1.00     1.00     1.00    13.00
C13           114       32     Proaim(5)    4334      (Very High)      1.00     1.00     1.00    13.00
C14           108       32     Proaim(5)    4334      (Very High)      1.00     1.00     1.00    13.00
H15            28       32     Proaim(5)    2030      (Very High)      1.00     1.00     1.00    13.00
H16            37       32     Proaim(5)    2030      (Very High)      1.00     1.00     1.00    13.00
H17            35       32     Proaim(5)    2030      (Very High)      1.00     1.00     1.00    13.00
H18            24       32     Proaim(5)    2030      (Very High)      1.00     1.00     1.00    13.00
H19            35       32     Proaim(5)    2030      (Very High)      1.00     1.00     1.00    13.00
H20            28       32     Proaim(5)    2030      (Very High)      1.00     1.00     1.00    13.00
H21            22       32     Proaim(5)    2030      (Very High)      1.00     1.00     1.00    13.00
H22            16       32     Proaim(5)    2030      (Very High)      1.00     1.00     1.00    13.00
H23            14       32     Proaim(5)    2030      (Very High)      1.00     1.00     1.00    13.00
H24            17       32     Proaim(5)    2030      (Very High)      1.00     1.00     1.00    13.00
H25            12       32     Proaim(5)    2030      (Very High)      1.00     1.00     1.00    13.00
H26            13       32     Proaim(5)    2030      (Very High)      1.00     1.00     1.00    13.00
------------------------------------------------------------------------------------------------------
Total        1914
Note:  Total wall clock time is less than total of atomic times if more than one atom
       was calculated at a time
 
Electron Density Critical Point Analysis of Molecular Structure:               
---------------------------------------------------------------                
  NACP = Nuclear Attractor Critical Point                                      
  NNACP = Non-Nuclear Attractor Critical Point                                 
  BCP = Bond Critical Point                                                    
  RCP = Ring Critical Point                                                    
  CCP = Cage Critical Point                                                    
  Rho = Electron Density                                                       
  GradRho = Gradient of Electron Density                                       
  HessRho_EigVals = Eigenvalues of the Hessian of Rho, Ascending Order         
  HessRho_EigVecs = Eigenvectors of the Hessian of Rho                         
  DelSqRho = Laplacian of Rho = Trace of Hessian of Rho                        
  Bond Ellipticity = (HessRho_EigVal(1) / HessRho_EigVal(2)) - 1               
  V = Virial Field = Potential Energy Density = Trace of Stress Tensor         
  G = Lagrangian Form of Kinetic Energy Density                                
  K = Hamiltonian Form of Kinetic Energy Density                               
  L = K - G = Lagrangian Density = (-1/4)DelSqRho                              
  Vnuc = Electrostatic Potential from Nuclei                                   
  Ven = Electron-nuclear attractive contribution to Virial Field V             
  Vrep = V - Ven = Repulsive contribution to Virial Field V                    
  DelSqV = Laplacian of V                                                      
  DelSqVen = Laplacian of Ven                                                  
  DelSqVrep = Laplacian of Vrep                                                
  DelSqG = Laplacian of G                                                      
  DelSqK = Laplacian of K                                                      
  Stress_EigVals = Eigenvalues of Stress Tensor, Ascending Order               
  Stress_EigVecs = Eigenvectors of Stress Tensor                               
  -DivStress = Ehrenfest Force Density = Minus Divergence of Stress Tensor     
  ESP = Total Electrostatic Potential                                          
  ESPe = Electrostatic Potential from Electrons                                
  ESPn = Electrostatic Potential from Nuclei                                   
  BP = Bond Path                                                               
  BPL = Bond Path Length                                                       
  GBL = Geometric Bond Length                                                  
  GBL_I = Distance Between Nuclear Attractors                                  
  GBL_II = Distance Between Nuclei                                             
  GBL_III = Sum of Distances Between BCP and Nuclear Attractors                
  GBL_IV = Sum of Distances Between BCP and Nuclei                             

CP# 1      Coords =  8.57892926309859E-01 -1.10022700788031E+00 -1.21678634061935E+00
           Type = (3,-3) NACP S1
           Rho =  2.5719141336E+03     Rho at Nucleus =  2.5719141234E+03
           GradRho =  1.1631517971E-09  1.9580619348E-09 -1.8674084501E-10
           HessRho_EigVals = -3.8264452732E+07 -3.8264305873E+07 -3.8264038647E+07
           HessRho_EigVec1 =  7.3387699543E-01  9.1049743314E-02 -6.7315265714E-01
           HessRho_EigVec2 =  3.0499762723E-01  8.4130181576E-01  4.4630449493E-01
           HessRho_EigVec3 = -6.0696046244E-01  5.3284256498E-01 -5.8964209313E-01
           DelSqRho = -1.1479279725E+08
           Bond Ellipticity = NA
           V = -2.8717678025E+07
           G =  9.7393562795E+03
           K =  2.8707938669E+07
           L =  2.8698199313E+07
           Vnuc =  2.1929989231E+07
           Ven = -5.6402049253E+10
           Vrep =  5.6373331575E+10
           DelSqV =  1.2707292319E+13
           DelSqVen =  2.5174048059E+15
           DelSqVrep = -2.5046975136E+15
           DelSqG =  4.2728236831E+11
           DelSqK = -1.3134574687E+13
           Stress_EigVals = -9.5726165270E+06 -9.5725487512E+06 -9.5725127473E+06
           Stress_EigVec1 = -6.0691477675E-01  5.3261719624E-01 -5.8989268180E-01
           Stress_EigVec2 =  3.0890493169E-01  8.4194832534E-01  4.4238078691E-01
           Stress_EigVec3 =  7.3227876997E-01  8.6266677953E-02 -6.7551895853E-01
           -DivStress = -3.1709263818E+05 -2.4613202053E+06 -1.7434040298E+06
           ESP =  -5.9208841748E+01     ESP at Nucleus =  -5.9208841771E+01
           ESPe = -7.7467050163E+01     ESPe at Nucleus = -7.7467049097E+01
           ESPn =  1.8258208416E+01     ESPn at Nucleus =  1.8258207326E+01

CP# 2      Coords = -1.14807546484375E+00  2.04621295734023E-02  1.88431349033141E+00
           Type = (3,-3) NACP S2
           Rho =  2.5718631640E+03     Rho at Nucleus =  2.5718631544E+03
           GradRho =  3.0466424938E-09  4.3890668877E-11 -2.9468547602E-09
           HessRho_EigVals = -3.8263671408E+07 -3.8263529648E+07 -3.8263269095E+07
           HessRho_EigVec1 =  7.2471525078E-01 -5.1973270599E-01 -4.5239995535E-01
           HessRho_EigVec2 =  2.8547410579E-01 -3.7108688000E-01  8.8362835084E-01
           HessRho_EigVec3 =  6.2713024182E-01  7.6952741459E-01  1.2056209181E-01
           DelSqRho = -1.1479047015E+08
           Bond Ellipticity = NA
           V = -2.8717098892E+07
           G =  9.7406771016E+03
           K =  2.8707358215E+07
           L =  2.8697617538E+07
           Vnuc =  2.2548897607E+07
           Ven = -5.7992679143E+10
           Vrep =  5.7963962044E+10
           DelSqV =  1.2707036347E+13
           DelSqVen =  2.5883984139E+15
           DelSqVrep = -2.5756913776E+15
           DelSqG =  4.2727356006E+11
           DelSqK = -1.3134309907E+13
           Stress_EigVals = -9.5724219283E+06 -9.5723558636E+06 -9.5723211000E+06
           Stress_EigVec1 =  6.2706764048E-01  7.6952197061E-01  1.2092192118E-01
           Stress_EigVec2 =  2.8948552913E-01 -3.7432777219E-01  8.8095223900E-01
           Stress_EigVec3 =  7.2317653633E-01 -5.1741149554E-01 -4.5749430771E-01
           -DivStress =  3.1098481502E+05 -7.8793402485E+05  2.8252647451E+06
           ESP =  -5.9207762576E+01     ESP at Nucleus =  -5.9207762599E+01
           ESPe = -7.7336494816E+01     ESPe at Nucleus = -7.7336493711E+01
           ESPn =  1.8128732240E+01     ESPn at Nucleus =  1.8128731112E+01

CP# 3      Coords =  8.88145001022734E+00 -1.39194586254418E+00  1.52242673039422E+00
           Type = (3,-3) NACP O3
           Rho =  3.0052036106E+02     Rho at Nucleus =  3.0052034002E+02
           GradRho =  6.5732926199E-10 -3.7488818798E-11 -1.0775286175E-10
           HessRho_EigVals = -1.4962181292E+06 -1.4961932785E+06 -1.4961863883E+06
           HessRho_EigVec1 =  8.0593772731E-01 -5.5118925718E-01  2.1599718160E-01
           HessRho_EigVec2 = -1.3502164979E-01 -5.2638736171E-01 -8.3945547798E-01
           HessRho_EigVec3 =  5.7639702791E-01  6.4738454430E-01 -4.9865791684E-01
           DelSqRho = -4.4885977960E+06
           Bond Ellipticity = NA
           V = -1.1223052822E+06
           G =  7.7916606442E+01
           K =  1.1222273656E+06
           L =  1.1221494490E+06
           Vnuc =  1.5082424995E+06
           Ven = -4.5325758051E+08
           Vrep =  4.5213527522E+08
           DelSqV =  2.1871951319E+11
           DelSqVen =  6.7698939556E+12
           DelSqVrep = -6.5511744424E+12
           DelSqG =  5.5888077458E+09
           DelSqK = -2.2430832093E+11
           Stress_EigVals = -3.7410501354E+05 -3.7410260571E+05 -3.7409766297E+05
           Stress_EigVec1 =  5.7713713025E-01  6.4884137878E-01 -4.9590079458E-01
           Stress_EigVec2 =  1.2746804041E-01  5.2822404190E-01  8.3948273373E-01
           Stress_EigVec3 =  8.0663785651E-01 -5.4770815836E-01  2.2215116859E-01
           -DivStress =  4.8242188306E+04  2.0125982224E+05  3.2137814370E+05
           ESP =  -2.2278670185E+01     ESP at Nucleus =  -2.2278670383E+01
           ESPe = -3.7937229699E+01     ESPe at Nucleus = -3.7937223676E+01
           ESPn =  1.5658559515E+01     ESPn at Nucleus =  1.5658553293E+01

CP# 4      Coords = -6.63128419388466E+00 -3.47676217178765E+00 -3.93978395577705E-01
           Type = (3,-3) NACP O4
           Rho =  3.0056831322E+02     Rho at Nucleus =  3.0056829064E+02
           GradRho = -4.0847575322E-11  1.8330073570E-11 -2.6369524619E-11
           HessRho_EigVals = -1.4964731736E+06 -1.4964479401E+06 -1.4964423228E+06
           HessRho_EigVec1 =  2.7174112859E-01  9.4500990111E-01 -1.8196990365E-01
           HessRho_EigVec2 = -5.0934587930E-01  3.0165862358E-01  8.0595834264E-01
           HessRho_EigVec3 =  8.1653140434E-01 -1.2632640905E-01  5.6330995385E-01
           DelSqRho = -4.4893634366E+06
           Bond Ellipticity = NA
           V = -1.1224964783E+06
           G =  7.7809583959E+01
           K =  1.1224186687E+06
           L =  1.1223408592E+06
           Vnuc =  1.4561464153E+06
           Ven = -4.3767147184E+08
           Vrep =  4.3654897537E+08
           DelSqV =  2.1875678517E+11
           DelSqVen =  6.5371704648E+12
           DelSqVrep = -6.3184136796E+12
           DelSqG =  5.5898253955E+09
           DelSqK = -2.2434661056E+11
           Stress_EigVals = -3.7416858623E+05 -3.7416642881E+05 -3.7416146328E+05
           Stress_EigVec1 =  8.1376902320E-01 -1.2423964602E-01  5.6775389672E-01
           Stress_EigVec2 = -5.1567423903E-01  2.9622934459E-01  8.0394543012E-01
           Stress_EigVec3 =  2.6806726037E-01  9.4700194602E-01 -1.7699507947E-01
           -DivStress =  2.0570934652E+05 -1.2093523993E+05 -3.1602777322E+05
           ESP =  -2.2285118813E+01     ESP at Nucleus =  -2.2285119029E+01
           ESPe = -3.9010377119E+01     ESPe at Nucleus = -3.9010372082E+01
           ESPn =  1.6725258306E+01     ESPn at Nucleus =  1.6725253054E+01

CP# 5      Coords =  6.84002322018482E+00 -2.39751764722684E+00 -2.03370544864048E+00
           Type = (3,-3) NACP O5
           Rho =  3.0076853668E+02     Rho at Nucleus =  3.0076851281E+02
           GradRho =  6.5582793623E-10  1.4972893238E-10  9.9809115833E-11
           HessRho_EigVals = -1.4975289913E+06 -1.4975215415E+06 -1.4974993170E+06
           HessRho_EigVec1 =  5.8002113701E-01  6.1667143845E-01 -5.3225164877E-01
           HessRho_EigVec2 =  9.5762969916E-02  5.9724000789E-01  7.9632520151E-01
           HessRho_EigVec3 =  8.0895298640E-01 -5.1285544744E-01  2.8735754004E-01
           DelSqRho = -4.4925498497E+06
           Bond Ellipticity = NA
           V = -1.1232922705E+06
           G =  7.7404013732E+01
           K =  1.1232148664E+06
           L =  1.1231374624E+06
           Vnuc =  1.4169925783E+06
           Ven = -4.2618678427E+08
           Vrep =  4.2506349200E+08
           DelSqV =  2.1891193371E+11
           DelSqVen =  6.3659097784E+12
           DelSqVrep = -6.1469978447E+12
           DelSqG =  5.5940492986E+09
           DelSqK = -2.2450598300E+11
           Stress_EigVals = -3.7443522634E+05 -3.7442914713E+05 -3.7442789699E+05
           Stress_EigVec1 =  8.0839760157E-01 -5.1651247795E-01  2.8232636771E-01
           Stress_EigVec2 = -1.0679345209E-01 -6.0036110185E-01 -7.9256653095E-01
           Stress_EigVec3 =  5.7886827204E-01  6.1055827528E-01 -5.4049062537E-01
           -DivStress = -4.6895760849E+04 -2.2812278431E+05 -3.3404911107E+05
           ESP =  -2.2341205175E+01     ESP at Nucleus =  -2.2341205365E+01
           ESPe = -3.9224745114E+01     ESPe at Nucleus = -3.9224732283E+01
           ESPn =  1.6883539939E+01     ESPn at Nucleus =  1.6883526917E+01

CP# 6      Coords = -8.07331547965313E+00 -5.41478980508170E-01  2.27705567510253E+00
           Type = (3,-3) NACP O6
           Rho =  3.0074052167E+02     Rho at Nucleus =  3.0074049834E+02
           GradRho =  1.3125148449E-09  6.5429326670E-11 -3.3078140747E-10
           HessRho_EigVals = -1.4973857293E+06 -1.4973799522E+06 -1.4973581707E+06
           HessRho_EigVec1 =  8.0080063666E-01 -1.3994898042E-01  5.8235094505E-01
           HessRho_EigVec2 = -5.3903734839E-01  2.5541838655E-01  8.0262082259E-01
           HessRho_EigVec3 =  2.6106910458E-01  9.5664817498E-01 -1.2910147925E-01
           DelSqRho = -4.4921238522E+06
           Bond Ellipticity = NA
           V = -1.1231858421E+06
           G =  7.7439532942E+01
           K =  1.1231084026E+06
           L =  1.1230309630E+06
           Vnuc =  1.4331909123E+06
           Ven = -4.3101858262E+08
           Vrep =  4.2989539678E+08
           DelSqV =  2.1889121824E+11
           DelSqVen =  6.4380710769E+12
           DelSqVrep = -6.2191798586E+12
           DelSqG =  5.5935076595E+09
           DelSqK = -2.2448472590E+11
           Stress_EigVals = -3.7439953500E+05 -3.7439357978E+05 -3.7439272733E+05
           Stress_EigVec1 =  2.6178157817E-01  9.5627520281E-01 -1.3041526686E-01
           Stress_EigVec2 = -5.4106405521E-01  2.5730847804E-01  8.0065100717E-01
           Stress_EigVec3 =  7.9919965809E-01 -1.3903267107E-01  5.8476475859E-01
           -DivStress = -2.1422358704E+05  1.0749698744E+05  3.2345578380E+05
           ESP =  -2.2347409168E+01     ESP at Nucleus =  -2.2347409354E+01
           ESPe = -3.8784015077E+01     ESPe at Nucleus = -3.8784000710E+01
           ESPn =  1.6436605910E+01     ESPn at Nucleus =  1.6436591356E+01

CP# 7      Coords =  6.86438984449445E+00  3.37731052662422E+00  5.72373037446746E-01
           Type = (3,-3) NACP N7
           Rho =  1.9748253848E+02     Rho at Nucleus =  1.9748252578E+02
           GradRho =  1.2974548345E-10 -1.0473005449E-10 -2.8651636619E-11
           HessRho_EigVals = -7.3447320381E+05 -7.3447083350E+05 -7.3445658376E+05
           HessRho_EigVec1 =  4.3674155818E-01  8.4935337855E-01  2.9640453727E-01
           HessRho_EigVec2 =  8.4928243215E-01 -4.9793270745E-01  1.7544905043E-01
           HessRho_EigVec3 = -2.9660775749E-01 -1.7510527465E-01  9.3880880960E-01
           DelSqRho = -2.2034006211E+06
           Bond Ellipticity = NA
           V = -5.5090889489E+05
           G =  2.9369809003E+01
           K =  5.5087952508E+05
           L =  5.5085015527E+05
           Vnuc =  1.1900575008E+06
           Ven = -2.3501557620E+08
           Vrep =  2.3446466731E+08
           DelSqV =  7.8442326142E+10
           DelSqVen =  2.6221734400E+12
           DelSqVrep = -2.5437311128E+12
           DelSqG =  2.0492948694E+09
           DelSqK = -8.0491621012E+10
           Stress_EigVals = -1.8363839042E+05 -1.8363558675E+05 -1.8363491771E+05
           Stress_EigVec1 = -2.7711189562E-01 -1.5167205641E-01  9.4879111748E-01
           Stress_EigVec2 =  8.4640862548E-01 -5.0588920639E-01  1.6633865929E-01
           Stress_EigVec3 =  4.5475425894E-01  8.4915940680E-01  2.6856445375E-01
           -DivStress =  6.0593016699E+04  4.6318200167E+04 -1.3146036531E+05
           ESP =  -1.8374773107E+01     ESP at Nucleus =  -1.8374773277E+01
           ESPe = -3.5141524477E+01     ESPe at Nucleus = -3.5141518843E+01
           ESPn =  1.6766751371E+01     ESPn at Nucleus =  1.6766745566E+01

CP# 8      Coords = -7.33237392648511E+00  2.49584470955904E+00 -2.19732793780551E+00
           Type = (3,-3) NACP N8
           Rho =  1.9746356398E+02     Rho at Nucleus =  1.9746355179E+02
           GradRho = -2.7011726189E-12 -1.4907253210E-10 -1.0236766990E-10
           HessRho_EigVals = -7.3440174083E+05 -7.3439958867E+05 -7.3438517192E+05
           HessRho_EigVec1 = -5.0006158071E-01  8.2389925893E-01 -2.6669913129E-01
           HessRho_EigVec2 = -6.1035427627E-01 -1.1684143725E-01  7.8346393407E-01
           HessRho_EigVec3 =  6.1433384486E-01  5.5456116856E-01  5.6129834971E-01
           DelSqRho = -2.2031865014E+06
           Bond Ellipticity = NA
           V = -5.5085545565E+05
           G =  2.9415148788E+01
           K =  5.5082604050E+05
           L =  5.5079662536E+05
           Vnuc =  1.2149868792E+06
           Ven = -2.3991563935E+08
           Vrep =  2.3936478390E+08
           DelSqV =  7.8434724394E+10
           DelSqVen =  2.6768426937E+12
           DelSqVrep = -2.5984079693E+12
           DelSqG =  2.0490931810E+09
           DelSqK = -8.0483817575E+10
           Stress_EigVals = -1.8362058020E+05 -1.8361774252E+05 -1.8361713293E+05
           Stress_EigVec1 =  5.9597288010E-01  5.7636429610E-01  5.5912478425E-01
           Stress_EigVec2 = -6.0475767545E-01 -1.3592118079E-01  7.8472516628E-01
           Stress_EigVec3 = -5.2828446898E-01  8.0580992225E-01 -2.6755539435E-01
           -DivStress = -1.0549183926E+05 -6.1242664230E+04 -8.5309410964E+04
           ESP =  -1.8377267657E+01     ESP at Nucleus =  -1.8377267814E+01
           ESPe = -3.4909251547E+01     ESPe at Nucleus = -3.4909244103E+01
           ESPn =  1.6531983890E+01     ESPn at Nucleus =  1.6531976289E+01

CP# 9      Coords =  5.31509132840865E+00  1.09125951874743E+00  5.15565495510888E-01
           Type = (3,-3) NACP C9
           Rho =  1.2143652696E+02     Rho at Nucleus =  1.2143652637E+02
           GradRho = -3.5938065024E-11  3.0490141661E-11  1.1805695310E-11
           HessRho_EigVals = -3.2083744351E+05 -3.2083612563E+05 -3.2083544742E+05
           HessRho_EigVec1 =  4.2149642809E-01  9.0309872004E-01  8.2179455837E-02
           HessRho_EigVec2 =  8.9732329051E-01 -4.2844924956E-01  1.0602901898E-01
           HessRho_EigVec3 = -1.3096439751E-01 -2.9050686949E-02  9.9096134343E-01
           DelSqRho = -9.6250901656E+05
           Bond Ellipticity = NA
           V = -2.4064548338E+05
           G =  9.1146193069E+00
           K =  2.4063636876E+05
           L =  2.4062725414E+05
           Vnuc =  3.1510409110E+06
           Ven = -3.8265146453E+08
           Vrep =  3.8241081904E+08
           DelSqV =  2.3608006279E+10
           DelSqVen =  3.0329053512E+12
           DelSqVrep = -3.0092973367E+12
           DelSqG =  6.3588703864E+08
           DelSqK = -2.4243893318E+10
           Stress_EigVals = -8.0215396560E+04 -8.0215216354E+04 -8.0214870464E+04
           Stress_EigVec1 = -9.6980382417E-02 -4.9443686829E-02  9.9405740642E-01
           Stress_EigVec2 =  9.0140993864E-01 -4.2780388366E-01  6.6663030613E-02
           Stress_EigVec3 =  4.2196555304E-01  9.0251823192E-01  8.6057614947E-02
           -DivStress = -1.1805089108E+04 -6.6015425775E+03  6.0195554683E+03
           ESP =  -1.4701470640E+01     ESP at Nucleus =  -1.4701470652E+01
           ESPe = -3.6047185731E+01     ESPe at Nucleus = -3.6047186150E+01
           ESPn =  2.1345715091E+01     ESPn at Nucleus =  2.1345715498E+01

CP# 10     Coords = -5.43571452067189E+00  8.08096479279830E-01 -1.14114054084579E+00
           Type = (3,-3) NACP C10
           Rho =  1.2143837791E+02     Rho at Nucleus =  1.2143837724E+02
           GradRho = -4.7942771281E-11  5.0996706857E-13  1.3270138460E-11
           HessRho_EigVals = -3.2084407173E+05 -3.2084291649E+05 -3.2084181580E+05
           HessRho_EigVec1 =  6.4645721266E-01 -5.5440059560E-01  5.2414983717E-01
           HessRho_EigVec2 =  6.9641163084E-01  7.0937845071E-01 -1.0859582913E-01
           HessRho_EigVec3 = -3.1161500708E-01  4.3522659991E-01  8.4467383888E-01
           DelSqRho = -9.6252880401E+05
           Bond Ellipticity = NA
           V = -2.4065044537E+05
           G =  9.1221836571E+00
           K =  2.4064132319E+05
           L =  2.4063220100E+05
           Vnuc =  2.9482781734E+06
           Ven = -3.5803411899E+08
           Vrep =  3.5779346855E+08
           DelSqV =  2.3608495151E+10
           DelSqVen =  2.8378026721E+12
           DelSqVrep = -2.8141941770E+12
           DelSqG =  6.3590357965E+08
           DelSqK = -2.4244398731E+10
           Stress_EigVals = -8.0217110193E+04 -8.0216818014E+04 -8.0216517163E+04
           Stress_EigVec1 = -3.0793837188E-01  4.3656967767E-01  8.4532885652E-01
           Stress_EigVec2 =  6.8700091718E-01  7.1670021743E-01 -1.1987717941E-01
           Stress_EigVec3 =  6.5818211684E-01 -5.4382691629E-01  5.2062326705E-01
           -DivStress =  1.2445357553E+04 -8.5481057312E+03 -4.7322505548E+03
           ESP =  -1.4706601895E+01     ESP at Nucleus =  -1.4706601908E+01
           ESPe = -3.6046234958E+01     ESPe at Nucleus = -3.6046235242E+01
           ESPn =  2.1339633063E+01     ESPn at Nucleus =  2.1339633335E+01

CP# 11     Coords =  3.22116569639223E+00  1.37651483514472E+00 -1.42531789345993E+00
           Type = (3,-3) NACP C11
           Rho =  1.2150810372E+02     Rho at Nucleus =  1.2150810323E+02
           GradRho = -6.5716265762E-11  3.3395924914E-11 -2.0698623371E-11
           HessRho_EigVals = -3.2102716832E+05 -3.2102563203E+05 -3.2102493818E+05
           HessRho_EigVec1 =  6.8829877705E-01  7.2533434245E-01  1.1614007654E-02
           HessRho_EigVec2 =  5.2254162199E-01 -5.0683863926E-01  6.8561275297E-01
           HessRho_EigVec3 = -5.0318490319E-01  4.6583761700E-01  7.2787379936E-01
           DelSqRho = -9.6307773853E+05
           Bond Ellipticity = NA
           V = -2.4078766735E+05
           G =  9.1163604441E+00
           K =  2.4077855099E+05
           L =  2.4076943463E+05
           Vnuc =  3.4269093086E+06
           Ven = -4.1639725172E+08
           Vrep =  4.1615646405E+08
           DelSqV =  2.3621931116E+10
           DelSqVen =  3.3003801641E+12
           DelSqVrep = -3.2767582248E+12
           DelSqG =  6.3626644228E+08
           DelSqK = -2.4258197558E+10
           Stress_EigVals = -8.0262820513E+04 -8.0262645414E+04 -8.0262201427E+04
           Stress_EigVec1 = -5.0258008771E-01  4.9052269816E-01  7.1189938757E-01
           Stress_EigVec2 =  5.2192747239E-01 -4.8430526741E-01  7.0216815758E-01
           Stress_EigVec3 =  6.8920604248E-01  7.2445558218E-01 -1.2615088229E-02
           -DivStress =  7.0259656200E+03  1.0068663979E+04 -5.8834007262E+03
           ESP =  -1.4724990350E+01     ESP at Nucleus =  -1.4724990356E+01
           ESPe = -3.6298790582E+01     ESPe at Nucleus = -3.6298787746E+01
           ESPn =  2.1573800232E+01     ESPn at Nucleus =  2.1573797391E+01

CP# 12     Coords = -3.48519869110915E+00  2.13688780032280E+00  5.26626672198418E-01
           Type = (3,-3) NACP C12
           Rho =  1.2153988298E+02     Rho at Nucleus =  1.2153988255E+02
           GradRho = -4.6393722197E-11  7.0294058768E-11  1.5316706237E-11
           HessRho_EigVals = -3.2111438368E+05 -3.2111283972E+05 -3.2111235840E+05
           HessRho_EigVec1 =  6.8351404068E-01 -6.0124179673E-01  4.1390440691E-01
           HessRho_EigVec2 =  4.4046206910E-01  7.9189993908E-01  4.2295112267E-01
           HessRho_EigVec3 = -5.8206676754E-01 -1.0678383939E-01  8.0609893299E-01
           DelSqRho = -9.6333958181E+05
           Bond Ellipticity = NA
           V = -2.4085303253E+05
           G =  9.0685383188E+00
           K =  2.4084396399E+05
           L =  2.4083489545E+05
           Vnuc =  3.6615087046E+06
           Ven = -4.4501933949E+08
           Vrep =  4.4477848645E+08
           DelSqV =  2.3628344039E+10
           DelSqVen =  3.5272763310E+12
           DelSqVrep = -3.5036479870E+12
           DelSqG =  6.3644673652E+08
           DelSqK = -2.4264790775E+10
           Stress_EigVals = -8.0284580367E+04 -8.0284453838E+04 -8.0283998323E+04
           Stress_EigVec1 = -5.8446234601E-01 -1.4540417920E-01  7.9828653425E-01
           Stress_EigVec2 =  4.2312630709E-01  7.8484695901E-01  4.5274648446E-01
           Stress_EigVec3 =  6.9236398978E-01 -6.0238930569E-01  3.9718916154E-01
           -DivStress = -8.2360217560E+03  8.9412035238E+03 -3.8287860867E+03
           ESP =  -1.4723515988E+01     ESP at Nucleus =  -1.4723515994E+01
           ESPe = -3.6142580354E+01     ESPe at Nucleus = -3.6142578011E+01
           ESPn =  2.1419064367E+01     ESPn at Nucleus =  2.1419062017E+01

CP# 13     Coords =  7.03184879316999E+00 -1.09455351644007E+00 -1.98110300892841E-01
           Type = (3,-3) NACP C13
           Rho =  1.2169065381E+02     Rho at Nucleus =  1.2169065234E+02
           GradRho =  1.1256281497E-11 -8.9235775887E-12  3.1335502769E-12
           HessRho_EigVals = -3.2157835959E+05 -3.2157640176E+05 -3.2157381576E+05
           HessRho_EigVec1 =  5.9712616886E-01  6.1610919453E-01 -5.1366311808E-01
           HessRho_EigVec2 =  7.3357300053E-01 -1.6036545004E-01  6.6041924209E-01
           HessRho_EigVec3 = -3.2451655020E-01  7.7116300666E-01  5.4771947729E-01
           DelSqRho = -9.6472857711E+05
           Bond Ellipticity = NA
           V = -2.4119976660E+05
           G =  8.8111596883E+00
           K =  2.4119095544E+05
           L =  2.4118214428E+05
           Vnuc =  1.9883837281E+06
           Ven = -2.4196771589E+08
           Vrep =  2.4172651613E+08
           DelSqV =  2.3662464907E+10
           DelSqVen =  1.9182506209E+12
           DelSqVrep = -1.8945881560E+12
           DelSqG =  6.3749262673E+08
           DelSqK = -2.4299957534E+10
           Stress_EigVals = -8.0400707233E+04 -8.0399859570E+04 -8.0399199793E+04
           Stress_EigVec1 = -2.6337301010E-01  7.5336544943E-01  6.0255718165E-01
           Stress_EigVec2 =  7.6072717091E-01 -2.2191093995E-01  6.0995877415E-01
           Stress_EigVec3 =  5.9323589657E-01  6.1902829849E-01 -5.1466021478E-01
           -DivStress = -1.8102978804E+04  8.6971864150E+03 -1.2229501866E+04
           ESP =  -1.4628536016E+01     ESP at Nucleus =  -1.4628536071E+01
           ESPe = -3.5387251173E+01     ESPe at Nucleus = -3.5387253531E+01
           ESPn =  2.0758715157E+01     ESPn at Nucleus =  2.0758717460E+01

CP# 14     Coords = -6.85604602466192E+00 -1.11056679664907E+00  4.50333095225588E-01
           Type = (3,-3) NACP C14
           Rho =  1.2168580717E+02     Rho at Nucleus =  1.2168580580E+02
           GradRho = -7.7541532223E-11 -1.4274633559E-11 -3.3155457546E-12
           HessRho_EigVals = -3.2156751733E+05 -3.2156539032E+05 -3.2156298475E+05
           HessRho_EigVec1 =  8.0917561163E-01 -1.1845634871E-01  5.7550232232E-01
           HessRho_EigVec2 = -8.2195961654E-02  9.4701447120E-01  3.1049543512E-01
           HessRho_EigVec3 = -5.8178918298E-01 -2.9854930044E-01  7.5656438045E-01
           DelSqRho = -9.6469589239E+05
           Bond Ellipticity = NA
           V = -2.4119161122E+05
           G =  8.8190597144E+00
           K =  2.4118279216E+05
           L =  2.4117397310E+05
           Vnuc =  2.0525528375E+06
           Ven = -2.4976654879E+08
           Vrep =  2.4952535718E+08
           DelSqV =  2.3661670057E+10
           DelSqVen =  1.9800892662E+12
           DelSqVrep = -1.9564275961E+12
           DelSqG =  6.3747474337E+08
           DelSqK = -2.4299144801E+10
           Stress_EigVals = -8.0397956299E+04 -8.0397189718E+04 -8.0396465200E+04
           Stress_EigVec1 = -5.8729382898E-01 -2.1456850696E-01  7.8041419404E-01
           Stress_EigVec2 = -2.8847889152E-02  9.6915636605E-01  2.4475240027E-01
           Stress_EigVec3 =  8.0885954141E-01 -1.2122827215E-01  5.7536940161E-01
           -DivStress =  1.7487333444E+03  2.2648230144E+04  1.6772621926E+03
           ESP =  -1.4633676606E+01     ESP at Nucleus =  -1.4633676656E+01
           ESPe = -3.5720590027E+01     ESPe at Nucleus = -3.5720591255E+01
           ESPn =  2.1086913421E+01     ESPn at Nucleus =  2.1086914599E+01

CP# 15     Coords =  4.48727270313864E+00  6.28364600742218E-01  2.33311417714450E+00
           Type = (3,-3) NACP H15
           Rho =  4.4299156220E-01     Rho at Nucleus =  4.4000844916E-01
           GradRho = -1.7240982947E-15 -1.6870185804E-16  1.4022528798E-15
           HessRho_EigVals = -9.1803998999E+00 -9.1752102638E+00 -8.4923619370E+00
           HessRho_EigVec1 =  6.4271734464E-01  6.1685371002E-01  4.5431917781E-01
           HessRho_EigVec2 = -6.4877784814E-01  7.5363765395E-01 -1.0543998443E-01
           HessRho_EigVec3 = -4.0743308489E-01 -2.2698411173E-01  8.8457701437E-01
           DelSqRho = -2.6847972101E+01
           Bond Ellipticity = NA
           V = -6.7273428629E+00
