AIMSum (Version 17.01.25, Professional)
Copyright (c) 1997-2017 by Todd A. Keith
AIMSum is a component of the AIMAll package ( http://aim.tkgristmill.com )

TP:  64-bit Linux

Licensed To:  Research Group of Fernando Cortes Guzman, UNAM, fercor@unam.mx

Much of the Quantum Theory of Atoms in Molecules (QTAIM) is described in the book:
  "Atoms in Molecules - A Quantum Theory"
  R.F.W. Bader, Oxford University Press, Oxford, 1990

For additional references see:  http://aim.tkgristmill.com/references.html

Wfn File:  /home/alejandro/wd/hf_portion/aimqb_part/phenylalanine_09000.wfn
Sum File:  /home/alejandro/wd/hf_portion/aimqb_part/phenylalanine_09000.sum

SumViz File:  /home/alejandro/wd/hf_portion/aimqb_part/phenylalanine_09000.sumviz

Wfn Title:   opt phenylalanine M062X def2TZVP                                              
 
Total memory allocated for AIMSum =        1.247 Megabytes

Atomic units (a.u.) used throughout, except where stated otherwise

Model:  Restricted SCF
 
Restricted, closed-shell, single-determinant wavefunction.
  Number of electrons (from MO Occs)                   =          88.0000000000
  Number of Alpha electrons (from MO Occs)             =          44.0000000000
  Number of Beta electrons (from MO Occs)              =          44.0000000000
  Number of electron pairs (N*(N-1)/2)                 =        3828.0000000000
  Number of electron pairs (from Muller 2EDM)          =        3828.0000000000
 
Nuclear Charges and Cartesian Coordinates:
-------------------------------------------------------------------------------
Atom      Charge                X                  Y                  Z
-------------------------------------------------------------------------------
O1         8.0          -2.0814684200E+00  -2.4464008300E+00  -2.6970048500E+00
O2         8.0          -4.1844355900E+00  -2.8591688900E+00   9.3944543000E-01
N3         7.0          -5.8065401000E+00   2.1265636400E+00   3.9663370000E-02
C4         6.0          -1.2691363900E+00   2.1136365200E+00   1.4785139000E+00
C5         6.0          -3.2438828500E+00   1.3219107200E+00  -5.2270423000E-01
C6         6.0           1.3478352300E+00   1.1678598700E+00   8.9881682000E-01
C7         6.0           2.2269212900E+00  -1.0744283000E+00   1.9583677300E+00
C8         6.0           2.8938686000E+00   2.4557440900E+00  -7.9655667000E-01
C9         6.0          -3.2624828800E+00  -1.5378508700E+00  -6.5796494000E-01
C10        6.0           4.5987250700E+00  -2.0077193600E+00   1.3396529800E+00
C11        6.0           5.2649171900E+00   1.5294060000E+00  -1.4197356100E+00
C12        6.0           6.1236716600E+00  -7.0818098000E-01  -3.5226064000E-01
H13        1.0          -1.9091495800E+00   1.3899141700E+00   3.3027894500E+00
H14        1.0          -1.2835427000E+00   4.1761198700E+00   1.5743224600E+00
H15        1.0          -2.6775924300E+00   2.0543680300E+00  -2.3645274900E+00
H16        1.0           1.0335554100E+00  -2.0953115600E+00   3.2748877400E+00
H17        1.0           2.2323741900E+00   4.2071354200E+00  -1.6303369300E+00
H18        1.0          -5.8495847000E+00   3.9954458800E+00   4.4919575000E-01
H19        1.0          -6.4531859800E+00   1.1644518900E+00   1.5675647600E+00
H20        1.0           5.2589289100E+00  -3.7488886900E+00   2.1863599600E+00
H21        1.0           6.4465451900E+00   2.5567784400E+00  -2.7358204000E+00
H22        1.0           7.9755701500E+00  -1.4308267300E+00  -8.3208744000E-01
H23        1.0          -2.0835272100E+00  -4.2728405700E+00  -2.5662921400E+00
 
Some Atomic Properties:
----------------------
  q(A) = Net Charge of Atom A
  L(A) = Lagrangian of Atom A = -(1/4) Times Atomic Integral of the Laplacian of the Electron Density
  K(A) = Electronic Kinetic Energy of Atom A (Hamiltonian Form)
  K_Scaled(A) = K(A) * E(Mol)/K(Mol) = Approximation to Virial-Based Total Energy of Atom A.
  |Mu_Intra(A)| = Magnitude of Intraatomic Dipole Moment of Atom A
--------------------------------------------------------------------------------------------------
Atom A          q(A)              L(A)              K(A)          K_Scaled(A)      |Mu_Intra(A)|
--------------------------------------------------------------------------------------------------
O1       -1.2814332370E+00 -6.4558944026E-05  7.6166872635E+01 -7.6639736383E+01  3.9365513633E-01
O2       -1.3837826364E+00  4.5332258395E-05  7.6281633743E+01 -7.6755209959E+01  6.7779797650E-01
N3       -1.0776920039E+00 -1.7186658624E-04  5.5315235870E+01 -5.5658647236E+01  1.8456911779E-01
C4        1.8413378740E-01 -2.4989998342E-04  3.8085154231E+01 -3.8321596771E+01  2.8580613736E-02
C5        5.6989780190E-01  4.9964338147E-04  3.7877887417E+01 -3.8113043190E+01  4.5996924118E-01
C6       -3.6760414600E-02  5.8610105223E-04  3.8258523791E+01 -3.8496042654E+01  6.2857695248E-02
C7        1.5742730100E-02 -9.6900041306E-05  3.8194134115E+01 -3.8431253230E+01  5.7754862081E-02
C8        1.6601028800E-02 -1.9547577898E-05  3.8191006369E+01 -3.8428106066E+01  3.5790737116E-02
C9        1.8368747250E+00  2.2958892817E-04  3.7001395734E+01 -3.7231110019E+01  9.7078113608E-01
C10       2.2084092600E-02  1.1601095438E-04  3.8183886067E+01 -3.8420941559E+01  4.4735659597E-02
C11       2.4872493000E-02 -1.0705977441E-05  3.8182498618E+01 -3.8419545497E+01  4.6246086100E-02
C12       2.5238713000E-02  8.7104144980E-05  3.8179619189E+01 -3.8416648192E+01  5.2240466895E-02
H13      -4.4471707800E-02  3.2929026193E-05  6.7076833891E-01 -6.7493264316E-01  1.0872130886E-01
H14      -6.3309962800E-02  3.1312271803E-05  6.7740739679E-01 -6.8161291804E-01  1.1056773375E-01
H15      -2.5523629100E-02  4.5361943090E-05  6.7151644435E-01 -6.7568539303E-01  1.0440900438E-01
H16      -1.2695988400E-02  1.9982277751E-05  6.5010242995E-01 -6.5413843487E-01  1.0451704580E-01
H17      -3.2381546800E-02  2.6457497051E-05  6.5749435649E-01 -6.6157625240E-01  1.0858949302E-01
H18       3.3462520270E-01  3.7702415266E-05  5.0782052717E-01 -5.1097320903E-01  1.7871608065E-01
H19       3.6383477997E-01  3.8064175812E-05  4.9346251635E-01 -4.9652605995E-01  1.6905743619E-01
H20      -1.9823535400E-02  2.3471386082E-05  6.5202923388E-01 -6.5607720090E-01  1.0906722131E-01
H21      -2.0041126600E-02  2.5836166463E-05  6.5223020760E-01 -6.5627942231E-01  1.0899430807E-01
H22      -2.0710097100E-02  2.4302822473E-05  6.5228732337E-01 -6.5633689266E-01  1.0923100195E-01
H23       6.2577208044E-01  2.9294002331E-05  3.4443188082E-01 -3.4657020349E-01  1.4156369279E-01
--------------------------------------------------------------------------------------------------
Total     1.0515490100E-03  1.2850155936E-03  5.5654739843E+02 -5.6000258939E+02
 
Molecular charge q(Mol) from the wfn file:   0.0000000000E+00
Molecular energy E(Mol) from the wfn file:  -5.6000233950E+02
Molecular virial ratio (-V(Mol)/T(Mol)) from the wfn file:   2.0062082600E+00
Note.  K_Scaled(A) = (1+V(Mol)/T(Mol))*K(A) = (E(Mol)/T(Mol))*K(A)
       Only use K_Scaled(A) data with caution.
 
N_AIMInt(SumA)     =         87.998948
N_Analytic(Mol)    =         87.999990
 
G_AIMInt(SumA)     =        556.546113
G_Analytic(Mol)    =        556.547123
 
K_AIMInt(SumA)     =        556.547398
K_Analytic(Mol)    =        556.547123
 
L_AIMInt(SumA)     =          0.001285
L_Analytic(Mol)    =          0.000000
 
VenT_AIMInt(SumA)  =      -2682.566821
VenT_Analytic(Mol) =      -2682.584295
 
Some Information About the Atomic Calculations:
----------------------------------------------
  Time(sec) = "Elapsed User Time", in Seconds, for Atom A by AIMInt and, if used, by TWOe
  NProc = Number of Processors Used for AIMInt Job
  BIM = Basin Integration Method
  OAQ = Angular Quadrature Outside of Beta Sphere
  ORQ = Multiple of Default for Radial Quadrature Outside of Beta Sphere
  IAQ = Multiple of Default for Angular Quadrature Inside of Beta Sphere
  IRQ = Multiple of Default for Radial Quadrature Inside of Beta Sphere
  MIR = Maximum Integration Radius
------------------------------------------------------------------------------------------------------
Atom A     Time(sec)   NProc      BIM              OAQ                 ORQ      IAQ      IRQ      MIR
------------------------------------------------------------------------------------------------------
O1             48       32     Proaim(5)    4334      (Very High)      1.00     1.00     1.00    13.00
O2             38       32     Proaim(5)    3074      (Very High)      1.00     1.00     1.00    13.00
N3             57       32     Proaim(5)    4334      (Very High)      1.00     1.00     1.00    13.00
C4            124       32     Proaim(5)    4334      (Very High)      1.00     1.00     1.00    13.00
C5            128       32     Proaim(5)    4334      (Very High)      1.00     1.00     1.00    13.00
C6             99       32     Proaim(5)    4334      (Very High)      1.00     1.00     1.00    13.00
C7             73       32     Proaim(5)    4334      (Very High)      1.00     1.00     1.00    13.00
C8             56       32     Proaim(5)    4334      (Very High)      1.00     1.00     1.00    13.00
C9            119       32     Proaim(5)    4334      (Very High)      1.00     1.00     1.00    13.00
C10            53       32     Proaim(5)    4334      (Very High)      1.00     1.00     1.00    13.00
C11            49       32     Proaim(5)    4334      (Very High)      1.00     1.00     1.00    13.00
C12            48       32     Proaim(5)    4334      (Very High)      1.00     1.00     1.00    13.00
H13            21       32     Proaim(5)    2030      (Very High)      1.00     1.00     1.00    13.00
H14            19       32     Proaim(5)    2030      (Very High)      1.00     1.00     1.00    13.00
H15            15       32     Proaim(5)    2030      (Very High)      1.00     1.00     1.00    13.00
H16            18       32     Proaim(5)    2030      (Very High)      1.00     1.00     1.00    13.00
H17            14       32     Proaim(5)    2030      (Very High)      1.00     1.00     1.00    13.00
H18            13       32     Proaim(5)    2030      (Very High)      1.00     1.00     1.00    13.00
H19            15       32     Proaim(5)    2030      (Very High)      1.00     1.00     1.00    13.00
H20            15       32     Proaim(5)    2030      (Very High)      1.00     1.00     1.00    13.00
H21            14       32     Proaim(5)    2030      (Very High)      1.00     1.00     1.00    13.00
H22            13       32     Proaim(5)    2030      (Very High)      1.00     1.00     1.00    13.00
H23            10       32     Proaim(5)    2030      (Very High)      1.00     1.00     1.00    13.00
------------------------------------------------------------------------------------------------------
Total        1059
Note:  Total wall clock time is less than total of atomic times if more than one atom
       was calculated at a time
 
Electron Density Critical Point Analysis of Molecular Structure:               
---------------------------------------------------------------                
  NACP = Nuclear Attractor Critical Point                                      
  NNACP = Non-Nuclear Attractor Critical Point                                 
  BCP = Bond Critical Point                                                    
  RCP = Ring Critical Point                                                    
  CCP = Cage Critical Point                                                    
  Rho = Electron Density                                                       
  GradRho = Gradient of Electron Density                                       
  HessRho_EigVals = Eigenvalues of the Hessian of Rho, Ascending Order         
  HessRho_EigVecs = Eigenvectors of the Hessian of Rho                         
  DelSqRho = Laplacian of Rho = Trace of Hessian of Rho                        
  Bond Ellipticity = (HessRho_EigVal(1) / HessRho_EigVal(2)) - 1               
  V = Virial Field = Potential Energy Density = Trace of Stress Tensor         
  G = Lagrangian Form of Kinetic Energy Density                                
  K = Hamiltonian Form of Kinetic Energy Density                               
  L = K - G = Lagrangian Density = (-1/4)DelSqRho                              
  Vnuc = Electrostatic Potential from Nuclei                                   
  Ven = Electron-nuclear attractive contribution to Virial Field V             
  Vrep = V - Ven = Repulsive contribution to Virial Field V                    
  DelSqV = Laplacian of V                                                      
  DelSqVen = Laplacian of Ven                                                  
  DelSqVrep = Laplacian of Vrep                                                
  DelSqG = Laplacian of G                                                      
  DelSqK = Laplacian of K                                                      
  Stress_EigVals = Eigenvalues of Stress Tensor, Ascending Order               
  Stress_EigVecs = Eigenvectors of Stress Tensor                               
  -DivStress = Ehrenfest Force Density = Minus Divergence of Stress Tensor     
  ESP = Total Electrostatic Potential                                          
  ESPe = Electrostatic Potential from Electrons                                
  ESPn = Electrostatic Potential from Nuclei                                   
  BP = Bond Path                                                               
  BPL = Bond Path Length                                                       
  GBL = Geometric Bond Length                                                  
  GBL_I = Distance Between Nuclear Attractors                                  
  GBL_II = Distance Between Nuclei                                             
  GBL_III = Sum of Distances Between BCP and Nuclear Attractors                
  GBL_IV = Sum of Distances Between BCP and Nuclei                             

CP# 1      Coords = -2.08147090003906E+00 -2.44640409299342E+00 -2.69700032561815E+00
           Type = (3,-3) NACP O1
           Rho =  3.0455147667E+02     Rho at Nucleus =  3.0455144835E+02
           GradRho =  2.9817179975E-10 -2.5883387794E-10  2.4361612727E-10
           HessRho_EigVals = -1.5201141907E+06 -1.5200865302E+06 -1.5200762051E+06
           HessRho_EigVec1 = -2.9202077079E-01  8.3820855046E-01  4.6057604731E-01
           HessRho_EigVec2 = -3.7387666537E-01 -5.4329361764E-01  7.5169693635E-01
           HessRho_EigVec3 =  8.8030682635E-01  4.7312482038E-02  4.7203963872E-01
           DelSqRho = -4.5602769260E+06
           Bond Ellipticity = NA
           V = -1.1402173615E+06
           G =  7.4065025027E+01
           K =  1.1401432965E+06
           L =  1.1400692315E+06
           Vnuc =  1.3104732908E+06
           Ven = -3.9910657584E+08
           Vrep =  3.9796635848E+08
           DelSqV =  2.2222245288E+11
           DelSqVen =  5.9761211095E+12
           DelSqVrep = -5.7538986566E+12
           DelSqG =  5.6920564910E+09
           DelSqK = -2.2791450937E+11
           Stress_EigVals = -3.8007659413E+05 -3.8007306810E+05 -3.8006769931E+05
           Stress_EigVec1 =  8.7657026726E-01  4.2163496705E-02  4.7942341005E-01
           Stress_EigVec2 = -3.7997208674E-01 -5.5074341182E-01  7.4317084687E-01
           Stress_EigVec3 = -2.9537396611E-01  8.3360898141E-01  4.6674434786E-01
           -DivStress =  1.8155518935E+05  2.3889285114E+05 -3.3122203834E+05
           ESP =  -2.2387439034E+01     ESP at Nucleus =  -2.2387439347E+01
           ESPe = -3.6806807118E+01     ESPe at Nucleus = -3.6806800998E+01
           ESPn =  1.4419368084E+01     ESPn at Nucleus =  1.4419361651E+01

CP# 2      Coords = -4.18443306959365E+00 -2.85916548118337E+00  9.39441108172574E-01
           Type = (3,-3) NACP O2
           Rho =  3.0479157039E+02     Rho at Nucleus =  3.0479154251E+02
           GradRho = -2.4677830005E-10 -1.6863619182E-10  7.4301183695E-11
           HessRho_EigVals = -1.5213892971E+06 -1.5213847636E+06 -1.5213571939E+06
           HessRho_EigVec1 =  8.5424247850E-01 -2.5839543990E-02  5.1923222733E-01
           HessRho_EigVec2 = -4.3677096764E-01 -5.7736078829E-01  6.8984465061E-01
           HessRho_EigVec3 = -2.8195905688E-01  8.1608016647E-01  5.0449207341E-01
           DelSqRho = -4.5641312547E+06
           Bond Ellipticity = NA
           V = -1.1411799937E+06
           G =  7.3590004683E+01
           K =  1.1411064037E+06
           L =  1.1410328137E+06
           Vnuc =  1.3214588466E+06
           Ven = -4.0276951705E+08
           Vrep =  4.0162833705E+08
           DelSqV =  2.2241018548E+11
           DelSqVen =  6.0313116119E+12
           DelSqVrep = -5.8089014264E+12
           DelSqG =  5.6972039727E+09
           DelSqK = -2.2810738945E+11
           Stress_EigVals = -3.8039853306E+05 -3.8039096387E+05 -3.8039049675E+05
           Stress_EigVec1 = -2.8114168003E-01  8.1727402187E-01  5.0301344807E-01
           Stress_EigVec2 = -4.6679731338E-01 -5.7442916193E-01  6.7240717288E-01
           Stress_EigVec3 =  8.3848650793E-01 -4.5763643906E-02  5.4299729734E-01
           -DivStress = -1.8467222429E+05 -2.4976478335E+05  3.1666058072E+05
           ESP =  -2.2459862827E+01     ESP at Nucleus =  -2.2459863103E+01
           ESPe = -3.6524723762E+01     ESPe at Nucleus = -3.6524709047E+01
           ESPn =  1.4064860935E+01     ESPn at Nucleus =  1.4064845944E+01

CP# 3      Coords = -5.80653600505125E+00  2.12656482307113E+00  3.96680912118934E-02
           Type = (3,-3) NACP N3
           Rho =  2.0050617907E+02     Rho at Nucleus =  2.0050616394E+02
           GradRho =  1.9833176768E-11  1.5932135472E-10  4.2123249333E-13
           HessRho_EigVals = -7.4780417043E+05 -7.4780222987E+05 -7.4778548612E+05
           HessRho_EigVec1 = -7.7615820408E-01  4.5242214195E-01  4.3919545503E-01
           HessRho_EigVec2 =  2.8133147260E-01  8.7184437052E-01 -4.0092392809E-01
           HessRho_EigVec3 =  5.6429694733E-01  1.8762089187E-01  8.0396974829E-01
           DelSqRho = -2.2433918864E+06
           Bond Ellipticity = NA
           V = -5.6090247418E+05
           G =  2.7251289171E+01
           K =  5.6087522290E+05
           L =  5.6084797161E+05
           Vnuc =  1.1005267786E+06
           Ven = -2.2066241933E+08
           Vrep =  2.2010151686E+08
           DelSqV =  7.9870160309E+10
           DelSqVen =  2.4689128438E+12
           DelSqVrep = -2.3890426840E+12
           DelSqG =  2.0922018178E+09
           DelSqK = -8.1962362127E+10
           Stress_EigVals = -1.8696989701E+05 -1.8696655952E+05 -1.8696601765E+05
           Stress_EigVec1 =  5.4675525890E-01  1.8839977732E-01  8.1582118799E-01
           Stress_EigVec2 =  2.6791761597E-01  8.8376261451E-01 -3.8364539910E-01
           Stress_EigVec3 = -7.9327097383E-01  4.2833300726E-01  4.3272623791E-01
           -DivStress = -1.0771136041E+05 -3.1124465322E+04 -1.2419620385E+05
           ESP =  -1.8461766706E+01     ESP at Nucleus =  -1.8461766967E+01
           ESPe = -3.1991979521E+01     ESPe at Nucleus = -3.1991972753E+01
           ESPn =  1.3530212815E+01     ESPn at Nucleus =  1.3530205786E+01

CP# 4      Coords = -1.26913614497566E+00  2.11363639883839E+00  1.47851349479563E+00
           Type = (3,-3) NACP C4
           Rho =  1.2362173628E+02     Rho at Nucleus =  1.2362173624E+02
           GradRho =  1.3086553716E-10 -4.0134798263E-11 -2.4183077763E-10
           HessRho_EigVals = -3.2760611670E+05 -3.2760588858E+05 -3.2760535341E+05
           HessRho_EigVec1 =  5.8898058155E-01  3.8541490803E-01  7.1032191521E-01
           HessRho_EigVec2 = -7.7377920409E-01  5.2254351124E-01  3.5806985656E-01
           HessRho_EigVec3 =  2.3316864685E-01  7.6052851855E-01 -6.0599402191E-01
           DelSqRho = -9.8281735868E+05
           Bond Ellipticity = NA
           V = -2.4572086412E+05
           G =  8.2622237955E+00
           K =  2.4571260189E+05
           L =  2.4570433967E+05
           Vnuc =  1.2275433220E+07
           Ven = -1.5175103683E+09
           Vrep =  1.5172646474E+09
           DelSqV =  2.4107502272E+10
           DelSqVen =  1.2064501268E+13
           DelSqVrep = -1.2040392718E+13
           DelSqG =  6.5124761103E+08
           DelSqK = -2.4758749883E+10
           Stress_EigVals = -8.1907069762E+04 -8.1906939889E+04 -8.1906854468E+04
           Stress_EigVec1 =  2.4227370272E-01  7.6572109804E-01 -5.9579749327E-01
           Stress_EigVec2 = -7.8647704680E-01  5.1459011818E-01  3.4154189367E-01
           Stress_EigVec3 =  5.6811733632E-01  3.8583443378E-01  7.2689372117E-01
           -DivStress = -1.9439641654E+03  9.6195903068E+02  3.2168248699E+03
           ESP =  -1.4798834009E+01     ESP at Nucleus =  -1.4798834011E+01
           ESPe = -3.1764882111E+01     ESPe at Nucleus = -3.1764881481E+01
           ESPn =  1.6966048102E+01     ESPn at Nucleus =  1.6966047470E+01

CP# 5      Coords = -3.24388438808392E+00  1.32191012212176E+00 -5.22703526296343E-01
           Type = (3,-3) NACP C5
           Rho =  1.2361563761E+02     Rho at Nucleus =  1.2361563708E+02
           GradRho = -7.9237727491E-12 -6.7380823143E-12 -3.3227864904E-12
           HessRho_EigVals = -3.2759062657E+05 -3.2758958152E+05 -3.2758875116E+05
           HessRho_EigVec1 =  8.3401471807E-01 -5.3845467064E-01 -1.2035787346E-01
           HessRho_EigVec2 =  5.5171245121E-01  8.1162032966E-01  1.9205679279E-01
           HessRho_EigVec3 = -5.7289801692E-03 -2.2658112928E-01  9.7397544663E-01
           DelSqRho = -9.8276895925E+05
           Bond Ellipticity = NA
           V = -2.4570843313E+05
           G =  8.0966609567E+00
           K =  2.4570033647E+05
           L =  2.4569223981E+05
           Vnuc =  3.3445390714E+06
           Ven = -4.1343732981E+08
           Vrep =  4.1319162138E+08
           DelSqV =  2.4106299718E+10
           DelSqVen =  3.2869091820E+12
           DelSqVrep = -3.2628028577E+12
           DelSqG =  6.5121406987E+08
           DelSqK = -2.4757513788E+10
           Stress_EigVals = -8.1903048999E+04 -8.1902812780E+04 -8.1902571355E+04
           Stress_EigVec1 = -3.1009145370E-02 -2.4809011126E-01  9.6824053292E-01
           Stress_EigVec2 =  5.5820506647E-01  7.9926507908E-01  2.2267114123E-01
           Stress_EigVec3 =  8.2912335431E-01 -5.4738161283E-01 -1.1370063002E-01
           -DivStress =  1.2205716103E+04  4.7449037165E+03 -5.5860228915E+03
           ESP =  -1.4759448831E+01     ESP at Nucleus =  -1.4759448849E+01
           ESPe = -3.2410682065E+01     ESPe at Nucleus = -3.2410681773E+01
           ESPn =  1.7651233234E+01     ESPn at Nucleus =  1.7651232924E+01

CP# 6      Coords =  1.34783438122984E+00  1.16786020958107E+00  8.98817005625210E-01
           Type = (3,-3) NACP C6
           Rho =  1.2376549525E+02     Rho at Nucleus =  1.2376549511E+02
           GradRho = -1.9800573334E-09  7.9559082759E-10  4.5058180971E-10
           HessRho_EigVals = -3.2800508548E+05 -3.2800269741E+05 -3.2800200746E+05
           HessRho_EigVec1 =  3.8404300472E-01  5.2289739575E-01  7.6097916138E-01
           HessRho_EigVec2 = -9.1340353414E-01  3.3559789123E-01  2.3036501303E-01
           HessRho_EigVec3 = -1.3492573644E-01 -7.8355112719E-01  6.0650035179E-01
           DelSqRho = -9.8400979035E+05
           Bond Ellipticity = NA
           V = -2.4601900608E+05
           G =  8.2792442701E+00
           K =  2.4601072683E+05
           L =  2.4600244759E+05
           Vnuc =  6.4320176998E+06
           Ven = -7.9606185611E+08
           Vrep =  7.9581583710E+08
           DelSqV =  2.4136734731E+10
           DelSqVen =  6.3291682980E+12
           DelSqVrep = -6.3050314322E+12
           DelSqG =  6.5207325057E+08
           DelSqK = -2.4788807982E+10
           Stress_EigVals = -8.2006802490E+04 -8.2006569894E+04 -8.2005633692E+04
           Stress_EigVec1 =  1.3504110789E-01  7.8396921988E-01 -6.0593412304E-01
           Stress_EigVec2 = -9.1580438734E-01  3.3220161087E-01  2.2570869248E-01
           Stress_EigVec3 =  3.7824095932E-01  5.2443717643E-01  7.6282332468E-01
           -DivStress =  6.7419095384E+03 -2.6978625199E+03 -1.4749177692E+03
           ESP =  -1.4807053243E+01     ESP at Nucleus =  -1.4807053248E+01
           ESPe = -3.3021513140E+01     ESPe at Nucleus = -3.3021513328E+01
           ESPn =  1.8214459897E+01     ESPn at Nucleus =  1.8214460080E+01

CP# 7      Coords =  2.22692093940481E+00 -1.07442860697223E+00  1.95836812917682E+00
           Type = (3,-3) NACP C7
           Rho =  1.2377212504E+02     Rho at Nucleus =  1.2377212498E+02
           GradRho = -3.1763209641E-10 -2.8122939654E-10  4.0427655841E-10
           HessRho_EigVals = -3.2802276334E+05 -3.2802031290E+05 -3.2801985026E+05
           HessRho_EigVec1 =  3.9774482759E-01  5.2570145639E-01  7.5195547134E-01
           HessRho_EigVec2 =  4.8629167951E-01  5.7419560316E-01 -6.5864999184E-01
           HessRho_EigVec3 =  7.7802278538E-01 -6.2764431652E-01  2.7260912963E-02
           DelSqRho = -9.8406292650E+05
           Bond Ellipticity = NA
           V = -2.4603236378E+05
           G =  8.3160767472E+00
           K =  2.4602404770E+05
           L =  2.4601573162E+05
           Vnuc =  9.7785543746E+06
           Ven = -1.2103124548E+09
           Vrep =  1.2100664224E+09
           DelSqV =  2.4138040398E+10
           DelSqVen =  9.6227147121E+12
           DelSqVrep = -9.5985766717E+12
           DelSqG =  6.5210935197E+08
           DelSqK = -2.4790149750E+10
           Stress_EigVals = -8.2011224845E+04 -8.2011050377E+04 -8.2010088557E+04
           Stress_EigVec1 =  7.7064204028E-01 -6.3632870866E-01  3.4592199889E-02
           Stress_EigVec2 =  4.9818619969E-01  5.6771364305E-01 -6.5537144425E-01
           Stress_EigVec3 =  3.9739320099E-01  5.2229014354E-01  7.5451418129E-01
           -DivStress =  2.7840135535E+03  2.4377956057E+03 -3.1708324364E+03
           ESP =  -1.4816613164E+01     ESP at Nucleus =  -1.4816613165E+01
           ESPe = -3.1598751754E+01     ESPe at Nucleus = -3.1598752497E+01
           ESPn =  1.6782138590E+01     ESPn at Nucleus =  1.6782139332E+01

CP# 8      Coords =  2.89386833762291E+00  2.45574477926374E+00 -7.96556994471949E-01
           Type = (3,-3) NACP C8
           Rho =  1.2376904306E+02     Rho at Nucleus =  1.2376904295E+02
           GradRho = -5.0183270647E-10  1.2438867668E-09 -5.6664058602E-10
           HessRho_EigVals = -3.2801330009E+05 -3.2801100238E+05 -3.2801040483E+05
           HessRho_EigVec1 =  3.9705324482E-01  5.0041766463E-01  7.6937044504E-01
           HessRho_EigVec2 = -2.6045558119E-01  8.6525369041E-01 -4.2836776425E-01
           HessRho_EigVec3 =  8.8006341306E-01  3.0302015643E-02 -4.7388835905E-01
           DelSqRho = -9.8403470731E+05
           Bond Ellipticity = NA
           V = -2.4602531486E+05
           G =  8.3190186596E+00
           K =  2.4601699584E+05
           L =  2.4600867683E+05
           Vnuc =  7.4466367747E+06
           Ven = -9.2166310759E+08
           Vrep =  9.2141708228E+08
           DelSqV =  2.4137346888E+10
           DelSqVen =  7.3277489807E+12
           DelSqVrep = -7.3036115028E+12
           DelSqG =  6.5208812352E+08
           DelSqK = -2.4789435011E+10
           Stress_EigVals = -8.2008887708E+04 -8.2008673719E+04 -8.2007753436E+04
           Stress_EigVec1 =  8.7959398413E-01  2.6779991133E-02 -4.7497079401E-01
           Stress_EigVec2 = -2.6059111982E-01  8.6242113238E-01 -4.3396089535E-01
           Stress_EigVec3 =  3.9800338109E-01  5.0548256399E-01  7.6555906771E-01
           -DivStress =  2.0835232310E+03 -5.4749305641E+03  2.5769461080E+03
           ESP =  -1.4814661454E+01     ESP at Nucleus =  -1.4814661456E+01
           ESPe = -3.1049527547E+01     ESPe at Nucleus = -3.1049528697E+01
           ESPn =  1.6234866094E+01     ESPn at Nucleus =  1.6234867241E+01

CP# 9      Coords = -3.26248133360522E+00 -1.53785302906231E+00 -6.57967609273117E-01
           Type = (3,-3) NACP C9
           Rho =  1.2392731140E+02     Rho at Nucleus =  1.2392730908E+02
           GradRho = -7.1566476703E-11  2.3620723433E-12  1.3631637485E-11
           HessRho_EigVals = -3.2846867141E+05 -3.2846532433E+05 -3.2846250923E+05
           HessRho_EigVec1 =  8.6269565780E-01  3.9892937932E-04  5.0572328686E-01
           HessRho_EigVec2 = -4.7171397820E-01  3.6115625203E-01  8.0439547761E-01
           HessRho_EigVec3 =  1.8232422986E-01  9.3250522919E-01 -3.1175611098E-01
           DelSqRho = -9.8539650497E+05
           Bond Ellipticity = NA
           V = -2.4636430656E+05
           G =  7.5901610499E+00
           K =  2.4635671640E+05
           L =  2.4634912624E+05
           Vnuc =  1.5934932022E+06
           Ven = -1.9747732829E+08
           Vrep =  1.9723096398E+08
           DelSqV =  2.4170688878E+10
           DelSqVen =  1.5702226381E+12
           DelSqVrep = -1.5460519492E+12
           DelSqG =  6.5305775833E+08
           DelSqK = -2.4823746636E+10
           Stress_EigVals = -8.2122454999E+04 -8.2121521036E+04 -8.2120330530E+04
           Stress_EigVec1 =  2.4481932398E-01  8.7658636700E-01 -4.1431852455E-01
           Stress_EigVec2 = -4.3998826832E-01  4.8123312379E-01  7.5817214688E-01
           Stress_EigVec3 =  8.6398716561E-01 -3.3199023041E-03  5.0350288569E-01
           -DivStress = -1.2301631134E+04  1.7177038136E+04  2.1234483024E+04
           ESP =  -1.4664475505E+01     ESP at Nucleus =  -1.4664475569E+01
           ESPe = -3.3041407738E+01     ESPe at Nucleus = -3.3041408439E+01
           ESPn =  1.8376932233E+01     ESPn at Nucleus =  1.8376932870E+01

CP# 10     Coords =  4.59872529900794E+00 -2.00771997901158E+00  1.33965329058469E+00
           Type = (3,-3) NACP C10
           Rho =  1.2377458572E+02     Rho at Nucleus =  1.2377458563E+02
           GradRho =  2.3146651718E-10 -9.3342857966E-10  4.4232103180E-10
           HessRho_EigVals = -3.2802773761E+05 -3.2802502167E+05 -3.2802452534E+05
           HessRho_EigVec1 =  3.9649893618E-01  5.1791537172E-01  7.5799225678E-01
           HessRho_EigVec2 = -3.3131601486E-01  8.5075077321E-01 -4.0798629900E-01
           HessRho_EigVec3 =  8.5616487425E-01  8.9368840281E-02 -5.0891543353E-01
           DelSqRho = -9.8407728462E+05
           Bond Ellipticity = NA
           V = -2.4603592820E+05
           G =  8.3035232303E+00
           K =  2.4602762468E+05
           L =  2.4601932115E+05
           Vnuc =  8.2255023606E+06
           Ven = -1.0181081470E+09
           Vrep =  1.0178621111E+09
           DelSqV =  2.4138386660E+10
           DelSqVen =  8.0945292247E+12
           DelSqVrep = -8.0703909691E+12
           DelSqG =  6.5211522221E+08
           DelSqK = -2.4790501883E+10
           Stress_EigVals = -8.2012438678E+04 -8.2012262017E+04 -8.2011227507E+04
           Stress_EigVec1 =  8.5494129098E-01  9.0339702815E-02 -5.1079754019E-01
           Stress_EigVec2 = -3.3293087537E-01  8.5069560792E-01 -4.0678497378E-01
           Stress_EigVec3 =  3.9778439034E-01  5.1783754283E-01  7.5737167761E-01
           -DivStress = -1.8188673191E+03  4.9165468431E+03 -2.4669672713E+03
           ESP =  -1.4813631500E+01     ESP at Nucleus =  -1.4813631502E+01
           ESPe = -2.9913449692E+01     ESPe at Nucleus = -2.9913450966E+01
           ESPn =  1.5099818193E+01     ESPn at Nucleus =  1.5099819464E+01

CP# 11     Coords =  5.26491759840181E+00  1.52940638664327E+00 -1.41973607571912E+00
           Type = (3,-3) NACP C11
           Rho =  1.2377434422E+02     Rho at Nucleus =  1.2377434413E+02
           GradRho =  5.2917520561E-10  5.5783627208E-10 -6.4216733602E-10
           HessRho_EigVals = -3.2802703769E+05 -3.2802432724E+05 -3.2802383587E+05
           HessRho_EigVec1 =  3.9716522295E-01  5.1595796738E-01  7.5897770822E-01
           HessRho_EigVec2 =  5.8824223273E-01  4.9166388022E-01 -6.4205739971E-01
           HessRho_EigVec3 =  7.0443655592E-01 -7.0146561198E-01  1.0823647212E-01
           DelSqRho = -9.8407520081E+05
           Bond Ellipticity = NA
           V = -2.4603540735E+05
           G =  8.3035739602E+00
           K =  2.4602710378E+05
           L =  2.4601880020E+05
           Vnuc =  8.2170393994E+06
           Ven = -1.0170586631E+09
           Vrep =  1.0168126277E+09
           DelSqV =  2.4138335574E+10
           DelSqVen =  8.0861838049E+12
           DelSqVrep = -8.0620454694E+12
           DelSqG =  6.5211373186E+08
           DelSqK = -2.4790449305E+10
           Stress_EigVals = -8.2012263873E+04 -8.2012088492E+04 -8.2011054985E+04
           Stress_EigVec1 =  7.0520983830E-01 -7.0100156620E-01  1.0618798496E-01
           Stress_EigVec2 =  5.8674903754E-01  4.9295538254E-01 -6.4243330998E-01
           Stress_EigVec3 =  3.9800081773E-01  5.1535598862E-01  7.5894897990E-01
           -DivStress = -3.2436973518E+03 -3.0710806002E+03  3.6989748345E+03
           ESP =  -1.4813047470E+01     ESP at Nucleus =  -1.4813047473E+01
           ESPe = -2.9613852939E+01     ESPe at Nucleus = -2.9613854255E+01
           ESPn =  1.4800805469E+01     ESPn at Nucleus =  1.4800806783E+01

CP# 12     Coords =  6.12367229924375E+00 -7.08181206629522E-01 -3.52260806003666E-01
           Type = (3,-3) NACP C12
           Rho =  1.2376623458E+02     Rho at Nucleus =  1.2376623450E+02
           GradRho =  7.1708569551E-10 -3.1246549011E-10 -2.2498636461E-10
           HessRho_EigVals = -3.2800382446E+05 -3.2800128594E+05 -3.2800080317E+05
           HessRho_EigVec1 =  3.9780465424E-01  5.1748186964E-01  7.5760409955E-01
           HessRho_EigVec2 =  9.0367063475E-01 -3.6367912222E-01 -2.2609042426E-01
           HessRho_EigVec3 = -1.5852709846E-01 -7.7456440058E-01  6.1230641708E-01
           DelSqRho = -9.8400591358E+05
           Bond Ellipticity = NA
           V = -2.4601811664E+05
           G =  8.3191231646E+00
           K =  2.4600979752E+05
           L =  2.4600147839E+05
           Vnuc =  8.5929459463E+06
           Ven = -1.0635165637E+09
           Vrep =  1.0632705456E+09
           DelSqV =  2.4136637201E+10
           DelSqVen =  8.4555100324E+12
           DelSqVrep = -8.4313728709E+12
           DelSqG =  6.5206456306E+08
           DelSqK = -2.4788701764E+10
           Stress_EigVals = -8.2006482296E+04 -8.2006313033E+04 -8.2005321312E+04
           Stress_EigVec1 = -1.5708889275E-01 -7.7537044855E-01  6.1165655992E-01
           Stress_EigVec2 =  9.0371618279E-01 -3.6262840734E-01 -2.2759107881E-01
           Stress_EigVec3 =  3.9827144102E-01  5.1701190094E-01  7.5767971700E-01
           -DivStress = -5.0767927691E+03  1.7998017543E+03  1.3183487346E+03
           ESP =  -1.4815210293E+01     ESP at Nucleus =  -1.4815210295E+01
           ESPe = -2.9296050962E+01     ESPe at Nucleus = -2.9296052257E+01
           ESPn =  1.4480840669E+01     ESPn at Nucleus =  1.4480841962E+01

CP# 13     Coords = -1.90032277350959E+00  1.39957981748709E+00  3.27766779139545E+00
           Type = (3,-3) NACP H13
           Rho =  4.6366205604E-01     Rho at Nucleus =  4.6006261420E-01
           GradRho =  9.1531057907E-16  8.4676189671E-16 -6.2016364266E-16
           HessRho_EigVals = -9.4582949252E+00 -9.4558088369E+00 -8.7028552101E+00
           HessRho_EigVec1 =  9.4195931468E-01 -2.3438863230E-01  2.4036351334E-01
           HessRho_EigVec2 =  1.2587256564E-01  9.1028686216E-01  3.9437789719E-01
           HessRho_EigVec3 = -3.1123744427E-01 -3.4123276165E-01  8.8695628734E-01
           DelSqRho = -2.7616958972E+01
           Bond Ellipticity = NA
           V = -6.9171416395E+00
           G =  6.4509482254E-03
           K =  6.9106906913E+00
           L =  6.9042397431E+00
           Vnuc =  5.2326927236E+01
           Ven = -2.4262010668E+01
           Vrep =  1.7344869029E+01
           DelSqV =  1.7965471539E+03
           DelSqVen =  1.4451106026E+03
           DelSqVrep =  3.5143655128E+02
           DelSqG =  1.3756419291E+02
           DelSqK = -1.9341113468E+03
           Stress_EigVals = -2.3694666861E+00 -2.3691208887E+00 -2.1785540647E+00
           Stress_EigVec1 =  9.3258452481E-01  6.8039775568E-02  3.5448087821E-01
           Stress_EigVec2 = -1.8152741535E-01  9.3725058687E-01  2.9767286556E-01
           Stress_EigVec3 = -3.1198381617E-01 -3.4195310550E-01  8.8641647779E-01
           -DivStress = -5.1456139496E+00 -5.6357631918E+00  1.4644118820E+01
           ESP =  -1.1419797591E+00     ESP at Nucleus =  -1.1428444922E+00
           ESPe = -1.8167251498E+01     ESPe at Nucleus = -1.8090541590E+01
           ESPn =  1.7025271738E+01     ESPn at Nucleus =  1.6947697097E+01

CP# 14     Coords = -1.28343926505383E+00  4.14826992279190E+00  1.57251936215220E+00
           Type = (3,-3) NACP H14
           Rho =  4.6459746760E-01     Rho at Nucleus =  4.6109122418E-01
           GradRho =  6.3431248101E-16 -1.2356869000E-14 -1.5001021259E-15
           HessRho_EigVals = -9.4834268137E+00 -9.4813085639E+00 -8.7419237956E+00
           HessRho_EigVec1 =  9.9959320020E-01  4.9208062779E-03  2.8093055737E-02
           HessRho_EigVec2 = -2.7743537723E-02 -6.0620853005E-02  9.9777522935E-01
           HessRho_EigVec3 = -6.6128836147E-03  9.9814873533E-01  6.0459671879E-02
           DelSqRho = -2.7706659173E+01
           Bond Ellipticity = NA
           V = -6.9397699515E+00
           G =  6.5525790789E-03
           K =  6.9332173724E+00
           L =  6.9266647933E+00
           Vnuc =  5.2039438355E+01
           Ven = -2.4177391275E+01
           Vrep =  1.7237621323E+01
           DelSqV =  1.8038450361E+03
           DelSqVen =  1.4418389821E+03
           DelSqVrep =  3.6200605406E+02
           DelSqG =  1.3817525307E+02
           DelSqK = -1.9420202892E+03
           Stress_EigVals = -2.3758509137E+00 -2.3756222305E+00 -2.1882968073E+00
           Stress_EigVec1 =  9.4312561754E-01 -1.3420841833E-02  3.3216554690E-01
           Stress_EigVec2 = -3.3236713607E-01 -5.8486972563E-02  9.4133488244E-01
           Stress_EigVec3 = -6.7938506586E-03  9.9819795384E-01  5.9621208880E-02
           -DivStress = -6.0760786834E-02  1.6287450921E+01  1.0524480672E+00
           ESP =  -1.1380550350E+00     ESP at Nucleus =  -1.1389227699E+00
           ESPe = -1.7346047949E+01     ESPe at Nucleus = -1.7264566111E+01
           ESPn =  1.6207992914E+01     ESPn at Nucleus =  1.6125643341E+01

CP# 15     Coords = -2.68544179642332E+00  2.04416689111244E+00 -2.33846425267067E+00
           Type = (3,-3) NACP H15
           Rho =  4.6886383572E-01     Rho at Nucleus =  4.6504359872E-01
           GradRho = -3.4008169544E-15 -3.2279409180E-15  4.9763795515E-15
           HessRho_EigVals = -9.5547390830E+00 -9.5482525431E+00 -8.7571404439E+00
           HessRho_EigVec1 =  9.4024246727E-01 -2.9524933777E-01  1.6962290910E-01
           HessRho_EigVec2 =  2.0450992825E-01  8.8795312952E-01  4.1196471817E-01
           HessRho_EigVec3 = -2.7224950320E-01 -3.5265715407E-01  8.9527266221E-01
           DelSqRho = -2.7860132070E+01
           Bond Ellipticity = NA
           V = -6.9767393383E+00
           G =  5.8531604097E-03
           K =  6.9708861779E+00
           L =  6.9650330175E+00
           Vnuc =  5.1780022471E+01
           Ven = -2.4277779949E+01
           Vrep =  1.7301040611E+01
           DelSqV =  1.8091504577E+03
           DelSqVen =  1.4425982646E+03
           DelSqVrep =  3.6655219308E+02
           DelSqG =  1.3843389484E+02
           DelSqK = -1.9475843526E+03
           Stress_EigVals = -2.3928037814E+00 -2.3917638274E+00 -2.1921717295E+00
           Stress_EigVec1 =  9.5167018192E-01  3.5750115961E-02  3.0503408670E-01
           Stress_EigVec2 = -1.3958217597E-01  9.3504608285E-01  3.2589206663E-01
           Stress_EigVec3 = -2.7357024873E-01 -3.5271908390E-01  8.9484555475E-01
           -DivStress =  4.6145312669E+00  5.9970384907E+00 -1.5319093221E+01
           ESP =  -1.1387305302E+00     ESP at Nucleus =  -1.1396372563E+00
