AIMSum (Version 17.01.25, Professional)
Copyright (c) 1997-2017 by Todd A. Keith
AIMSum is a component of the AIMAll package ( http://aim.tkgristmill.com )

TP:  64-bit Linux

Licensed To:  Research Group of Fernando Cortes Guzman, UNAM, fercor@unam.mx

Much of the Quantum Theory of Atoms in Molecules (QTAIM) is described in the book:
  "Atoms in Molecules - A Quantum Theory"
  R.F.W. Bader, Oxford University Press, Oxford, 1990

For additional references see:  http://aim.tkgristmill.com/references.html

Wfn File:  /home/alejandro/wd/hf_portion/aimqb_part/tryptophan_08000.wfn
Sum File:  /home/alejandro/wd/hf_portion/aimqb_part/tryptophan_08000.sum

SumViz File:  /home/alejandro/wd/hf_portion/aimqb_part/tryptophan_08000.sumviz

Wfn Title:   opt tryptophan M062X def2TZVP                                                 
 
Total memory allocated for AIMSum =        1.625 Megabytes

Atomic units (a.u.) used throughout, except where stated otherwise

Model:  Restricted SCF
 
Restricted, closed-shell, single-determinant wavefunction.
  Number of electrons (from MO Occs)                   =         108.0000000000
  Number of Alpha electrons (from MO Occs)             =          54.0000000000
  Number of Beta electrons (from MO Occs)              =          54.0000000000
  Number of electron pairs (N*(N-1)/2)                 =        5778.0000000000
  Number of electron pairs (from Muller 2EDM)          =        5778.0000000000
 
Nuclear Charges and Cartesian Coordinates:
-------------------------------------------------------------------------------
Atom      Charge                X                  Y                  Z
-------------------------------------------------------------------------------
O1         8.0           2.4251840500E+00  -1.5723826100E+00   3.2757285100E+00
O2         8.0           4.1045662500E+00  -3.6221227400E+00  -1.0592230000E-02
N3         7.0          -3.3741497600E+00   3.8577509800E+00   8.3682038000E-01
N4         7.0           7.1686398500E+00   7.6669001000E-01  -8.9325515000E-01
C5         6.0           1.4284812000E-01   2.1925439100E+00  -8.5240061000E-01
C6         6.0           2.7982131400E+00   1.8991177000E+00  -1.7661688300E+00
C7         6.0          -1.7898790100E+00   2.8223590000E-01  -7.8553206000E-01
C8         6.0           4.6661498300E+00   8.8268642000E-01   2.2261388000E-01
C9         6.0          -3.9629725600E+00   1.3943256800E+00   2.8538530000E-01
C10        6.0          -9.1345118000E-01   4.3201047000E+00   1.4352096000E-01
C11        6.0          -1.8812028000E+00  -2.2560947400E+00  -1.5316530800E+00
C12        6.0          -6.2040945100E+00   5.3470500000E-02   6.3244480000E-01
C13        6.0           3.7399064700E+00  -1.6851611800E+00   1.1174831400E+00
C14        6.0          -4.0945911400E+00  -3.5897481400E+00  -1.1881529800E+00
C15        6.0          -6.2363238400E+00  -2.4437795500E+00  -1.1432790000E-01
H16        1.0           2.8514097300E+00   6.1256916000E-01  -3.3851247600E+00
H17        1.0           3.5572670200E+00   3.7053548400E+00  -2.4038938500E+00
H18        1.0           4.6877811700E+00   2.1681782600E+00   1.8330997000E+00
H19        1.0          -9.0757910000E-02   6.1656681600E+00   4.0890146000E-01
H20        1.0          -4.5621072800E+00   5.1332902300E+00   1.5839643400E+00
H21        1.0          -2.3795342000E-01  -3.1600875300E+00  -2.3524980900E+00
H22        1.0          -7.8559067000E+00   9.3592665000E-01   1.4562309600E+00
H23        1.0          -4.1933731900E+00  -5.5510089700E+00  -1.7578025500E+00
H24        1.0           7.1902901600E+00  -6.1016146000E-01  -2.2303872800E+00
H25        1.0           8.4708649800E+00   2.6936626000E-01   4.1984601000E-01
H26        1.0          -7.9447136800E+00  -3.5414336500E+00   1.2732749000E-01
H27        1.0           1.7401510200E+00  -3.2409132500E+00   3.5950141000E+00
 
Some Atomic Properties:
----------------------
  q(A) = Net Charge of Atom A
  L(A) = Lagrangian of Atom A = -(1/4) Times Atomic Integral of the Laplacian of the Electron Density
  K(A) = Electronic Kinetic Energy of Atom A (Hamiltonian Form)
  K_Scaled(A) = K(A) * E(Mol)/K(Mol) = Approximation to Virial-Based Total Energy of Atom A.
  |Mu_Intra(A)| = Magnitude of Intraatomic Dipole Moment of Atom A
--------------------------------------------------------------------------------------------------
Atom A          q(A)              L(A)              K(A)          K_Scaled(A)      |Mu_Intra(A)|
--------------------------------------------------------------------------------------------------
O1       -1.2635575263E+00  6.8484729136E-04  7.6083570098E+01 -7.6536328968E+01  3.6709636375E-01
O2       -1.3632306054E+00 -9.4564510048E-06  7.6195223285E+01 -7.6648646582E+01  6.4896265348E-01
N3       -1.4479942380E+00  5.2224033105E-05  5.5692837926E+01 -5.6024255423E+01  1.8460901095E-01
N4       -1.0582023215E+00 -5.0010815635E-05  5.5251867761E+01 -5.5580661129E+01  2.0831143456E-01
C5        9.3548096000E-03  3.8524340705E-05  3.8169599126E+01 -3.8396739158E+01  1.8314002212E-01
C6        1.9273181150E-01  3.9722870828E-04  3.8024181802E+01 -3.8250456484E+01  2.5593396814E-02
C7       -1.4341409800E-02 -2.0113991318E-04  3.8224671953E+01 -3.8452139714E+01  1.7734877579E-01
C8        5.3397731130E-01 -4.2665166235E-04  3.7853985570E+01 -3.8079247446E+01  4.3959805783E-01
C9        4.4453554530E-01 -4.5113169349E-04  3.7937972432E+01 -3.8163734098E+01  7.5465083014E-01
C10       4.6788994490E-01  2.1955462147E-04  3.7846951416E+01 -3.8072171433E+01  8.0864802152E-01
C11       1.1086993700E-02 -1.0695890274E-04  3.8137855080E+01 -3.8364806210E+01  1.0836136154E-01
C12       4.2484339100E-02 -1.1355551835E-04  3.8111521998E+01 -3.8338316424E+01  1.6802037497E-01
C13       1.7753612036E+00  5.1517672789E-04  3.7011017524E+01 -3.7231263057E+01  9.8595019375E-01
C14       1.8606470700E-02  6.0527870717E-06  3.8121131401E+01 -3.8347983011E+01  7.7527477507E-02
C15       1.9927222600E-02 -2.9913588920E-05  3.8125628693E+01 -3.8352507065E+01  7.5386114600E-02
H16      -3.9749165700E-02  3.8454384861E-05  6.6393327906E-01 -6.6788421986E-01  1.1386757014E-01
H17      -2.4377770200E-02  3.0586449942E-05  6.5759124490E-01 -6.6150444545E-01  1.1798845014E-01
H18      -1.8760508800E-02  2.6447656703E-05  6.6320751898E-01 -6.6715414091E-01  1.1281948943E-01
H19       2.1239434750E-02  2.0808290531E-05  6.2791030835E-01 -6.3164688329E-01  1.1554953369E-01
H20       4.2310318933E-01  2.6387519601E-05  4.5918880058E-01 -4.6192134589E-01  1.6019801132E-01
H21       1.2231720090E-02 -2.0109788131E-04  6.3711824731E-01 -6.4090961695E-01  1.0376646864E-01
H22      -1.7346405300E-02  2.1774612881E-05  6.4457387043E-01 -6.4840960707E-01  1.1754947743E-01
H23      -1.9759208500E-02  2.4068833404E-05  6.4846814936E-01 -6.5232706011E-01  1.1740988549E-01
H24       3.5535068914E-01  3.5176092240E-05  4.9648289844E-01 -4.9943737384E-01  1.7182358274E-01
H25       3.3460815493E-01  2.9620353407E-05  5.0707620613E-01 -5.1009372029E-01  1.7988053616E-01
H26      -1.7594022500E-02  2.4563106963E-05  6.4807332528E-01 -6.5192988651E-01  1.1650684310E-01
H27       6.2288874745E-01  3.3238078301E-05  3.4556572681E-01 -3.4762212280E-01  1.4332670457E-01
--------------------------------------------------------------------------------------------------
Total     4.6440599000E-04  6.3481746174E-04  6.8778720564E+02 -6.9188009662E+02
 
Molecular charge q(Mol) from the wfn file:   0.0000000000E+00
Molecular energy E(Mol) from the wfn file:  -6.9187985375E+02
Molecular virial ratio (-V(Mol)/T(Mol)) from the wfn file:   2.0059508100E+00
Note.  K_Scaled(A) = (1+V(Mol)/T(Mol))*K(A) = (E(Mol)/T(Mol))*K(A)
       Only use K_Scaled(A) data with caution.
 
N_AIMInt(SumA)     =        107.999536
N_Analytic(Mol)    =        107.999987
 
G_AIMInt(SumA)     =        687.786571
G_Analytic(Mol)    =        687.786937
 
K_AIMInt(SumA)     =        687.787206
K_Analytic(Mol)    =        687.786937
 
L_AIMInt(SumA)     =          0.000635
L_Analytic(Mol)    =          0.000000
 
VenT_AIMInt(SumA)  =      -3581.580960
VenT_Analytic(Mol) =      -3581.587938
 
Some Information About the Atomic Calculations:
----------------------------------------------
  Time(sec) = "Elapsed User Time", in Seconds, for Atom A by AIMInt and, if used, by TWOe
  NProc = Number of Processors Used for AIMInt Job
  BIM = Basin Integration Method
  OAQ = Angular Quadrature Outside of Beta Sphere
  ORQ = Multiple of Default for Radial Quadrature Outside of Beta Sphere
  IAQ = Multiple of Default for Angular Quadrature Inside of Beta Sphere
  IRQ = Multiple of Default for Radial Quadrature Inside of Beta Sphere
  MIR = Maximum Integration Radius
------------------------------------------------------------------------------------------------------
Atom A     Time(sec)   NProc      BIM              OAQ                 ORQ      IAQ      IRQ      MIR
------------------------------------------------------------------------------------------------------
O1            144       32    Promega(1)    4334      (Very High)      1.00     1.00     1.00    13.00
O2             50       32     Proaim(5)    4334      (Very High)      1.00     1.00     1.00    13.00
N3             50       32     Proaim(5)    4334      (Very High)      1.00     1.00     1.00    13.00
N4             59       32     Proaim(5)    4334      (Very High)      1.00     1.00     1.00    13.00
C5            157       32     Proaim(5)    4334      (Very High)      1.00     1.00     1.00    13.00
C6            159       32     Proaim(5)    4334      (Very High)      1.00     1.00     1.00    13.00
C7             99       32     Proaim(5)    4334      (Very High)      1.00     1.00     1.00    13.00
C8            213       32     Proaim(5)    4334      (Very High)      1.00     1.00     1.00    13.00
C9             55       32     Proaim(5)    4334      (Very High)      1.00     1.00     1.00    13.00
C10            58       32     Proaim(5)    4334      (Very High)      1.00     1.00     1.00    13.00
C11            69       32     Proaim(5)    4334      (Very High)      1.00     1.00     1.00    13.00
C12            54       32     Proaim(5)    4334      (Very High)      1.00     1.00     1.00    13.00
C13           201       32     Proaim(5)    4334      (Very High)      1.00     1.00     1.00    13.00
C14            75       32     Proaim(5)    4334      (Very High)      1.00     1.00     1.00    13.00
C15            72       32     Proaim(5)    4334      (Very High)      1.00     1.00     1.00    13.00
H16            32       32     Proaim(5)    2030      (Very High)      1.00     1.00     1.00    13.00
H17            28       32     Proaim(5)    2030      (Very High)      1.00     1.00     1.00    13.00
H18            30       32     Proaim(5)    2030      (Very High)      1.00     1.00     1.00    13.00
H19            25       32     Proaim(5)    2030      (Very High)      1.00     1.00     1.00    13.00
H20            19       32     Proaim(5)    2030      (Very High)      1.00     1.00     1.00    13.00
H21            52       32     Proaim(5)    4334      (Very High)      1.00     1.00     1.00    13.00
H22            23       32     Proaim(5)    2030      (Very High)      1.00     1.00     1.00    13.00
H23            22       32     Proaim(5)    2030      (Very High)      1.00     1.00     1.00    13.00
H24            25       32     Proaim(5)    2030      (Very High)      1.00     1.00     1.00    13.00
H25            21       32     Proaim(5)    2030      (Very High)      1.00     1.00     1.00    13.00
H26            23       32     Proaim(5)    2030      (Very High)      1.00     1.00     1.00    13.00
H27            20       32     Proaim(5)    2030      (Very High)      1.00     1.00     1.00    13.00
------------------------------------------------------------------------------------------------------
Total        1835
Note:  Total wall clock time is less than total of atomic times if more than one atom
       was calculated at a time
 
Electron Density Critical Point Analysis of Molecular Structure:               
---------------------------------------------------------------                
  NACP = Nuclear Attractor Critical Point                                      
  NNACP = Non-Nuclear Attractor Critical Point                                 
  BCP = Bond Critical Point                                                    
  RCP = Ring Critical Point                                                    
  CCP = Cage Critical Point                                                    
  Rho = Electron Density                                                       
  GradRho = Gradient of Electron Density                                       
  HessRho_EigVals = Eigenvalues of the Hessian of Rho, Ascending Order         
  HessRho_EigVecs = Eigenvectors of the Hessian of Rho                         
  DelSqRho = Laplacian of Rho = Trace of Hessian of Rho                        
  Bond Ellipticity = (HessRho_EigVal(1) / HessRho_EigVal(2)) - 1               
  V = Virial Field = Potential Energy Density = Trace of Stress Tensor         
  G = Lagrangian Form of Kinetic Energy Density                                
  K = Hamiltonian Form of Kinetic Energy Density                               
  L = K - G = Lagrangian Density = (-1/4)DelSqRho                              
  Vnuc = Electrostatic Potential from Nuclei                                   
  Ven = Electron-nuclear attractive contribution to Virial Field V             
  Vrep = V - Ven = Repulsive contribution to Virial Field V                    
  DelSqV = Laplacian of V                                                      
  DelSqVen = Laplacian of Ven                                                  
  DelSqVrep = Laplacian of Vrep                                                
  DelSqG = Laplacian of G                                                      
  DelSqK = Laplacian of K                                                      
  Stress_EigVals = Eigenvalues of Stress Tensor, Ascending Order               
  Stress_EigVecs = Eigenvectors of Stress Tensor                               
  -DivStress = Ehrenfest Force Density = Minus Divergence of Stress Tensor     
  ESP = Total Electrostatic Potential                                          
  ESPe = Electrostatic Potential from Electrons                                
  ESPn = Electrostatic Potential from Nuclei                                   
  BP = Bond Path                                                               
  BPL = Bond Path Length                                                       
  GBL = Geometric Bond Length                                                  
  GBL_I = Distance Between Nuclear Attractors                                  
  GBL_II = Distance Between Nuclei                                             
  GBL_III = Sum of Distances Between BCP and Nuclear Attractors                
  GBL_IV = Sum of Distances Between BCP and Nuclei                             

CP# 1      Coords =  2.42518492633987E+00 -1.57238747130685E+00  3.27572510181253E+00
           Type = (3,-3) NACP O1
           Rho =  3.0409442605E+02     Rho at Nucleus =  3.0409439873E+02
           GradRho =  1.1898309768E-10  4.3728036817E-11  5.0541039236E-11
           HessRho_EigVals = -1.5173998776E+06 -1.5173726158E+06 -1.5173624993E+06
           HessRho_EigVec1 =  5.5297080494E-01  5.3315305343E-01 -6.4028986444E-01
           HessRho_EigVec2 = -6.2905000478E-02  7.9299103298E-01  6.0597704786E-01
           HessRho_EigVec3 =  8.3082263438E-01 -2.9481018170E-01  4.7203888290E-01
           DelSqRho = -4.5521349927E+06
           Bond Ellipticity = NA
           V = -1.1381826818E+06
           G =  7.4466815630E+01
           K =  1.1381082150E+06
           L =  1.1380337482E+06
           Vnuc =  1.3330537602E+06
           Ven = -4.0537421811E+08
           Vrep =  4.0423603543E+08
           DelSqV =  2.2182454041E+11
           DelSqVen =  6.0682406609E+12
           DelSqVrep = -5.8464161207E+12
           DelSqG =  5.6803060964E+09
           DelSqK = -2.2750484650E+11
           Stress_EigVals = -3.7939828025E+05 -3.7939485721E+05 -3.7938954436E+05
           Stress_EigVec1 =  8.2881238435E-01 -2.7379236093E-01  4.8796288244E-01
           Stress_EigVec2 = -7.9854343287E-02  8.0529139256E-01  5.8747685651E-01
           Stress_EigVec3 =  5.5379898465E-01  5.2587404972E-01 -6.4557196999E-01
           -DivStress = -6.4029261538E+04  3.5526879194E+05  2.4906236074E+05
           ESP =  -2.2380178979E+01     ESP at Nucleus =  -2.2380179276E+01
           ESPe = -3.9331986461E+01     ESPe at Nucleus = -3.9331980008E+01
           ESPn =  1.6951807482E+01     ESPn at Nucleus =  1.6951800732E+01

CP# 2      Coords =  4.10456519350398E+00 -3.62211770369590E+00 -1.05891725941126E-02
           Type = (3,-3) NACP O2
           Rho =  3.0433628092E+02     Rho at Nucleus =  3.0433625372E+02
           GradRho = -4.4198241768E-10  2.9436481811E-10 -1.0820327924E-12
           HessRho_EigVals = -1.5186821650E+06 -1.5186773276E+06 -1.5186501005E+06
           HessRho_EigVec1 =  8.3838895140E-01 -1.5637941364E-01  5.2215844834E-01
           HessRho_EigVec2 =  1.5583990920E-01 -8.4920437019E-01 -5.0454520149E-01
           HessRho_EigVec3 = -5.2231971902E-01 -5.0437824759E-01  6.8759340782E-01
           DelSqRho = -4.5560095932E+06
           Bond Ellipticity = NA
           V = -1.1391503700E+06
           G =  7.3985853257E+01
           K =  1.1390763841E+06
           L =  1.1390023983E+06
           Vnuc =  1.3365411820E+06
           Ven = -4.0675797264E+08
           Vrep =  4.0561882227E+08
           DelSqV =  2.2201324785E+11
           DelSqVen =  6.0892944415E+12
           DelSqVrep = -5.8672811936E+12
           DelSqG =  5.6854715214E+09
           DelSqK = -2.2769871937E+11
           Stress_EigVals = -3.7972194544E+05 -3.7971449129E+05 -3.7971393327E+05
           Stress_EigVec1 = -5.2188592959E-01 -5.0626716026E-01  6.8653378572E-01
           Stress_EigVec2 = -1.3877202932E-01  8.4449986695E-01  5.1726424446E-01
           Stress_EigVec3 =  8.4165159085E-01 -1.7468124442E-01  5.1098831931E-01
           -DivStress =  7.7276409981E+04 -3.6835967107E+05 -2.2362009372E+05
           ESP =  -2.2450254569E+01     ESP at Nucleus =  -2.2450254832E+01
           ESPe = -3.8756957745E+01     ESPe at Nucleus = -3.8756942891E+01
           ESPn =  1.6306703176E+01     ESPn at Nucleus =  1.6306688059E+01

CP# 3      Coords = -3.37414989219114E+00  3.85775107263615E+00  8.36820317241813E-01
           Type = (3,-3) NACP N3
           Rho =  1.9989860640E+02     Rho at Nucleus =  1.9989860639E+02
           GradRho = -3.5140353301E-11  6.0774503485E-11 -3.5924919289E-11
           HessRho_EigVals = -7.4522583021E+05 -7.4522575705E+05 -7.4521279234E+05
           HessRho_EigVec1 =  4.0932079620E-01 -8.3109668727E-01 -3.7647680169E-01
           HessRho_EigVec2 =  8.6165267323E-01  4.8779905985E-01 -1.4002409765E-01
           HessRho_EigVec3 =  3.0001859361E-01 -2.6707746745E-01  9.1578298186E-01
           DelSqRho = -2.2356643796E+06
           Bond Ellipticity = NA
           V = -5.5897267556E+05
           G =  2.8290329221E+01
           K =  5.5894438523E+05
           L =  5.5891609490E+05
           Vnuc =  4.0418211217E+07
           Ven = -8.0795440954E+09
           Vrep =  8.0789851227E+09
           DelSqV =  7.9594747833E+10
           DelSqVen =  9.0361481396E+13
           DelSqVrep = -9.0281886648E+13
           DelSqG =  2.0841340159E+09
           DelSqK = -8.1678881849E+10
           Stress_EigVals = -1.8632599123E+05 -1.8632339398E+05 -1.8632329035E+05
           Stress_EigVec1 =  2.9998793835E-01 -2.6691795929E-01  9.1583952735E-01
           Stress_EigVec2 =  6.5698667613E-01 -6.3827121803E-01 -4.0122108570E-01
           Stress_EigVec3 =  6.9164712406E-01  7.2205585327E-01 -1.6112123930E-02
           -DivStress =  3.4689760976E+03 -2.4340563158E+03  1.6420555909E+03
           ESP =  -1.8398702198E+01     ESP at Nucleus =  -1.8398702198E+01
           ESPe = -3.6157321688E+01     ESPe at Nucleus = -3.6157321961E+01
           ESPn =  1.7758619490E+01     ESPn at Nucleus =  1.7758619763E+01

CP# 4      Coords =  7.16863808243486E+00  7.66684479137028E-01 -8.93252404728262E-01
           Type = (3,-3) NACP N4
           Rho =  2.0018916515E+02     Rho at Nucleus =  2.0018914975E+02
           GradRho =  2.1824089758E-10 -2.4671362175E-11 -3.1549866886E-11
           HessRho_EigVals = -7.4638971158E+05 -7.4638796305E+05 -7.4637171339E+05
           HessRho_EigVec1 =  9.1817112575E-01 -3.0817412566E-01 -2.4897889892E-01
           HessRho_EigVec2 =  3.4133267307E-01  2.9628156868E-01  8.9202535746E-01
           HessRho_EigVec3 =  2.0113127586E-01  9.0401655977E-01 -3.7722707953E-01
           DelSqRho = -2.2391493880E+06
           Bond Ellipticity = NA
           V = -5.5984217579E+05
           G =  2.7414391339E+01
           K =  5.5981476140E+05
           L =  5.5978734701E+05
           Vnuc =  1.0898971519E+06
           Ven = -2.1818560093E+08
           Vrep =  2.1762575875E+08
           DelSqV =  7.9718630227E+10
           DelSqVen =  2.4404425364E+12
           DelSqVrep = -2.3607239062E+12
           DelSqG =  2.0876094404E+09
           DelSqK = -8.1806239668E+10
           Stress_EigVals = -1.8661637056E+05 -1.8661314212E+05 -1.8661266310E+05
           Stress_EigVec1 =  1.8321622566E-01  9.1323472049E-01 -3.6391504496E-01
           Stress_EigVec2 =  3.6192798427E-01  2.8151962322E-01  8.8868151548E-01
           Stress_EigVec3 =  9.1402404173E-01 -2.9453191175E-01 -2.7894623873E-01
           -DivStress =  4.6399507946E+04  1.4521970533E+05 -7.2077048025E+04
           ESP =  -1.8456752447E+01     ESP at Nucleus =  -1.8456752706E+01
           ESPe = -3.3582053954E+01     ESPe at Nucleus = -3.3582046215E+01
           ESPn =  1.5125301506E+01     ESPn at Nucleus =  1.5125293509E+01

CP# 5      Coords =  1.42848643073089E-01  2.19254346009776E+00 -8.52400865112118E-01
           Type = (3,-3) NACP C5
           Rho =  1.2344522457E+02     Rho at Nucleus =  1.2344522448E+02
           GradRho =  7.6247434061E-10 -6.4780023533E-10 -3.7153018856E-10
           HessRho_EigVals = -3.2703556957E+05 -3.2703488358E+05 -3.2703451527E+05
           HessRho_EigVec1 =  3.0633234003E-01 -2.4566852860E-01  9.1967791727E-01
           HessRho_EigVec2 =  8.3543382963E-01  5.3249038728E-01 -1.3603052512E-01
           HessRho_EigVec3 = -4.5630123138E-01  8.1000059352E-01  3.6835882605E-01
           DelSqRho = -9.8110496842E+05
           Bond Ellipticity = NA
           V = -2.4529322734E+05
           G =  8.4926186177E+00
           K =  2.4528473472E+05
           L =  2.4527624211E+05
           Vnuc =  8.1566858401E+06
           Ven = -1.0069039153E+09
           Vrep =  1.0066586220E+09
           DelSqV =  2.4065350711E+10
           DelSqVen =  8.0025650463E+12
           DelSqVrep = -7.9784996956E+12
           DelSqG =  6.4991419428E+08
           DelSqK = -2.4715264906E+10
           Stress_EigVals = -8.1764672787E+04 -8.1764524135E+04 -8.1764030420E+04
           Stress_EigVec1 = -5.8817132083E-01  7.1027561836E-01  3.8673381456E-01
           Stress_EigVec2 =  7.5478147127E-01  6.5383847002E-01 -5.2916781358E-02
           Stress_EigVec3 =  2.9044694522E-01 -2.6077538436E-01  9.2067191275E-01
           -DivStress = -4.1429112452E+03  3.5629784212E+03  2.0209733779E+03
           ESP =  -1.4818663953E+01     ESP at Nucleus =  -1.4818663958E+01
           ESPe = -3.5919345337E+01     ESPe at Nucleus = -3.5919345423E+01
           ESPn =  2.1100681384E+01     ESPn at Nucleus =  2.1100681465E+01

CP# 6      Coords =  2.79821272920793E+00  1.89911732575655E+00 -1.76616812704433E+00
           Type = (3,-3) NACP C6
           Rho =  1.2335134749E+02     Rho at Nucleus =  1.2335134736E+02
           GradRho = -8.9285506831E-10 -7.7252389988E-10  1.5470036658E-09
           HessRho_EigVals = -3.2677249406E+05 -3.2677196840E+05 -3.2677136970E+05
           HessRho_EigVec1 =  6.8925617670E-01 -3.5548228261E-01  6.3131471520E-01
           HessRho_EigVec2 = -6.7079444267E-01  1.6174553235E-02  7.4146692409E-01
           HessRho_EigVec3 =  2.7378958812E-01  9.3454305978E-01  2.2730712892E-01
           DelSqRho = -9.8031583217E+05
           Bond Ellipticity = NA
           V = -2.4509568543E+05
           G =  8.3636923977E+00
           K =  2.4508732173E+05
           L =  2.4507895804E+05
           Vnuc =  6.6958683374E+06
           Ven = -8.2594438205E+08
           Vrep =  8.2569928636E+08
           DelSqV =  2.4045985986E+10
           DelSqVen =  6.5640658371E+12
           DelSqVrep = -6.5400199821E+12
           DelSqG =  6.4936007906E+08
           DelSqK = -2.4695346065E+10
           Stress_EigVals = -8.1698711798E+04 -8.1698563196E+04 -8.1698410432E+04
           Stress_EigVec1 =  2.8815899585E-01  9.3304558471E-01  2.1538414513E-01
           Stress_EigVec2 = -7.2074207221E-01  6.3240117150E-02  6.9031264868E-01
           Stress_EigVec3 =  6.3047225035E-01 -3.5415621474E-01  6.9070841684E-01
           -DivStress =  3.2506733834E+03  2.9621099866E+03 -5.5649128096E+03
           ESP =  -1.4796656170E+01     ESP at Nucleus =  -1.4796656175E+01
           ESPe = -3.4031273784E+01     ESPe at Nucleus = -3.4031272260E+01
           ESPn =  1.9234617614E+01     ESPn at Nucleus =  1.9234616085E+01

CP# 7      Coords = -1.78987897184422E+00  2.82236096113927E-01 -7.85531990490727E-01
           Type = (3,-3) NACP C7
           Rho =  1.2349931366E+02     Rho at Nucleus =  1.2349931366E+02
           GradRho =  3.1309872446E-11  1.4494988976E-11  1.8001008670E-12
           HessRho_EigVals = -3.2718765362E+05 -3.2718598061E+05 -3.2718545796E+05
           HessRho_EigVec1 =  3.0523303338E-01 -2.7727777372E-01  9.1101582398E-01
           HessRho_EigVec2 =  9.4766631812E-01  1.8247913434E-01 -2.6197311892E-01
           HessRho_EigVec3 = -9.3602055741E-02  9.4330186140E-01  3.1846546662E-01
           DelSqRho = -9.8155909219E+05
           Bond Ellipticity = NA
           V = -2.4540675189E+05
           G =  8.4894201882E+00
           K =  2.4539826247E+05
           L =  2.4538977305E+05
           Vnuc =  2.8363799405E+07
           Ven = -3.5029097594E+09
           Vrep =  3.5026643527E+09
           DelSqV =  2.4076487125E+10
           DelSqVen =  2.7840783319E+13
           DelSqVrep = -2.7816698443E+13
           DelSqG =  6.5023199851E+08
           DelSqK = -2.4726719123E+10
           Stress_EigVals = -8.1802646239E+04 -8.1802416888E+04 -8.1801688761E+04
           Stress_EigVec1 =  5.9478893527E-03  9.5691954216E-01  2.9029228794E-01
           Stress_EigVec2 =  9.5258207779E-01  8.2894936475E-02 -2.9277263292E-01
           Stress_EigVec3 =  3.0422361462E-01 -2.7826861004E-01  9.1105135584E-01
           -DivStress = -3.0063502686E+02 -1.5546443956E+03 -5.5109103129E+02
           ESP =  -1.4820210949E+01     ESP at Nucleus =  -1.4820210949E+01
           ESPe = -3.6530726960E+01     ESPe at Nucleus = -3.6530726870E+01
           ESPn =  2.1710516012E+01     ESPn at Nucleus =  2.1710515921E+01

CP# 8      Coords =  4.66615100253591E+00  8.82685160972178E-01  2.22613312191563E-01
           Type = (3,-3) NACP C8
           Rho =  1.2336908302E+02     Rho at Nucleus =  1.2336908248E+02
           GradRho = -6.1650268224E-12 -4.3502840219E-12 -3.0356828162E-12
           HessRho_EigVals = -3.2682367209E+05 -3.2682247653E+05 -3.2682164477E+05
           HessRho_EigVec1 =  8.6611782697E-01  3.1018352429E-01 -3.9195164378E-01
           HessRho_EigVec2 = -3.8721644315E-01  9.1223973062E-01 -1.3372396951E-01
           HessRho_EigVec3 =  3.1607488980E-01  2.6759083528E-01  9.1021525416E-01
           DelSqRho = -9.8046779339E+05
           Bond Ellipticity = NA
           V = -2.4513336264E+05
           G =  8.2071451278E+00
           K =  2.4512515549E+05
           L =  2.4511694835E+05
           Vnuc =  3.3117550270E+06
           Ven = -4.0856818087E+08
           Vrep =  4.0832304750E+08
           DelSqV =  2.4049697438E+10
           DelSqVen =  3.2470691512E+12
           DelSqVrep = -3.2230194702E+12
           DelSqG =  6.4946713225E+08
           DelSqK = -2.4699164570E+10
           Stress_EigVals = -8.1711374496E+04 -8.1711136487E+04 -8.1710851654E+04
           Stress_EigVec1 =  3.0574632918E-01  2.8988380116E-01  9.0691044983E-01
           Stress_EigVec2 = -4.1770872091E-01  8.9680145880E-01 -1.4583061393E-01
           Stress_EigVec3 =  8.5559254711E-01  3.3423722909E-01 -3.9528074583E-01
           -DivStress = -9.2831007333E+03  9.9674224647E+03  4.4979144080E+03
           ESP =  -1.4758919784E+01     ESP at Nucleus =  -1.4758919801E+01
           ESPe = -3.4351798997E+01     ESPe at Nucleus = -3.4351798878E+01
           ESPn =  1.9592879214E+01     ESPn at Nucleus =  1.9592879077E+01

CP# 9      Coords = -3.96297249057594E+00  1.39432876963645E+00  2.85386218022481E-01
           Type = (3,-3) NACP C9
           Rho =  1.2350870112E+02     Rho at Nucleus =  1.2350869942E+02
           GradRho = -3.8623726613E-12  2.2447803490E-11  3.1124200439E-12
           HessRho_EigVals = -3.2721206406E+05 -3.2721164756E+05 -3.2720901699E+05
           HessRho_EigVec1 =  3.0555110934E-01 -2.3623954175E-01  9.2240414054E-01
           HessRho_EigVec2 =  8.8596825610E-02  9.7158429109E-01  2.1948705611E-01
           HessRho_EigVec3 =  9.4804489454E-01 -1.4657565301E-02 -3.1779873144E-01
           DelSqRho = -9.8163272861E+05
           Bond Ellipticity = NA
           V = -2.4542492900E+05
           G =  8.3734218496E+00
           K =  2.4541655557E+05
           L =  2.4540818215E+05
           Vnuc =  1.8611285899E+06
           Ven = -2.2986557476E+08
           Vrep =  2.2962014983E+08
           DelSqV =  2.4078274137E+10
           DelSqVen =  1.8269447332E+12
           DelSqVrep = -1.8028664590E+12
           DelSqG =  6.5027918750E+08
           DelSqK = -2.4728553324E+10
           Stress_EigVals = -8.1808954990E+04 -8.1808196754E+04 -8.1807777252E+04
           Stress_EigVec1 =  9.5207942499E-01  5.0175618718E-02 -3.0170710267E-01
           Stress_EigVec2 =  3.4312701297E-02  9.6270145531E-01  2.6838134523E-01
           Stress_EigVec3 =  3.0392006687E-01 -2.6587274254E-01  9.1484658699E-01
           -DivStress = -5.5180056821E+02 -2.4488749122E+04 -7.2757363793E+03
           ESP =  -1.4778650852E+01     ESP at Nucleus =  -1.4778650901E+01
           ESPe = -3.5147271201E+01     ESPe at Nucleus = -3.5147272427E+01
           ESPn =  2.0368620349E+01     ESPn at Nucleus =  2.0368621526E+01

CP# 10     Coords = -9.13454097335249E-01  4.32010580161867E+00  1.43522285443100E-01
           Type = (3,-3) NACP C10
           Rho =  1.2350785603E+02     Rho at Nucleus =  1.2350785416E+02
           GradRho =  1.4969262266E-12 -1.3585317306E-11 -1.0422759661E-12
           HessRho_EigVals = -3.2720826083E+05 -3.2720819733E+05 -3.2720566980E+05
           HessRho_EigVec1 =  9.4388071950E-01  2.3264941399E-01 -2.3444282359E-01
           HessRho_EigVec2 =  2.9241719110E-01 -2.5860748563E-01  9.2065973884E-01
           HessRho_EigVec3 = -1.5356227959E-01  9.3754808866E-01  3.1212530775E-01
           DelSqRho = -9.8162212795E+05
           Bond Ellipticity = NA
           V = -2.4542212523E+05
           G =  8.2966197571E+00
           K =  2.4541382861E+05
           L =  2.4540553199E+05
           Vnuc =  1.7707695108E+06
           Ven = -2.1870394581E+08
           Vrep =  2.1845852369E+08
           DelSqV =  2.4078003784E+10
           DelSqVen =  1.7382265344E+12
           DelSqVrep = -1.7141485306E+12
           DelSqG =  6.5026967194E+08
           DelSqK = -2.4728273456E+10
           Stress_EigVals = -8.1807985707E+04 -8.1807209599E+04 -8.1806929922E+04
           Stress_EigVec1 = -1.3185261437E-01  9.4068694745E-01  3.1260670974E-01
           Stress_EigVec2 =  9.4323947625E-01  2.1603595630E-01 -2.5224542817E-01
           Stress_EigVec3 =  3.0481827132E-01 -2.6160377000E-01  9.1577796927E-01
           -DivStress =  2.3122821113E+04 -8.7300070031E+03 -1.0504521459E+04
           ESP =  -1.4775277840E+01     ESP at Nucleus =  -1.4775277895E+01
           ESPe = -3.3445185126E+01     ESPe at Nucleus = -3.3445186554E+01
           ESPn =  1.8669907286E+01     ESPn at Nucleus =  1.8669908659E+01

CP# 11     Coords = -1.88120220170772E+00 -2.25609437234055E+00 -1.53165319881516E+00
           Type = (3,-3) NACP C11
           Rho =  1.2351384757E+02     Rho at Nucleus =  1.2351384749E+02
           GradRho =  7.8586454531E-10  4.9208266455E-10 -1.3073661424E-10
           HessRho_EigVals = -3.2722490995E+05 -3.2722224816E+05 -3.2722188201E+05
           HessRho_EigVec1 =  2.9473005842E-01 -2.7334438885E-01  9.1565115505E-01
           HessRho_EigVec2 = -4.5993292719E-01  7.9934364979E-01  3.8666708165E-01
           HessRho_EigVec3 =  8.3761321334E-01  5.3510052759E-01 -1.0987051571E-01
           DelSqRho = -9.8166904011E+05
           Bond Ellipticity = NA
           V = -2.4543403952E+05
           G =  8.3897459892E+00
           K =  2.4542564977E+05
           L =  2.4541726003E+05
           Vnuc =  8.4244919357E+06
           Ven = -1.0405414128E+09
           Vrep =  1.0402959788E+09
           DelSqV =  2.4079165037E+10
           DelSqVen =  8.2700622889E+12
           DelSqVrep = -8.2459831239E+12
           DelSqG =  6.5030102822E+08
           DelSqK = -2.4729466065E+10
           Stress_EigVals = -8.1811774006E+04 -8.1811637084E+04 -8.1810628429E+04
           Stress_EigVec1 = -8.0850720285E-01 -5.8175715879E-01  8.8739569147E-02
           Stress_EigVec2 = -5.0740255345E-01  7.6551969060E-01  3.9562893228E-01
           Stress_EigVec3 =  2.9809185109E-01 -2.7484215743E-01  9.1411325163E-01
           -DivStress = -4.7406924655E+03 -2.9135942785E+03  9.4200409929E+02
           ESP =  -1.4816668245E+01     ESP at Nucleus =  -1.4816668248E+01
           ESPe = -3.4236191825E+01     ESPe at Nucleus = -3.4236191658E+01
           ESPn =  1.9419523580E+01     ESPn at Nucleus =  1.9419523410E+01

CP# 12     Coords = -6.20409450627890E+00  5.34714899507483E-02  6.32445103496308E-01
           Type = (3,-3) NACP C12
           Rho =  1.2347624670E+02     Rho at Nucleus =  1.2347624652E+02
           GradRho =  8.6889011611E-11  2.8522717917E-09  8.8397963732E-10
           HessRho_EigVals = -3.2711589217E+05 -3.2711430810E+05 -3.2711371587E+05
           HessRho_EigVec1 =  3.0497691984E-01 -2.8001665157E-01  9.1026356250E-01
           HessRho_EigVec2 =  9.4806124481E-01 -1.4427600121E-03 -3.1808457135E-01
           HessRho_EigVec3 =  9.0382268453E-02  9.5999405899E-01  2.6503292675E-01
           DelSqRho = -9.8134391614E+05
           Bond Ellipticity = NA
           V = -2.4535291062E+05
           G =  8.4657922045E+00
           K =  2.4534444483E+05
           L =  2.4533597903E+05
           Vnuc =  5.7946814058E+06
           Ven = -7.1550551078E+08
           Vrep =  7.1526015787E+08
           DelSqV =  2.4071193360E+10
           DelSqVen =  5.6865762181E+12
           DelSqVrep = -5.6625050248E+12
           DelSqG =  6.5006791068E+08
           DelSqK = -2.4721261271E+10
           Stress_EigVals = -8.1784680049E+04 -8.1784483694E+04 -8.1783746877E+04
           Stress_EigVec1 =  1.1482542473E-01  9.6007483793E-01  2.5509101788E-01
           Stress_EigVec2 =  9.4516838615E-01 -2.6557062106E-02 -3.2550183451E-01
           Stress_EigVec3 =  3.0573165301E-01 -2.7847985209E-01  9.1048181109E-01
           -DivStress = -2.9516441947E+01 -7.8423327572E+03 -2.4043654562E+03
           ESP =  -1.4811580856E+01     ESP at Nucleus =  -1.4811580862E+01
           ESPe = -3.2099840388E+01     ESPe at Nucleus = -3.2099840872E+01
           ESPn =  1.7288259531E+01     ESPn at Nucleus =  1.7288260011E+01

CP# 13     Coords =  3.73990439112003E+00 -1.68516224014029E+00  1.11748621938480E+00
           Type = (3,-3) NACP C13
           Rho =  1.2369258790E+02     Rho at Nucleus =  1.2369258545E+02
           GradRho = -1.1776774000E-11 -6.3569462194E-12 -1.8952010751E-11
           HessRho_EigVals = -3.2773774283E+05 -3.2773450408E+05 -3.2773156910E+05
           HessRho_EigVec1 =  8.3695604958E-01 -1.4575150950E-01  5.2750456733E-01
           HessRho_EigVec2 = -5.2400024153E-01  6.4655439875E-02  8.4926051419E-01
           HessRho_EigVec3 =  1.5788704174E-01  9.8720624571E-01  2.2260064641E-02
           DelSqRho = -9.8320381601E+05
           Bond Ellipticity = NA
           V = -2.4581636827E+05
           G =  7.7071328512E+00
           K =  2.4580866114E+05
           L =  2.4580095400E+05
           Vnuc =  1.5529325046E+06
           Ven = -1.9208624032E+08
           Vrep =  1.9184042395E+08
           DelSqV =  2.4116753460E+10
           DelSqVen =  1.5268491756E+12
           DelSqVrep = -1.5027324221E+12
           DelSqG =  6.5139258193E+08
           DelSqK = -2.4768146042E+10
           Stress_EigVals = -8.1939805296E+04 -8.1938848523E+04 -8.1937714449E+04
           Stress_EigVec1 =  8.6496551574E-02  9.8739093225E-01  1.3258013984E-01
           Stress_EigVec2 = -5.3651271964E-01 -6.5966273402E-02  8.4131002160E-01
           Stress_EigVec3 =  8.3944770429E-01 -1.4390134707E-01  5.2404193924E-01
           -DivStress =  1.6501773648E+04  8.4167121392E+03 -2.4444385679E+04
           ESP =  -1.4667523768E+01     ESP at Nucleus =  -1.4667523836E+01
           ESPe = -3.5340554211E+01     ESPe at Nucleus = -3.5340554312E+01
           ESPn =  2.0673030443E+01     ESPn at Nucleus =  2.0673030476E+01

CP# 14     Coords = -4.09459144787456E+00 -3.58974863210358E+00 -1.18815299545643E+00
           Type = (3,-3) NACP C14
           Rho =  1.2349412069E+02     Rho at Nucleus =  1.2349412064E+02
           GradRho = -1.8467546362E-10 -4.4079139465E-10  1.8342109515E-12
           HessRho_EigVals = -3.2716510337E+05 -3.2716306281E+05 -3.2716263132E+05
           HessRho_EigVec1 =  3.1097769432E-01 -2.7517291708E-01  9.0971025021E-01
           HessRho_EigVec2 = -2.2646295355E-01  9.0814639312E-01  3.5211455427E-01
           HessRho_EigVec3 =  9.2304247156E-01  3.1551544236E-01 -2.2009679989E-01
           DelSqRho = -9.8149079750E+05
           Bond Ellipticity = NA
           V = -2.4538954579E+05
           G =  8.4232068956E+00
           K =  2.4538112258E+05
           L =  2.4537269937E+05
           Vnuc =  1.0332695166E+07
           Ven = -1.2760271039E+09
           Vrep =  1.2757817143E+09
           DelSqV =  2.4074788591E+10
           DelSqVen =  1.0141447487E+13
           DelSqVrep = -1.0117372699E+13
           DelSqG =  6.5016834402E+08
           DelSqK = -2.4724956935E+10
           Stress_EigVals = -8.1796903616E+04 -8.1796745161E+04 -8.1795897012E+04
           Stress_EigVec1 =  9.3245387451E-01  2.7514280352E-01 -2.3414997242E-01
           Stress_EigVec2 = -1.8553494694E-01  9.2078179024E-01  3.4312924421E-01
           Stress_EigVec3 =  3.1001057301E-01 -2.7650919051E-01  9.0963515333E-01
           -DivStress =  2.4394005427E+03  3.8989141326E+03  1.2223791926E+02
           ESP =  -1.4822958276E+01     ESP at Nucleus =  -1.4822958278E+01
           ESPe = -3.2068908590E+01     ESPe at Nucleus = -3.2068909678E+01
           ESPn =  1.7245950315E+01     ESPn at Nucleus =  1.7245951400E+01

CP# 15     Coords = -6.23632431408665E+00 -2.44377986644706E+00 -1.14327818259280E-01
           Type = (3,-3) NACP C15
           Rho =  1.2351307396E+02     Rho at Nucleus =  1.2351307390E+02
           GradRho = -4.9696246109E-10 -2.8906019418E-10  7.3162473475E-11
           HessRho_EigVals = -3.2721867442E+05 -3.2721616805E+05 -3.2721577690E+05
           HessRho_EigVec1 =  3.0993740925E-01 -2.7847105107E-01  9.0906142590E-01
