AIMSum (Version 17.01.25, Professional)
Copyright (c) 1997-2017 by Todd A. Keith
AIMSum is a component of the AIMAll package ( http://aim.tkgristmill.com )

TP:  64-bit Linux

Licensed To:  Research Group of Fernando Cortes Guzman, UNAM, fercor@unam.mx

Much of the Quantum Theory of Atoms in Molecules (QTAIM) is described in the book:
  "Atoms in Molecules - A Quantum Theory"
  R.F.W. Bader, Oxford University Press, Oxford, 1990

For additional references see:  http://aim.tkgristmill.com/references.html

Wfn File:  /home/alejandro/wd/hf_portion/aimqb_part/tryptophan_05000.wfn
Sum File:  /home/alejandro/wd/hf_portion/aimqb_part/tryptophan_05000.sum

SumViz File:  /home/alejandro/wd/hf_portion/aimqb_part/tryptophan_05000.sumviz

Wfn Title:   opt tryptophan M062X def2TZVP                                                 
 
Total memory allocated for AIMSum =        1.625 Megabytes

Atomic units (a.u.) used throughout, except where stated otherwise

Model:  Restricted SCF
 
Restricted, closed-shell, single-determinant wavefunction.
  Number of electrons (from MO Occs)                   =         108.0000000000
  Number of Alpha electrons (from MO Occs)             =          54.0000000000
  Number of Beta electrons (from MO Occs)              =          54.0000000000
  Number of electron pairs (N*(N-1)/2)                 =        5778.0000000000
  Number of electron pairs (from Muller 2EDM)          =        5778.0000000000
 
Nuclear Charges and Cartesian Coordinates:
-------------------------------------------------------------------------------
Atom      Charge                X                  Y                  Z
-------------------------------------------------------------------------------
O1         8.0           2.4251840500E+00  -1.5723826100E+00   3.2757285100E+00
O2         8.0           4.1045662500E+00  -3.6221227400E+00  -1.0592230000E-02
N3         7.0          -3.3741497600E+00   3.8577509800E+00   8.3682038000E-01
N4         7.0           7.1686398500E+00   7.6669001000E-01  -8.9325515000E-01
C5         6.0           1.4284812000E-01   2.1925439100E+00  -8.5240061000E-01
C6         6.0           2.7982131400E+00   1.8991177000E+00  -1.7661688300E+00
C7         6.0          -1.7898790100E+00   2.8223590000E-01  -7.8553206000E-01
C8         6.0           4.6661498300E+00   8.8268642000E-01   2.2261388000E-01
C9         6.0          -3.9629725600E+00   1.3943256800E+00   2.8538530000E-01
C10        6.0          -9.1345118000E-01   4.3201047000E+00   1.4352096000E-01
C11        6.0          -1.8812028000E+00  -2.2560947400E+00  -1.5316530800E+00
C12        6.0          -6.2040945100E+00   5.3470500000E-02   6.3244480000E-01
C13        6.0           3.7399064700E+00  -1.6851611800E+00   1.1174831400E+00
C14        6.0          -4.0945911400E+00  -3.5897481400E+00  -1.1881529800E+00
C15        6.0          -6.2363238400E+00  -2.4437795500E+00  -1.1432790000E-01
H16        1.0           2.8514097300E+00   6.1256916000E-01  -3.3851247600E+00
H17        1.0           3.5572670200E+00   3.7053548400E+00  -2.4038938500E+00
H18        1.0           4.6877811700E+00   2.1681782600E+00   1.8330997000E+00
H19        1.0          -9.0757910000E-02   6.1656681600E+00   4.0890146000E-01
H20        1.0          -4.5621072800E+00   5.1332902300E+00   1.5839643400E+00
H21        1.0          -2.3795342000E-01  -3.1600875300E+00  -2.3524980900E+00
H22        1.0          -7.8559067000E+00   9.3592665000E-01   1.4562309600E+00
H23        1.0          -4.1933731900E+00  -5.5510089700E+00  -1.7578025500E+00
H24        1.0           7.1902901600E+00  -6.1016146000E-01  -2.2303872800E+00
H25        1.0           8.4708649800E+00   2.6936626000E-01   4.1984601000E-01
H26        1.0          -7.9447136800E+00  -3.5414336500E+00   1.2732749000E-01
H27        1.0           1.7401510200E+00  -3.2409132500E+00   3.5950141000E+00
 
Some Atomic Properties:
----------------------
  q(A) = Net Charge of Atom A
  L(A) = Lagrangian of Atom A = -(1/4) Times Atomic Integral of the Laplacian of the Electron Density
  K(A) = Electronic Kinetic Energy of Atom A (Hamiltonian Form)
  K_Scaled(A) = K(A) * E(Mol)/K(Mol) = Approximation to Virial-Based Total Energy of Atom A.
  |Mu_Intra(A)| = Magnitude of Intraatomic Dipole Moment of Atom A
--------------------------------------------------------------------------------------------------
Atom A          q(A)              L(A)              K(A)          K_Scaled(A)      |Mu_Intra(A)|
--------------------------------------------------------------------------------------------------
O1       -1.1973745594E+00  6.9819886534E-04  7.5836926568E+01 -7.6237689840E+01  3.0346260513E-01
O2       -1.2891529788E+00 -9.1979899665E-06  7.5937807238E+01 -7.6339103618E+01  5.6190484979E-01
N3       -1.3207332915E+00  5.8927183584E-05  5.5442868372E+01 -5.5735858428E+01  1.0454953288E-01
N4       -1.0253760403E+00 -1.7892713265E-04  5.5073416337E+01 -5.5364454008E+01  2.4192207703E-01
C5       -4.4071709000E-03  2.6697298922E-05  3.8046438615E+01 -3.8247496542E+01  1.5898646764E-01
C6        1.2014216300E-01  1.7852642346E-04  3.7934556288E+01 -3.8135022968E+01  5.5769588557E-02
C7       -1.7237983800E-02 -1.7126472024E-04  3.8095512840E+01 -3.8296830101E+01  1.6075094354E-01
C8        4.5284001370E-01 -3.8483969255E-04  3.7775286981E+01 -3.7974911996E+01  4.1092291386E-01
C9        4.1327655640E-01 -4.9677996118E-04  3.7840512846E+01 -3.8040482550E+01  6.7728766094E-01
C10       4.0738285960E-01  2.8514939538E-04  3.7769815178E+01 -3.7969411277E+01  7.4872111729E-01
C11      -1.2091250100E-02  3.1006697749E-05  3.8022010647E+01 -3.8222939483E+01  1.3051490065E-01
C12       7.0194474000E-03 -1.1897718457E-04  3.8005018289E+01 -3.8205857328E+01  1.6893145239E-01
C13       1.6788061757E+00  6.5638893826E-04  3.6977805434E+01 -3.7173216126E+01  9.1508832324E-01
C14      -9.6852162000E-03  7.6243343021E-05  3.8010635368E+01 -3.8211504091E+01  1.0669226276E-01
C15      -4.6576666000E-03 -4.8798640203E-05  3.8011240776E+01 -3.8212112699E+01  1.0523085122E-01
H16      -1.1696637600E-02  3.3544301644E-05  6.4075968627E-01 -6.4414580646E-01  1.3374074329E-01
H17       2.0525751600E-03  2.9076029397E-05  6.3565533466E-01 -6.3901448070E-01  1.3673534003E-01
H18       6.3090607200E-03  3.3727066529E-05  6.4154860646E-01 -6.4493889574E-01  1.3132216683E-01
H19       3.9661997180E-02  2.0869286758E-05  6.1090258387E-01 -6.1413092301E-01  1.3120687942E-01
H20       4.1997482166E-01  2.0753375885E-05  4.5745461631E-01 -4.5987205353E-01  1.6479656908E-01
H21       3.1094462780E-02 -1.8545108295E-04  6.1950497480E-01 -6.2277877362E-01  1.1995525198E-01
H22       5.0911158700E-03  2.1596641040E-05  6.2571261378E-01 -6.2901921712E-01  1.3501299144E-01
H23       3.1609975200E-03  2.4279447487E-05  6.2946200344E-01 -6.3278842058E-01  1.3459571153E-01
H24       3.5565261239E-01  3.6584036775E-05  4.9140046836E-01 -4.9399729379E-01  1.7870975622E-01
H25       3.3740647998E-01  3.0361401646E-05  5.0087111365E-01 -5.0351798709E-01  1.8609221728E-01
H26       4.3041910000E-03  2.4599080121E-05  6.2934397680E-01 -6.3266977022E-01  1.3390543123E-01
H27       6.0880994325E-01  3.4500072798E-05  3.5273889791E-01 -3.5460296073E-01  1.5033241390E-01
--------------------------------------------------------------------------------------------------
Total     5.7267811000E-04  7.2679248149E-04  6.8561520665E+02 -6.8923836764E+02
 
Molecular charge q(Mol) from the wfn file:   0.0000000000E+00
Molecular energy E(Mol) from the wfn file:  -6.8923813896E+02
Molecular virial ratio (-V(Mol)/T(Mol)) from the wfn file:   2.0052845400E+00
Note.  K_Scaled(A) = (1+V(Mol)/T(Mol))*K(A) = (E(Mol)/T(Mol))*K(A)
       Only use K_Scaled(A) data with caution.
 
N_AIMInt(SumA)     =        107.999427
N_Analytic(Mol)    =        107.999987
 
G_AIMInt(SumA)     =        685.614480
G_Analytic(Mol)    =        685.614945
 
K_AIMInt(SumA)     =        685.615207
K_Analytic(Mol)    =        685.614945
 
L_AIMInt(SumA)     =          0.000727
L_Analytic(Mol)    =          0.000000
 
VenT_AIMInt(SumA)  =      -3579.374374
VenT_Analytic(Mol) =      -3579.384049
 
Some Information About the Atomic Calculations:
----------------------------------------------
  Time(sec) = "Elapsed User Time", in Seconds, for Atom A by AIMInt and, if used, by TWOe
  NProc = Number of Processors Used for AIMInt Job
  BIM = Basin Integration Method
  OAQ = Angular Quadrature Outside of Beta Sphere
  ORQ = Multiple of Default for Radial Quadrature Outside of Beta Sphere
  IAQ = Multiple of Default for Angular Quadrature Inside of Beta Sphere
  IRQ = Multiple of Default for Radial Quadrature Inside of Beta Sphere
  MIR = Maximum Integration Radius
------------------------------------------------------------------------------------------------------
Atom A     Time(sec)   NProc      BIM              OAQ                 ORQ      IAQ      IRQ      MIR
------------------------------------------------------------------------------------------------------
O1            148       32    Promega(1)    4334      (Very High)      1.00     1.00     1.00    13.00
O2             55       32     Proaim(5)    4334      (Very High)      1.00     1.00     1.00    13.00
N3             47       32     Proaim(5)    4334      (Very High)      1.00     1.00     1.00    13.00
N4             67       32     Proaim(5)    4334      (Very High)      1.00     1.00     1.00    13.00
C5            153       32     Proaim(5)    4334      (Very High)      1.00     1.00     1.00    13.00
C6            191       32     Proaim(5)    4334      (Very High)      1.00     1.00     1.00    13.00
C7             96       32     Proaim(5)    4334      (Very High)      1.00     1.00     1.00    13.00
C8            189       32     Proaim(5)    4334      (Very High)      1.00     1.00     1.00    13.00
C9             63       32     Proaim(5)    4334      (Very High)      1.00     1.00     1.00    13.00
C10            76       32     Proaim(5)    4334      (Very High)      1.00     1.00     1.00    13.00
C11            98       32     Proaim(5)    4334      (Very High)      1.00     1.00     1.00    13.00
C12            69       32     Proaim(5)    4334      (Very High)      1.00     1.00     1.00    13.00
C13           193       32     Proaim(5)    4334      (Very High)      1.00     1.00     1.00    13.00
C14            57       32     Proaim(5)    4334      (Very High)      1.00     1.00     1.00    13.00
C15            55       32     Proaim(5)    4334      (Very High)      1.00     1.00     1.00    13.00
H16            25       32     Proaim(5)    2030      (Very High)      1.00     1.00     1.00    13.00
H17            18       32     Proaim(5)    2030      (Very High)      1.00     1.00     1.00    13.00
H18            21       32     Proaim(5)    2030      (Very High)      1.00     1.00     1.00    13.00
H19            19       32     Proaim(5)    2030      (Very High)      1.00     1.00     1.00    13.00
H20            19       32     Proaim(5)    2030      (Very High)      1.00     1.00     1.00    13.00
H21            44       32     Proaim(5)    4334      (Very High)      1.00     1.00     1.00    13.00
H22            15       32     Proaim(5)    2030      (Very High)      1.00     1.00     1.00    13.00
H23            14       32     Proaim(5)    2030      (Very High)      1.00     1.00     1.00    13.00
H24            15       32     Proaim(5)    2030      (Very High)      1.00     1.00     1.00    13.00
H25            12       32     Proaim(5)    2030      (Very High)      1.00     1.00     1.00    13.00
H26            14       32     Proaim(5)    2030      (Very High)      1.00     1.00     1.00    13.00
H27            12       32     Proaim(5)    2030      (Very High)      1.00     1.00     1.00    13.00
------------------------------------------------------------------------------------------------------
Total        1785
Note:  Total wall clock time is less than total of atomic times if more than one atom
       was calculated at a time
 
Electron Density Critical Point Analysis of Molecular Structure:               
---------------------------------------------------------------                
  NACP = Nuclear Attractor Critical Point                                      
  NNACP = Non-Nuclear Attractor Critical Point                                 
  BCP = Bond Critical Point                                                    
  RCP = Ring Critical Point                                                    
  CCP = Cage Critical Point                                                    
  Rho = Electron Density                                                       
  GradRho = Gradient of Electron Density                                       
  HessRho_EigVals = Eigenvalues of the Hessian of Rho, Ascending Order         
  HessRho_EigVecs = Eigenvectors of the Hessian of Rho                         
  DelSqRho = Laplacian of Rho = Trace of Hessian of Rho                        
  Bond Ellipticity = (HessRho_EigVal(1) / HessRho_EigVal(2)) - 1               
  V = Virial Field = Potential Energy Density = Trace of Stress Tensor         
  G = Lagrangian Form of Kinetic Energy Density                                
  K = Hamiltonian Form of Kinetic Energy Density                               
  L = K - G = Lagrangian Density = (-1/4)DelSqRho                              
  Vnuc = Electrostatic Potential from Nuclei                                   
  Ven = Electron-nuclear attractive contribution to Virial Field V             
  Vrep = V - Ven = Repulsive contribution to Virial Field V                    
  DelSqV = Laplacian of V                                                      
  DelSqVen = Laplacian of Ven                                                  
  DelSqVrep = Laplacian of Vrep                                                
  DelSqG = Laplacian of G                                                      
  DelSqK = Laplacian of K                                                      
  Stress_EigVals = Eigenvalues of Stress Tensor, Ascending Order               
  Stress_EigVecs = Eigenvectors of Stress Tensor                               
  -DivStress = Ehrenfest Force Density = Minus Divergence of Stress Tensor     
  ESP = Total Electrostatic Potential                                          
  ESPe = Electrostatic Potential from Electrons                                
  ESPn = Electrostatic Potential from Nuclei                                   
  BP = Bond Path                                                               
  BPL = Bond Path Length                                                       
  GBL = Geometric Bond Length                                                  
  GBL_I = Distance Between Nuclear Attractors                                  
  GBL_II = Distance Between Nuclei                                             
  GBL_III = Sum of Distances Between BCP and Nuclear Attractors                
  GBL_IV = Sum of Distances Between BCP and Nuclei                             

CP# 1      Coords =  2.42518490108758E+00 -1.57238731084183E+00  3.27572520729018E+00
           Type = (3,-3) NACP O1
           Rho =  3.0275681317E+02     Rho at Nucleus =  3.0275678771E+02
           GradRho = -1.3983051522E-10 -3.6607973597E-12  2.9943109364E-10
           HessRho_EigVals = -1.5094518906E+06 -1.5094254277E+06 -1.5094167497E+06
           HessRho_EigVec1 =  5.5279802000E-01  5.3648942202E-01 -6.3764680595E-01
           HessRho_EigVec2 = -5.8921598386E-02  7.8844176414E-01  6.1228084226E-01
           HessRho_EigVec3 =  8.3122956776E-01 -3.0089646828E-01  4.6745986037E-01
           DelSqRho = -4.5282940681E+06
           Bond Ellipticity = NA
           V = -1.1322248652E+06
           G =  7.5674089300E+01
           K =  1.1321491911E+06
           L =  1.1320735170E+06
           Vnuc =  1.3774827089E+06
           Ven = -4.1704227514E+08
           Vrep =  4.1591005028E+08
           DelSqV =  2.2065935551E+11
           DelSqVen =  6.2376467871E+12
           DelSqVrep = -6.0169874316E+12
           DelSqG =  5.6458981983E+09
           DelSqK = -2.2630525371E+11
           Stress_EigVals = -3.7741201236E+05 -3.7740901455E+05 -3.7740383828E+05
           Stress_EigVec1 =  8.2895315372E-01 -2.7705199766E-01  4.8587947017E-01
           Stress_EigVec2 = -7.9360029641E-02  8.0165036469E-01  5.9250204936E-01
           Stress_EigVec3 =  5.5365933084E-01  5.2971585155E-01 -6.4254374324E-01
           -DivStress = -6.1857509400E+04  3.4175775189E+05  2.4009632553E+05
           ESP =  -2.2346918896E+01     ESP at Nucleus =  -2.2346919159E+01
           ESPe = -3.9298726171E+01     ESPe at Nucleus = -3.9298719891E+01
           ESPn =  1.6951807275E+01     ESPn at Nucleus =  1.6951800732E+01

CP# 2      Coords =  4.10456521352657E+00 -3.62211782712419E+00 -1.05892571334380E-02
           Type = (3,-3) NACP O2
           Rho =  3.0298189640E+02     Rho at Nucleus =  3.0298187068E+02
           GradRho = -5.5910052803E-10 -1.8173894551E-10 -4.7320903706E-13
           HessRho_EigVals = -1.5106411318E+06 -1.5106356719E+06 -1.5106102188E+06
           HessRho_EigVec1 =  8.3783506834E-01 -1.5070459413E-01  5.2470994232E-01
           HessRho_EigVec2 = -1.5992269142E-01  8.5122407226E-01  4.9984228670E-01
           HessRho_EigVec3 = -5.2197426280E-01 -5.0269842263E-01  6.8908429445E-01
           DelSqRho = -4.5318870225E+06
           Bond Ellipticity = NA
           V = -1.1331221603E+06
           G =  7.5202312322E+01
           K =  1.1330469579E+06
           L =  1.1329717556E+06
           Vnuc =  1.3710262437E+06
           Ven = -4.1539613135E+08
           Vrep =  4.1426300919E+08
           DelSqV =  2.2083432008E+11
           DelSqVen =  6.2133360492E+12
           DelSqVrep = -5.9925017286E+12
           DelSqG =  5.6506733665E+09
           DelSqK = -2.2648499345E+11
           Stress_EigVals = -3.7771226724E+05 -3.7770531659E+05 -3.7770457642E+05
           Stress_EigVec1 = -5.2150335308E-01 -5.0474408832E-01  6.8794451668E-01
           Stress_EigVec2 =  1.5046700314E-01 -8.4803124400E-01 -5.0813648773E-01
           Stress_EigVec3 =  8.3987733253E-01 -1.6148193242E-01  5.1819846759E-01
           -DivStress =  7.5412510033E+04 -3.5744206069E+05 -2.1629313490E+05
           ESP =  -2.2413053929E+01     ESP at Nucleus =  -2.2413054161E+01
           ESPe = -3.8719756732E+01     ESPe at Nucleus = -3.8719742220E+01
           ESPn =  1.6306702803E+01     ESPn at Nucleus =  1.6306688059E+01

CP# 3      Coords = -3.37414979630955E+00  3.85775095228703E+00  8.36820257153814E-01
           Type = (3,-3) NACP N3
           Rho =  1.9889730268E+02     Rho at Nucleus =  1.9889730267E+02
           GradRho = -1.3214040452E-10 -4.6151868785E-11  1.3901657603E-12
           HessRho_EigVals = -7.4081330392E+05 -7.4081318707E+05 -7.4080122654E+05
           HessRho_EigVec1 =  4.6914785698E-01 -7.9466607779E-01 -3.8523514003E-01
           HessRho_EigVec2 =  8.3067592508E-01  5.4517384034E-01 -1.1297340974E-01
           HessRho_EigVec3 =  2.9979625714E-01 -2.6700432324E-01  9.1587711817E-01
           DelSqRho = -2.2224277175E+06
           Bond Ellipticity = NA
           V = -5.5566487237E+05
           G =  2.8971494502E+01
           K =  5.5563590088E+05
           L =  5.5560692938E+05
           Vnuc =  5.3409341513E+07
           Ven = -1.0622973965E+10
           Vrep =  1.0622418300E+10
           DelSqV =  7.9122148124E+10
           DelSqVen =  1.1869840055E+14
           DelSqVrep = -1.1861941262E+14
           DelSqG =  2.0699336765E+09
           DelSqK = -8.1192081800E+10
           Stress_EigVals = -1.8522324664E+05 -1.8522086307E+05 -1.8522076267E+05
           Stress_EigVec1 =  2.9980414059E-01 -2.6687084901E-01  9.1591343872E-01
           Stress_EigVec2 =  6.5133351298E-01 -6.4423241695E-01 -4.0091052347E-01
           Stress_EigVec3 =  6.9705246012E-01  7.1675975257E-01 -1.9321618510E-02
           -DivStress =  9.5364545689E+02  7.1132931631E+02  3.1954454835E+03
           ESP =  -1.8370809400E+01     ESP at Nucleus =  -1.8370809399E+01
           ESPe = -3.6129429258E+01     ESPe at Nucleus = -3.6129429162E+01
           ESPn =  1.7758619858E+01     ESPn at Nucleus =  1.7758619763E+01

CP# 4      Coords =  7.16863799170854E+00  7.66684690848847E-01 -8.93252444513546E-01
           Type = (3,-3) NACP N4
           Rho =  1.9916888626E+02     Rho at Nucleus =  1.9916887176E+02
           GradRho =  2.2287893059E-10  1.1132761379E-13  3.4460871656E-11
           HessRho_EigVals = -7.4188535627E+05 -7.4188348069E+05 -7.4186800778E+05
           HessRho_EigVec1 =  9.1593166077E-01 -3.0887502673E-01 -2.5625263054E-01
           HessRho_EigVec2 =  3.4816131096E-01  2.9392067761E-01  8.9016534241E-01
           HessRho_EigVec3 =  1.9963189712E-01  9.0454787222E-01 -3.7674958861E-01
           DelSqRho = -2.2256368447E+06
           Bond Ellipticity = NA
           V = -5.5646544260E+05
           G =  2.8115709154E+01
           K =  5.5643732689E+05
           L =  5.5640921118E+05
           Vnuc =  1.1199610382E+06
           Ven = -2.2306139262E+08
           Vrep =  2.2250492718E+08
           DelSqV =  7.9236169319E+10
           DelSqVen =  2.4926265528E+12
           DelSqVrep = -2.4133903845E+12
           DelSqG =  2.0730930283E+09
           DelSqK = -8.1309262347E+10
           Stress_EigVals = -1.8549069234E+05 -1.8548763281E+05 -1.8548711746E+05
           Stress_EigVec1 =  1.7873217759E-01  9.1472354276E-01 -3.6240260625E-01
           Stress_EigVec2 =  3.6791708841E-01  2.7947640979E-01  8.8686523916E-01
           Stress_EigVec3 =  9.1251949281E-01 -2.9184546715E-01 -2.8659099524E-01
           -DivStress =  4.8483649676E+04  1.3882541869E+05 -7.0605434699E+04
           ESP =  -1.8431999903E+01     ESP at Nucleus =  -1.8432000128E+01
           ESPe = -3.3557301453E+01     ESPe at Nucleus = -3.3557293636E+01
           ESPn =  1.5125301550E+01     ESPn at Nucleus =  1.5125293509E+01

CP# 5      Coords =  1.42848650784556E-01  2.19254344869453E+00 -8.52400860763171E-01
           Type = (3,-3) NACP C5
           Rho =  1.2271497340E+02     Rho at Nucleus =  1.2271497331E+02
           GradRho =  7.9227179331E-10 -6.9570567363E-10 -3.8528640001E-10
           HessRho_EigVals = -3.2477894632E+05 -3.2477824023E+05 -3.2477784288E+05
           HessRho_EigVec1 =  3.0903211978E-01 -2.4887303847E-01  9.1791141166E-01
           HessRho_EigVec2 =  8.4379352121E-01  5.1701556151E-01 -1.4390066962E-01
           HessRho_EigVec3 = -4.3876148704E-01  8.1899763118E-01  3.6977187240E-01
           DelSqRho = -9.7433502942E+05
           Bond Ellipticity = NA
           V = -2.4360135806E+05
           G =  8.8003525779E+00
           K =  2.4359255771E+05
           L =  2.4358375735E+05
           Vnuc =  8.0364126484E+06
           Ven = -9.8618816434E+08
           Vrep =  9.8594456299E+08
           DelSqV =  2.3898854530E+10
           DelSqVen =  7.8301588357E+12
           DelSqVrep = -7.8062599812E+12
           DelSqG =  6.4480184510E+08
           DelSqK = -2.4543656375E+10
           Stress_EigVals = -8.1200706854E+04 -8.1200557963E+04 -8.1200093243E+04
           Stress_EigVec1 = -5.3267316242E-01  7.5456694972E-01  3.8325972973E-01
           Stress_EigVec2 =  7.9450132094E-01  6.0187154373E-01 -8.0735963908E-02
           Stress_EigVec3 =  2.9159381520E-01 -2.6149448032E-01  9.2010525686E-01
           -DivStress = -4.1758810104E+03  3.6289060281E+03  1.9736425703E+03
           ESP =  -1.4798006703E+01     ESP at Nucleus =  -1.4798006707E+01
           ESPe = -3.5898688094E+01     ESPe at Nucleus = -3.5898688172E+01
           ESPn =  2.1100681391E+01     ESPn at Nucleus =  2.1100681465E+01

CP# 6      Coords =  2.79821265872162E+00  1.89911728798960E+00 -1.76616798559732E+00
           Type = (3,-3) NACP C6
           Rho =  1.2262341560E+02     Rho at Nucleus =  1.2262341542E+02
           GradRho = -1.4445805606E-09 -1.2044422946E-09  2.5266491356E-09
           HessRho_EigVals = -3.2451049319E+05 -3.2450994180E+05 -3.2450931052E+05
           HessRho_EigVec1 =  6.8472804248E-01 -3.5691584988E-01  6.3542000594E-01
           HessRho_EigVec2 = -6.7726142036E-01  1.0419018689E-02  7.3566868394E-01
           HessRho_EigVec3 =  2.6919226648E-01  9.3407843362E-01  2.3459114117E-01
           DelSqRho = -9.7352974551E+05
           Bond Ellipticity = NA
           V = -2.4339981773E+05
           G =  8.6906747206E+00
           K =  2.4339112705E+05
           L =  2.4338243638E+05
           Vnuc =  5.6837201753E+06
           Ven = -6.9695718121E+08
           Vrep =  6.9671378139E+08
           DelSqV =  2.3879070772E+10
           DelSqVen =  5.5332706058E+12
           DelSqVrep = -5.5093915351E+12
           DelSqG =  6.4421452876E+08
           DelSqK = -2.4523285301E+10
           Stress_EigVals = -8.1133430837E+04 -8.1133271375E+04 -8.1133115514E+04
           Stress_EigVec1 =  2.7819375961E-01  9.3287493732E-01  2.2880686929E-01
           Stress_EigVec2 = -7.1636904842E-01  4.2821232527E-02  6.9640629557E-01
           Stress_EigVec3 =  6.3986218718E-01 -3.5764604480E-01  6.8019533081E-01
           -DivStress =  3.7822193355E+03  3.2383422207E+03 -6.6374703779E+03
           ESP =  -1.4779577954E+01     ESP at Nucleus =  -1.4779577956E+01
           ESPe = -3.4014195835E+01     ESPe at Nucleus = -3.4014194041E+01
           ESPn =  1.9234617880E+01     ESPn at Nucleus =  1.9234616085E+01

CP# 7      Coords = -1.78987897607721E+00  2.82236117444170E-01 -7.85531970689968E-01
           Type = (3,-3) NACP C7
           Rho =  1.2276868216E+02     Rho at Nucleus =  1.2276868215E+02
           GradRho =  1.5206966329E-11  4.0425281395E-11  4.0603770346E-12
           HessRho_EigVals = -3.2493047919E+05 -3.2492878572E+05 -3.2492824165E+05
           HessRho_EigVec1 =  3.0673344496E-01 -2.7675195411E-01  9.1067170245E-01
           HessRho_EigVec2 =  9.4619826028E-01  1.9227521761E-01 -2.6026734898E-01
           HessRho_EigVec3 = -1.0307010233E-01  9.4150868110E-01  3.2083945738E-01
           DelSqRho = -9.7478750656E+05
           Bond Ellipticity = NA
           V = -2.4371447283E+05
           G =  8.7980978356E+00
           K =  2.4370567474E+05
           L =  2.4369687664E+05
           Vnuc =  2.5262562666E+07
           Ven = -3.1014515264E+09
           Vrep =  3.1012078119E+09
           DelSqV =  2.3909951620E+10
           DelSqVen =  2.4625589256E+13
           DelSqVrep = -2.4601675110E+13
           DelSqG =  6.4511949872E+08
           DelSqK = -2.4555071118E+10
           Stress_EigVals = -8.1238536248E+04 -8.1238319173E+04 -8.1237617413E+04
           Stress_EigVec1 = -1.5842234417E-02  9.5485522688E-01  2.9664881477E-01
           Stress_EigVec2 =  9.5221253134E-01  1.0491582663E-01 -2.8685181625E-01
           Stress_EigVec3 =  3.0502511170E-01 -2.7792834512E-01  9.1088721377E-01
           -DivStress = -2.6576195053E+02 -1.7117118577E+03 -7.0279751776E+02
           ESP =  -1.4799771693E+01     ESP at Nucleus =  -1.4799771694E+01
           ESPe = -3.6510287721E+01     ESPe at Nucleus = -3.6510287614E+01
           ESPn =  2.1710516027E+01     ESPn at Nucleus =  2.1710515921E+01

CP# 8      Coords =  4.66615092887753E+00  8.82685214348984E-01  2.22613133207058E-01
           Type = (3,-3) NACP C8
           Rho =  1.2264017060E+02     Rho at Nucleus =  1.2264017008E+02
           GradRho = -9.5078403484E-11  6.4793448384E-12 -3.6732977771E-12
           HessRho_EigVals = -3.2455971309E+05 -3.2455851460E+05 -3.2455772194E+05
           HessRho_EigVec1 =  8.8518697356E-01  2.7012465406E-01 -3.7878317426E-01
           HessRho_EigVec2 = -3.6889308560E-01  9.0362603968E-01 -2.1766458555E-01
           HessRho_EigVec3 =  2.8348176878E-01  3.3240434966E-01  8.9952511643E-01
           DelSqRho = -9.7367594962E+05
           Bond Ellipticity = NA
           V = -2.4343605235E+05
           G =  8.5324720942E+00
           K =  2.4342751988E+05
           L =  2.4341898740E+05
           Vnuc =  3.3442986303E+06
           Ven = -4.1014535457E+08
           Vrep =  4.0990191852E+08
           DelSqV =  2.3882642349E+10
           DelSqVen =  3.2562632049E+12
           DelSqVrep = -3.2323805625E+12
           DelSqG =  6.4431907902E+08
           DelSqK = -2.4526961428E+10
           Stress_EigVals = -8.1145598658E+04 -8.1145371286E+04 -8.1145082405E+04
           Stress_EigVec1 =  2.7824504494E-01  3.4531615158E-01  8.9629038287E-01
           Stress_EigVec2 = -3.8836562362E-01  8.9390752610E-01 -2.2383359257E-01
           Stress_EigVec3 =  8.7849407360E-01  2.8580778547E-01 -3.8283426233E-01
           -DivStress = -8.6421311454E+03  9.4788112345E+03  5.8739371454E+03
           ESP =  -1.4742870658E+01     ESP at Nucleus =  -1.4742870673E+01
           ESPe = -3.4335749978E+01     ESPe at Nucleus = -3.4335749749E+01
           ESPn =  1.9592879321E+01     ESPn at Nucleus =  1.9592879077E+01

CP# 9      Coords = -3.96297248633642E+00  1.39432867125324E+00  2.85386187524832E-01
           Type = (3,-3) NACP C9
           Rho =  1.2276899565E+02     Rho at Nucleus =  1.2276899407E+02
           GradRho = -2.0488471596E-11 -3.2412136451E-11  3.9641857505E-13
           HessRho_EigVals = -3.2492648910E+05 -3.2492626949E+05 -3.2492363879E+05
           HessRho_EigVec1 =  3.0823988508E-01 -2.0134429381E-01  9.2975730629E-01
           HessRho_EigVec2 =  7.4933326668E-02  9.7944766088E-01  1.8726258608E-01
           HessRho_EigVec3 =  9.4835287198E-01 -1.1948009940E-02 -3.1699223217E-01
           DelSqRho = -9.7477639738E+05
           Bond Ellipticity = NA
           V = -2.4371152575E+05
           G =  8.7132021795E+00
           K =  2.4370281255E+05
           L =  2.4369409934E+05
           Vnuc =  1.9224730665E+06
           Ven = -2.3602008753E+08
           Vrep =  2.3577637600E+08
           DelSqV =  2.3909657915E+10
           DelSqVen =  1.8739813908E+12
           DelSqVrep = -1.8500717329E+12
           DelSqG =  6.4510218767E+08
           DelSqK = -2.4554760102E+10
           Stress_EigVals = -8.1237784873E+04 -8.1237036010E+04 -8.1236704865E+04
           Stress_EigVec1 =  9.5179880408E-01  4.2923456874E-02 -3.0370481295E-01
           Stress_EigVec2 =  4.0711168927E-02  9.6371995368E-01  2.6379244039E-01
           Stress_EigVec3 =  3.0400927171E-01 -2.6344150723E-01  9.1552003527E-01
           -DivStress = -5.8105475262E+02 -2.3546646005E+04 -6.9859841379E+03
           ESP =  -1.4761071932E+01     ESP at Nucleus =  -1.4761071978E+01
           ESPe = -3.5129692327E+01     ESPe at Nucleus = -3.5129693503E+01
           ESPn =  2.0368620395E+01     ESPn at Nucleus =  2.0368621526E+01

CP# 10     Coords = -9.13454142342934E-01  4.32010556407047E+00  1.43522242562080E-01
           Type = (3,-3) NACP C10
           Rho =  1.2276887732E+02     Rho at Nucleus =  1.2276887551E+02
           GradRho = -6.3482711926E-12  6.3187836067E-11 -3.5341412956E-14
           HessRho_EigVals = -3.2491557600E+05 -3.2491529366E+05 -3.2491299543E+05
           HessRho_EigVec1 =  9.4437959732E-01  2.2811453415E-01 -2.3687746935E-01
           HessRho_EigVec2 =  2.9341587722E-01 -2.5919936266E-01  9.2017542533E-01
           HessRho_EigVec3 = -1.4850689940E-01  9.3849850810E-01  3.1171501588E-01
           DelSqRho = -9.7474386509E+05
           Bond Ellipticity = NA
           V = -2.4370325709E+05
           G =  8.6454058826E+00
           K =  2.4369461168E+05
           L =  2.4368596627E+05
           Vnuc =  1.7955039397E+06
           Ven = -2.2043200290E+08
           Vrep =  2.2018829964E+08
           DelSqV =  2.3908831170E+10
           DelSqVen =  1.7501564518E+12
           DelSqVrep = -1.7262476207E+12
           DelSqG =  6.4506008572E+08
           DelSqK = -2.4553891255E+10
           Stress_EigVals = -8.1234994199E+04 -8.1234222926E+04 -8.1234039960E+04
           Stress_EigVec1 = -1.2703430023E-01  9.4161640981E-01  3.1180253901E-01
           Stress_EigVec2 =  9.4301063595E-01  2.1212183939E-01 -2.5638889551E-01
           Stress_EigVec3 =  3.0756011941E-01 -2.6146292667E-01  9.1490103887E-01
           -DivStress =  2.3316573501E+04 -6.8023751643E+03 -1.0094835134E+04
           ESP =  -1.4759785769E+01     ESP at Nucleus =  -1.4759785817E+01
           ESPe = -3.3429693602E+01     ESPe at Nucleus = -3.3429694476E+01
           ESPn =  1.8669907833E+01     ESPn at Nucleus =  1.8669908659E+01

CP# 11     Coords = -1.88120237927096E+00 -2.25609428151076E+00 -1.53165309482869E+00
           Type = (3,-3) NACP C11
           Rho =  1.2277506925E+02     Rho at Nucleus =  1.2277506918E+02
           GradRho =  4.3561787771E-10  4.3999494282E-10 -2.8314664849E-11
           HessRho_EigVals = -3.2493292159E+05 -3.2493035361E+05 -3.2492999824E+05
           HessRho_EigVec1 =  2.9513312619E-01 -2.7344664501E-01  9.1549078103E-01
           HessRho_EigVec2 = -4.5183787399E-01  8.0431483600E-01  3.8590177536E-01
           HessRho_EigVec3 =  8.4186636318E-01  5.2754580552E-01 -1.1382640126E-01
           DelSqRho = -9.7479327344E+05
           Bond Ellipticity = NA
           V = -2.4371574720E+05
           G =  8.7144193806E+00
           K =  2.4370703278E+05
           L =  2.4369831836E+05
           Vnuc =  9.6393329775E+06
           Ven = -1.1834697738E+09
           Vrep =  1.1832260581E+09
           DelSqV =  2.3910052001E+10
           DelSqVen =  9.3963587420E+12
           DelSqVrep = -9.3724486900E+12
           DelSqG =  6.4509364267E+08
           DelSqK = -2.4555145643E+10
           Stress_EigVals = -8.1238982021E+04 -8.1238856147E+04 -8.1237909030E+04
           Stress_EigVec1 =  8.2621647304E-01  5.5391897126E-01 -1.0266505222E-01
           Stress_EigVec2 = -4.7810583087E-01  7.8583860000E-01  3.9226586550E-01
           Stress_EigVec3 =  2.9796166558E-01 -2.7501175980E-01  9.1410468646E-01
           -DivStress = -3.3121980624E+03 -3.6076205957E+03  1.1802924143E+02
           ESP =  -1.4798930545E+01     ESP at Nucleus =  -1.4798930547E+01
           ESPe = -3.4218454388E+01     ESPe at Nucleus = -3.4218453958E+01
           ESPn =  1.9419523843E+01     ESPn at Nucleus =  1.9419523410E+01

CP# 12     Coords = -6.20409433583857E+00  5.34713887691783E-02  6.32445014694771E-01
           Type = (3,-3) NACP C12
           Rho =  1.2274289445E+02     Rho at Nucleus =  1.2274289431E+02
           GradRho =  3.8433345298E-10  2.0527784188E-09  5.0588460981E-10
           HessRho_EigVals = -3.2483816861E+05 -3.2483654145E+05 -3.2483595609E+05
           HessRho_EigVec1 =  3.0507310089E-01 -2.7977466583E-01  9.1030573956E-01
           HessRho_EigVec2 =  9.4728342062E-01 -9.1155712020E-03 -3.2026711881E-01
           HessRho_EigVec3 =  9.7900582926E-02  9.6002241782E-01  2.6224498688E-01
           DelSqRho = -9.7451066616E+05
           Bond Ellipticity = NA
           V = -2.4364522749E+05
           G =  8.7804730889E+00
           K =  2.4363644701E+05
           L =  2.4362766654E+05
           Vnuc =  6.4462784168E+06
           Ven = -7.9123487130E+08
           Vrep =  7.9099122608E+08
           DelSqV =  2.3903119830E+10
           DelSqVen =  6.2819675668E+12
           DelSqVrep = -6.2580641849E+12
           DelSqG =  6.4488834122E+08
           DelSqK = -2.4548008171E+10
           Stress_EigVals = -8.1215437143E+04 -8.1215249875E+04 -8.1214540468E+04
           Stress_EigVec1 =  1.0022699537E-01  9.6036411196E-01  2.6010636644E-01
           Stress_EigVec2 =  9.4684066519E-01 -1.1743245229E-02 -3.2148849269E-01
           Stress_EigVec3 =  3.0569151794E-01 -2.7850111069E-01  9.1048878477E-01
           -DivStress = -1.3686965234E+03 -6.9934611124E+03 -1.6900540322E+03
           ESP =  -1.4792579046E+01     ESP at Nucleus =  -1.4792579051E+01
           ESPe = -3.2080838990E+01     ESPe at Nucleus = -3.2080839062E+01
           ESPn =  1.7288259943E+01     ESPn at Nucleus =  1.7288260011E+01

CP# 13     Coords =  3.73990450469363E+00 -1.68516228682211E+00  1.11748597138411E+00
           Type = (3,-3) NACP C13
           Rho =  1.2294556927E+02     Rho at Nucleus =  1.2294556713E+02
           GradRho = -2.4557507937E-11  3.2854661700E-11  3.4265285487E-11
           HessRho_EigVals = -3.2543062693E+05 -3.2542777867E+05 -3.2542495047E+05
           HessRho_EigVec1 =  8.3639176604E-01 -1.4477620409E-01  5.2866687473E-01
           HessRho_EigVec2 = -5.2594508319E-01  5.9659563935E-02  8.4842354158E-01
           HessRho_EigVec3 =  1.5437157502E-01  9.8766420769E-01  2.6245564661E-02
           DelSqRho = -9.7628335606E+05
           Bond Ellipticity = NA
           V = -2.4408702913E+05
           G =  8.0950574023E+00
           K =  2.4407893407E+05
           L =  2.4407083902E+05
           Vnuc =  1.6574906014E+06
           Ven = -2.0378112554E+08
           Vrep =  2.0353703851E+08
           DelSqV =  2.3946567553E+10
           DelSqVen =  1.6181804810E+12
           DelSqVrep = -1.5942339135E+12
           DelSqG =  6.4616936527E+08
           DelSqK = -2.4592736919E+10
           Stress_EigVals = -8.1363276636E+04 -8.1362367975E+04 -8.1361384520E+04
           Stress_EigVec1 =  9.0052441947E-02  9.8800338554E-01  1.2545863004E-01
           Stress_EigVec2 = -5.3567121207E-01 -5.8148214223E-02  8.4242218498E-01
           Stress_EigVec3 =  8.3961116611E-01 -1.4306675133E-01  5.2400858238E-01
           -DivStress =  1.5492148350E+04  8.7254744029E+03 -2.2321617123E+04
           ESP =  -1.4657979592E+01     ESP at Nucleus =  -1.4657979655E+01
           ESPe = -3.5331010060E+01     ESPe at Nucleus = -3.5331010132E+01
           ESPn =  2.0673030469E+01     ESPn at Nucleus =  2.0673030476E+01

CP# 14     Coords = -4.09459143532856E+00 -3.58974842697567E+00 -1.18815293560412E+00
           Type = (3,-3) NACP C14
           Rho =  1.2276111141E+02     Rho at Nucleus =  1.2276111139E+02
           GradRho = -5.8447563196E-12 -6.0420024127E-11  3.2397066366E-11
           HessRho_EigVals = -3.2488707512E+05 -3.2488497707E+05 -3.2488454465E+05
           HessRho_EigVec1 =  3.1114531098E-01 -2.7517642053E-01  9.0965187464E-01
           HessRho_EigVec2 = -2.3056430669E-01  9.0671081142E-01  3.5315096622E-01
           HessRho_EigVec3 =  9.2197000815E-01  3.1961452101E-01 -2.1867295677E-01
           DelSqRho = -9.7465659683E+05
           Bond Ellipticity = NA
           V = -2.4368161817E+05
           G =  8.7344831982E+00
           K =  2.4367288369E+05
           L =  2.4366414921E+05
           Vnuc =  1.4486476043E+07
           Ven = -1.7783758995E+09
           Vrep =  1.7781322179E+09
           DelSqV =  2.3906688962E+10
           DelSqVen =  1.4119325401E+13
           DelSqVrep = -1.4095418712E+13
           DelSqG =  6.4498576646E+08
           DelSqK = -2.4551674729E+10
           Stress_EigVals = -8.1227579445E+04 -8.1227432680E+04 -8.1226606050E+04
           Stress_EigVec1 =  9.2932261913E-01  2.8984934450E-01 -2.2879428984E-01
           Stress_EigVec2 = -2.0039447503E-01  9.1627411446E-01  3.4681955186E-01
           Stress_EigVec3 =  3.1016370508E-01 -2.7645814270E-01  9.0959846712E-01
           -DivStress =  2.3238954775E+03  2.2599268064E+03 -3.4897011215E+02
           ESP =  -1.4803907445E+01     ESP at Nucleus =  -1.4803907447E+01
           ESPe = -3.2049858163E+01     ESPe at Nucleus = -3.2049858847E+01
           ESPn =  1.7245950718E+01     ESPn at Nucleus =  1.7245951400E+01

CP# 15     Coords = -6.23632412115803E+00 -2.44377973824125E+00 -1.14327845385790E-01
           Type = (3,-3) NACP C15
           Rho =  1.2277321396E+02     Rho at Nucleus =  1.2277321395E+02
           GradRho =  4.1888495710E-11 -6.7283823044E-11  1.5517582445E-11
           HessRho_EigVals = -3.2492089753E+05 -3.2491848164E+05 -3.2491810992E+05
           HessRho_EigVec1 =  3.0993519741E-01 -2.7851371661E-01  9.0904910927E-01
