AIMSum (Version 17.01.25, Professional)
Copyright (c) 1997-2017 by Todd A. Keith
AIMSum is a component of the AIMAll package ( http://aim.tkgristmill.com )

TP:  64-bit Linux

Licensed To:  Research Group of Fernando Cortes Guzman, UNAM, fercor@unam.mx

Much of the Quantum Theory of Atoms in Molecules (QTAIM) is described in the book:
  "Atoms in Molecules - A Quantum Theory"
  R.F.W. Bader, Oxford University Press, Oxford, 1990

For additional references see:  http://aim.tkgristmill.com/references.html

Wfn File:  /home/alejandro/wd/hf_portion/aimqb_part/tyrosine_08000.wfn
Sum File:  /home/alejandro/wd/hf_portion/aimqb_part/tyrosine_08000.sum

SumViz File:  /home/alejandro/wd/hf_portion/aimqb_part/tyrosine_08000.sumviz

Wfn Title:   opt tyrosine M062X def2TZVP                                                   
 
Total memory allocated for AIMSum =        1.338 Megabytes

Atomic units (a.u.) used throughout, except where stated otherwise

Model:  Restricted SCF
 
Restricted, closed-shell, single-determinant wavefunction.
  Number of electrons (from MO Occs)                   =          96.0000000000
  Number of Alpha electrons (from MO Occs)             =          48.0000000000
  Number of Beta electrons (from MO Occs)              =          48.0000000000
  Number of electron pairs (N*(N-1)/2)                 =        4560.0000000000
  Number of electron pairs (from Muller 2EDM)          =        4560.0000000000
 
Nuclear Charges and Cartesian Coordinates:
-------------------------------------------------------------------------------
Atom      Charge                X                  Y                  Z
-------------------------------------------------------------------------------
O1         8.0          -2.5881244300E+00  -2.5844072400E+00  -2.6534764100E+00
O2         8.0           7.8641922600E+00  -8.4434433000E-01  -6.5053575000E-01
O3         8.0          -4.6851745600E+00  -3.0276962500E+00   9.8156103000E-01
N4         7.0          -6.6764487800E+00   1.7881399000E+00  -1.5253556000E-01
C5         6.0          -2.1939640900E+00   2.1593415000E+00   1.4106675000E+00
C6         6.0          -4.0438428700E+00   1.1607234700E+00  -6.1518154000E-01
C7         6.0           5.0214852000E-01   1.3872991900E+00   9.4961197000E-01
C8         6.0           1.5127907700E+00  -7.4203386000E-01   2.1099848600E+00
C9         6.0           2.0219971900E+00   2.7149112500E+00  -7.4270778000E-01
C10        6.0          -3.8483620300E+00  -1.6950070700E+00  -6.5359627000E-01
C11        6.0           3.9638022900E+00  -1.5274624900E+00   1.6074691000E+00
C12        6.0           4.4691381500E+00   1.9580540100E+00  -1.2639009500E+00
C13        6.0           5.4460175000E+00  -1.7578782000E-01  -8.3758900000E-02
H14        1.0          -2.8406626500E+00   1.4545031300E+00   3.2402546000E+00
H15        1.0          -2.3611251000E+00   4.2174913500E+00   1.4351236500E+00
H16        1.0          -3.4801809100E+00   1.8736077200E+00  -2.4654867200E+00
H17        1.0           3.6315252000E-01  -1.8115286600E+00   3.4263411400E+00
H18        1.0           1.2752626400E+00   4.3842752500E+00  -1.6675970500E+00
H19        1.0          -6.8694507200E+00   3.6629551600E+00   1.8035648000E-01
H20        1.0          -7.2900874700E+00   8.4168892000E-01   1.3986984000E+00
H21        1.0           4.7266944900E+00  -3.1864353800E+00   2.5378442500E+00
H22        1.0           5.6525001900E+00   2.9931618300E+00  -2.5701370000E+00
H23        1.0          -2.4702477800E+00  -4.4018136300E+00  -2.4644443600E+00
H24        1.0           8.3237874400E+00  -2.3335316100E+00   2.8487656000E-01
 
Some Atomic Properties:
----------------------
  q(A) = Net Charge of Atom A
  L(A) = Lagrangian of Atom A = -(1/4) Times Atomic Integral of the Laplacian of the Electron Density
  K(A) = Electronic Kinetic Energy of Atom A (Hamiltonian Form)
  K_Scaled(A) = K(A) * E(Mol)/K(Mol) = Approximation to Virial-Based Total Energy of Atom A.
  |Mu_Intra(A)| = Magnitude of Intraatomic Dipole Moment of Atom A
--------------------------------------------------------------------------------------------------
Atom A          q(A)              L(A)              K(A)          K_Scaled(A)      |Mu_Intra(A)|
--------------------------------------------------------------------------------------------------
O1       -1.2606406908E+00  7.3728963585E-05  7.6083733104E+01 -7.6524365197E+01  3.7301875884E-01
O2       -1.2402339421E+00 -2.0576682495E-04  7.6009607166E+01 -7.6449809965E+01  3.0989528357E-01
O3       -1.3608926185E+00  4.4201360806E-05  7.6194682247E+01 -7.6635956891E+01  6.4941675113E-01
N4       -1.0652280022E+00 -1.5205109117E-04  5.5252975503E+01 -5.5572968138E+01  1.9569249153E-01
C5        1.6369511920E-01  1.9556499128E-04  3.8051344843E+01 -3.8271715782E+01  1.7991213911E-02
C6        5.3799291780E-01  3.1081348511E-05  3.7855620509E+01 -3.8074857928E+01  4.5124819886E-01
C7       -1.8099399600E-02  6.3402179197E-05  3.8195719083E+01 -3.8416926153E+01  8.4828023111E-02
C8        1.5712465900E-02  1.2529042954E-04  3.8153808130E+01 -3.8374772476E+01  7.1009226846E-02
C9        1.4449086000E-02 -2.8858146652E-04  3.8152393578E+01 -3.8373349732E+01  4.2919530309E-02
C10       1.8057626548E+00 -1.3577976016E-08  3.6988907062E+01 -3.7203124988E+01  9.5051531092E-01
C11       3.3968274500E-02  1.0053522701E-04  3.8131887835E+01 -3.8352725231E+01  1.3463345723E-01
C12       5.7368804000E-02 -1.6640340434E-04  3.8127528317E+01 -3.8348340466E+01  1.6454433263E-01
C13       5.4251899840E-01  2.2371050498E-05  3.7832032255E+01 -3.8051133065E+01  8.1635168728E-01
H14      -3.6824618100E-02  2.4681111812E-05  6.6359085079E-01 -6.6743397748E-01  1.1607398895E-01
H15      -5.5097075500E-02  3.0274019566E-05  6.6988583120E-01 -6.7376541470E-01  1.1834658832E-01
H16      -1.7634543500E-02  4.4662725235E-05  6.6422042274E-01 -6.6806719554E-01  1.1099302289E-01
H17       8.9184867000E-04  3.3453816438E-05  6.4130018574E-01 -6.4501421804E-01  1.1006363935E-01
H18      -1.8221871200E-02  2.5532181401E-05  6.4855541287E-01 -6.5231146318E-01  1.1409666431E-01
H19       3.3544818963E-01  3.4999986101E-05  5.0568824362E-01 -5.0861689157E-01  1.8090749155E-01
H20       3.6254185736E-01  3.8484669600E-05  4.9248432576E-01 -4.9533650441E-01  1.7158974044E-01
H21      -2.6202093000E-02  2.2108307087E-05  6.4850524087E-01 -6.5226100061E-01  1.1685180514E-01
H22       1.0184846780E-02  2.1420830731E-05  6.3399111274E-01 -6.3766281521E-01  1.1511883484E-01
H23       6.2061217849E-01  2.8704355924E-05  3.4724933862E-01 -3.4926040192E-01  1.4393871396E-01
H24       5.9802061557E-01  2.7669833650E-05  3.6524453147E-01 -3.6735981230E-01  1.5163903168E-01
--------------------------------------------------------------------------------------------------
Total     9.3002600001E-05  1.7535102302E-04  6.3131095513E+02 -6.3496713571E+02
 
Molecular charge q(Mol) from the wfn file:   0.0000000000E+00
Molecular energy E(Mol) from the wfn file:  -6.3496706488E+02
Molecular virial ratio (-V(Mol)/T(Mol)) from the wfn file:   2.0057914100E+00
Note.  K_Scaled(A) = (1+V(Mol)/T(Mol))*K(A) = (E(Mol)/T(Mol))*K(A)
       Only use K_Scaled(A) data with caution.
 
N_AIMInt(SumA)     =         95.999907
N_Analytic(Mol)    =         95.999990
 
G_AIMInt(SumA)     =        631.310780
G_Analytic(Mol)    =        631.310861
 
K_AIMInt(SumA)     =        631.310955
K_Analytic(Mol)    =        631.310861
 
L_AIMInt(SumA)     =          0.000175
L_Analytic(Mol)    =          0.000000
 
VenT_AIMInt(SumA)  =      -3055.441430
VenT_Analytic(Mol) =      -3055.441485
 
Some Information About the Atomic Calculations:
----------------------------------------------
  Time(sec) = "Elapsed User Time", in Seconds, for Atom A by AIMInt and, if used, by TWOe
  NProc = Number of Processors Used for AIMInt Job
  BIM = Basin Integration Method
  OAQ = Angular Quadrature Outside of Beta Sphere
  ORQ = Multiple of Default for Radial Quadrature Outside of Beta Sphere
  IAQ = Multiple of Default for Angular Quadrature Inside of Beta Sphere
  IRQ = Multiple of Default for Radial Quadrature Inside of Beta Sphere
  MIR = Maximum Integration Radius
------------------------------------------------------------------------------------------------------
Atom A     Time(sec)   NProc      BIM              OAQ                 ORQ      IAQ      IRQ      MIR
------------------------------------------------------------------------------------------------------
O1             70       32     Proaim(5)    4334      (Very High)      1.00     1.00     1.00    13.00
O2             55       32     Proaim(5)    4334      (Very High)      1.00     1.00     1.00    13.00
O3             62       32     Proaim(5)    3074      (Very High)      1.00     1.00     1.00    13.00
N4             82       32     Proaim(5)    4334      (Very High)      1.00     1.00     1.00    13.00
C5            187       32     Proaim(5)    4334      (Very High)      1.00     1.00     1.00    13.00
C6            224       32     Proaim(5)    4334      (Very High)      1.00     1.00     1.00    13.00
C7            149       32     Proaim(5)    4334      (Very High)      1.00     1.00     1.00    13.00
C8            116       32     Proaim(5)    4334      (Very High)      1.00     1.00     1.00    13.00
C9             94       32     Proaim(5)    4334      (Very High)      1.00     1.00     1.00    13.00
C10           179       32     Proaim(5)    4334      (Very High)      1.00     1.00     1.00    13.00
C11            87       32     Proaim(5)    4334      (Very High)      1.00     1.00     1.00    13.00
C12            81       32     Proaim(5)    4334      (Very High)      1.00     1.00     1.00    13.00
C13            89       32     Proaim(5)    4334      (Very High)      1.00     1.00     1.00    13.00
H14            29       32     Proaim(5)    2030      (Very High)      1.00     1.00     1.00    13.00
H15            28       32     Proaim(5)    2030      (Very High)      1.00     1.00     1.00    13.00
H16            28       32     Proaim(5)    2030      (Very High)      1.00     1.00     1.00    13.00
H17            35       32     Proaim(5)    2030      (Very High)      1.00     1.00     1.00    13.00
H18            26       32     Proaim(5)    2030      (Very High)      1.00     1.00     1.00    13.00
H19            19       32     Proaim(5)    2030      (Very High)      1.00     1.00     1.00    13.00
H20            22       32     Proaim(5)    2030      (Very High)      1.00     1.00     1.00    13.00
H21            24       32     Proaim(5)    2030      (Very High)      1.00     1.00     1.00    13.00
H22            23       32     Proaim(5)    2030      (Very High)      1.00     1.00     1.00    13.00
H23            17       32     Proaim(5)    2030      (Very High)      1.00     1.00     1.00    13.00
H24            17       32     Proaim(5)    2030      (Very High)      1.00     1.00     1.00    13.00
------------------------------------------------------------------------------------------------------
Total        1743
Note:  Total wall clock time is less than total of atomic times if more than one atom
       was calculated at a time
 
Electron Density Critical Point Analysis of Molecular Structure:               
---------------------------------------------------------------                
  NACP = Nuclear Attractor Critical Point                                      
  NNACP = Non-Nuclear Attractor Critical Point                                 
  BCP = Bond Critical Point                                                    
  RCP = Ring Critical Point                                                    
  CCP = Cage Critical Point                                                    
  Rho = Electron Density                                                       
  GradRho = Gradient of Electron Density                                       
  HessRho_EigVals = Eigenvalues of the Hessian of Rho, Ascending Order         
  HessRho_EigVecs = Eigenvectors of the Hessian of Rho                         
  DelSqRho = Laplacian of Rho = Trace of Hessian of Rho                        
  Bond Ellipticity = (HessRho_EigVal(1) / HessRho_EigVal(2)) - 1               
  V = Virial Field = Potential Energy Density = Trace of Stress Tensor         
  G = Lagrangian Form of Kinetic Energy Density                                
  K = Hamiltonian Form of Kinetic Energy Density                               
  L = K - G = Lagrangian Density = (-1/4)DelSqRho                              
  Vnuc = Electrostatic Potential from Nuclei                                   
  Ven = Electron-nuclear attractive contribution to Virial Field V             
  Vrep = V - Ven = Repulsive contribution to Virial Field V                    
  DelSqV = Laplacian of V                                                      
  DelSqVen = Laplacian of Ven                                                  
  DelSqVrep = Laplacian of Vrep                                                
  DelSqG = Laplacian of G                                                      
  DelSqK = Laplacian of K                                                      
  Stress_EigVals = Eigenvalues of Stress Tensor, Ascending Order               
  Stress_EigVecs = Eigenvectors of Stress Tensor                               
  -DivStress = Ehrenfest Force Density = Minus Divergence of Stress Tensor     
  ESP = Total Electrostatic Potential                                          
  ESPe = Electrostatic Potential from Electrons                                
  ESPn = Electrostatic Potential from Nuclei                                   
  BP = Bond Path                                                               
  BPL = Bond Path Length                                                       
  GBL = Geometric Bond Length                                                  
  GBL_I = Distance Between Nuclear Attractors                                  
  GBL_II = Distance Between Nuclei                                             
  GBL_III = Sum of Distances Between BCP and Nuclear Attractors                
  GBL_IV = Sum of Distances Between BCP and Nuclei                             

CP# 1      Coords = -2.58812670135226E+00 -2.58441048912719E+00 -2.65347184302348E+00
           Type = (3,-3) NACP O1
           Rho =  3.0410354683E+02     Rho at Nucleus =  3.0410351908E+02
           GradRho = -1.5068346571E-10 -3.0092861536E-10 -6.4392935428E-11
           HessRho_EigVals = -1.5174468683E+06 -1.5174194531E+06 -1.5174096154E+06
           HessRho_EigVec1 = -3.5136448278E-01  8.3153677784E-01  4.3022039390E-01
           HessRho_EigVec2 = -3.4854214459E-01 -5.4266737206E-01  7.6421888013E-01
           HessRho_EigVec3 =  8.6894267572E-01  1.1856943281E-01  4.8049965236E-01
           DelSqRho = -4.5522759367E+06
           Bond Ellipticity = NA
           V = -1.1382178821E+06
           G =  7.4448960210E+01
           K =  1.1381434331E+06
           L =  1.1380689842E+06
           Vnuc =  1.3228597581E+06
           Ven = -4.0228634439E+08
           Vrep =  4.0114812651E+08
           DelSqV =  2.2183139414E+11
           DelSqVen =  6.0220226458E+12
           DelSqVrep = -5.8001912516E+12
           DelSqG =  5.6804880007E+09
           DelSqK = -2.2751188214E+11
           Stress_EigVals = -3.7940999220E+05 -3.7940660804E+05 -3.7940128185E+05
           Stress_EigVec1 =  8.6599212259E-01  1.1429293611E-01  4.8682108455E-01
           Stress_EigVec2 = -3.5285208691E-01 -5.5016681470E-01  7.5684336607E-01
           Stress_EigVec3 = -3.5433465590E-01  8.2719622869E-01  4.3611162662E-01
           -DivStress =  1.6598655387E+05  2.3746430205E+05 -3.3375779817E+05
           ESP =  -2.2376090814E+01     ESP at Nucleus =  -2.2376091116E+01
           ESPe = -3.7486657023E+01     ESPe at Nucleus = -3.7486650984E+01
           ESPn =  1.5110566209E+01     ESPn at Nucleus =  1.5110559868E+01

CP# 2      Coords =  7.86418833451199E+00 -8.44347314532085E-01 -6.50531717172816E-01
           Type = (3,-3) NACP O2
           Rho =  3.0398029345E+02     Rho at Nucleus =  3.0398026267E+02
           GradRho = -1.9459112099E-10 -3.5409342125E-11  4.9487525189E-11
           HessRho_EigVals = -1.5168057236E+06 -1.5167789539E+06 -1.5167603230E+06
           HessRho_EigVec1 =  7.4867083672E-01 -6.4362146736E-01  1.5888166981E-01
           HessRho_EigVec2 =  5.7262554108E-01  5.0706424423E-01 -6.4419394745E-01
           HessRho_EigVec3 =  3.3405383990E-01  5.7326892379E-01  7.4817830299E-01
           DelSqRho = -4.5503450004E+06
           Bond Ellipticity = NA
           V = -1.1377354040E+06
           G =  7.4576945549E+01
           K =  1.1376608270E+06
           L =  1.1375862501E+06
           Vnuc =  1.2558425580E+06
           Ven = -3.8175138929E+08
           Vrep =  3.8061365389E+08
           DelSqV =  2.2173736276E+11
           DelSqVen =  5.7145169004E+12
           DelSqVrep = -5.4927795376E+12
           DelSqG =  5.6779660202E+09
           DelSqK = -2.2741532878E+11
           Stress_EigVals = -3.7925061729E+05 -3.7924491117E+05 -3.7923987552E+05
           Stress_EigVec1 =  3.3395396632E-01  5.7318438738E-01  7.4828764953E-01
           Stress_EigVec2 =  5.5212821356E-01  5.2446308333E-01 -6.4814574751E-01
           Stress_EigVec3 =  7.6395627111E-01 -6.2960156630E-01  1.4132474498E-01
           -DivStress =  2.8673834100E+05  2.1803608390E+05 -2.9460187495E+05
           ESP =  -2.2396046252E+01     ESP at Nucleus =  -2.2396046592E+01
           ESPe = -3.4975547115E+01     ESPe at Nucleus = -3.4975538391E+01
           ESPn =  1.2579500863E+01     ESPn at Nucleus =  1.2579491799E+01

CP# 3      Coords = -4.68517227564832E+00 -3.02769284078191E+00  9.81556649493191E-01
           Type = (3,-3) NACP O3
           Rho =  3.0433699477E+02     Rho at Nucleus =  3.0433696741E+02
           GradRho = -7.1482153530E-11 -1.9353418174E-10 -4.6849635282E-11
           HessRho_EigVals = -1.5186855988E+06 -1.5186808258E+06 -1.5186537845E+06
           HessRho_EigVec1 =  8.5035871521E-01  5.3789078694E-02  5.2344702739E-01
           HessRho_EigVec2 = -3.9774296777E-01 -5.8558472134E-01  7.0632221098E-01
           HessRho_EigVec3 = -3.4451500266E-01  8.0882462200E-01  4.7656284349E-01
           DelSqRho = -4.5560202091E+06
           Bond Ellipticity = NA
           V = -1.1391530106E+06
           G =  7.3979185665E+01
           K =  1.1390790315E+06
           L =  1.1390050523E+06
           Vnuc =  1.3327952190E+06
           Ven = -4.0561889160E+08
           Vrep =  4.0447973859E+08
           DelSqV =  2.2201376036E+11
           DelSqVen =  6.0722419538E+12
           DelSqVrep = -5.8502281934E+12
           DelSqG =  5.6854846804E+09
           DelSqK = -2.2769924504E+11
           Stress_EigVals = -3.7972279276E+05 -3.7971537784E+05 -3.7971484005E+05
           Stress_EigVec1 = -3.4371510836E-01  8.1014314876E-01  4.7489788671E-01
           Stress_EigVec2 = -4.2128036419E-01 -5.8498980897E-01  6.9304385009E-01
           Stress_EigVec3 =  8.3927515097E-01  3.8144487365E-02  5.4236723634E-01
           -DivStress = -1.6708080071E+05 -2.4935359591E+05  3.2039366399E+05
           ESP =  -2.2447027381E+01     ESP at Nucleus =  -2.2447027646E+01
           ESPe = -3.7146831576E+01     ESPe at Nucleus = -3.7146816855E+01
           ESPn =  1.4699804195E+01     ESPn at Nucleus =  1.4699789210E+01

CP# 4      Coords = -6.67644490942210E+00  1.78814153632030E+00 -1.52530843450763E-01
           Type = (3,-3) NACP N4
           Rho =  2.0016617324E+02     Rho at Nucleus =  2.0016615834E+02
           GradRho = -3.2114799708E-10  5.3824056323E-11  5.7263083164E-12
           HessRho_EigVals = -7.4629892879E+05 -7.4629696934E+05 -7.4628047067E+05
           HessRho_EigVec1 = -8.2094667801E-01  4.0324429707E-01  4.0427786080E-01
           HessRho_EigVec2 =  2.2071806305E-01  8.7707823018E-01 -4.2663487291E-01
           HessRho_EigVec3 =  5.2662139009E-01  2.6101305527E-01  8.0903775961E-01
           DelSqRho = -2.2388763688E+06
           Bond Ellipticity = NA
           V = -5.5977403448E+05
           G =  2.7471139056E+01
           K =  5.5974656334E+05
           L =  5.5971909220E+05
           Vnuc =  1.1081313202E+06
           Ven = -2.2181040580E+08
           Vrep =  2.2125063177E+08
           DelSqV =  7.9708922274E+10
           DelSqVen =  2.4809690214E+12
           DelSqVrep = -2.4012600992E+12
           DelSqG =  2.0873396924E+09
           DelSqK = -8.1796261966E+10
           Stress_EigVals = -1.8659371648E+05 -1.8659043325E+05 -1.8658988475E+05
           Stress_EigVec1 =  5.0815841939E-01  2.6140292841E-01  8.2063605198E-01
           Stress_EigVec2 =  2.0636606214E-01  8.8811648665E-01 -4.1068498212E-01
           Stress_EigVec3 = -8.3617466429E-01  3.7804446189E-01  3.9735917712E-01
           -DivStress = -1.0160381839E+05 -4.2961607043E+04 -1.2382587397E+05
           ESP =  -1.8453943212E+01     ESP at Nucleus =  -1.8453943463E+01
           ESPe = -3.2511593725E+01     ESPe at Nucleus = -3.2511586803E+01
           ESPn =  1.4057650513E+01     ESPn at Nucleus =  1.4057643341E+01

CP# 5      Coords = -2.19396380242558E+00  2.15934135395964E+00  1.41066707885150E+00
           Type = (3,-3) NACP C5
           Rho =  1.2337663584E+02     Rho at Nucleus =  1.2337663579E+02
           GradRho =  1.5069434589E-10 -9.5660149940E-11 -3.4751435063E-10
           HessRho_EigVals = -3.2684290612E+05 -3.2684265736E+05 -3.2684212052E+05
           HessRho_EigVec1 =  5.3740339941E-01  4.4657060513E-01  7.1538261157E-01
           HessRho_EigVec2 = -8.1931227523E-01  4.7745925119E-01  3.1742725010E-01
           HessRho_EigVec3 =  1.9981236687E-01  7.5670823841E-01 -6.2246900321E-01
           DelSqRho = -9.8052768400E+05
           Bond Ellipticity = NA
           V = -2.4514864355E+05
           G =  8.3612759379E+00
           K =  2.4514028228E+05
           L =  2.4513192100E+05
           Vnuc =  1.1310853333E+07
           Ven = -1.3954950327E+09
           Vrep =  1.3952498840E+09
           DelSqV =  2.4051180290E+10
           DelSqVen =  1.1090604327E+13
           DelSqVrep = -1.1066552622E+13
           DelSqG =  6.4950819734E+08
           DelSqK = -2.4700688487E+10
           Stress_EigVals = -8.1716331278E+04 -8.1716200795E+04 -8.1716111479E+04
           Stress_EigVec1 =  2.0554928005E-01  7.6339358450E-01 -6.1235588395E-01
           Stress_EigVec2 = -8.3003813674E-01  4.6746968390E-01  3.0415257059E-01
           Stress_EigVec3 =  5.1844593260E-01  4.4576039502E-01  7.2973384545E-01
           -DivStress = -2.2762669558E+03  1.1564549838E+03  3.3352660898E+03
           ESP =  -1.4794250979E+01     ESP at Nucleus =  -1.4794250980E+01
           ESPe = -3.2489489834E+01     ESPe at Nucleus = -3.2489489110E+01
           ESPn =  1.7695238856E+01     ESPn at Nucleus =  1.7695238130E+01

CP# 6      Coords = -4.04384442389188E+00  1.16072275339013E+00 -6.15180866172937E-01
           Type = (3,-3) NACP C6
           Rho =  1.2337339683E+02     Rho at Nucleus =  1.2337339628E+02
           GradRho =  3.7953411247E-11  7.1303241089E-12 -2.2109813980E-12
           HessRho_EigVals = -3.2683526370E+05 -3.2683419612E+05 -3.2683335887E+05
           HessRho_EigVec1 =  8.7517109662E-01 -4.7652100957E-01 -8.3685596639E-02
           HessRho_EigVec2 =  4.8377748035E-01  8.5980324357E-01  1.6339440583E-01
           HessRho_EigVec3 = -5.9077197931E-03 -1.8348326841E-01  9.8300508089E-01
           DelSqRho = -9.8050281869E+05
           Bond Ellipticity = NA
           V = -2.4514211151E+05
           G =  8.2034205278E+00
           K =  2.4513390809E+05
           L =  2.4512570467E+05
           Vnuc =  3.2625493241E+06
           Ven = -4.0251179245E+08
           Vrep =  4.0226665034E+08
           DelSqV =  2.4050555096E+10
           DelSqVen =  3.1989387837E+12
           DelSqVrep = -3.1748882368E+12
           DelSqG =  6.4949087625E+08
           DelSqK = -2.4700045972E+10
           Stress_EigVals = -8.1714278831E+04 -8.1714041069E+04 -8.1713791615E+04
           Stress_EigVec1 = -2.6802721206E-02 -2.0640879105E-01  9.7809867862E-01
           Stress_EigVec2 =  4.8684539716E-01  8.5187389722E-01  1.9311246077E-01
           Stress_EigVec3 =  8.7307684278E-01 -4.8135877910E-01 -7.7656631288E-02
           -DivStress =  1.2303405139E+04  5.6736994178E+03 -5.3365045030E+03
           ESP =  -1.4755489809E+01     ESP at Nucleus =  -1.4755489827E+01
           ESPe = -3.3050553005E+01     ESPe at Nucleus = -3.3050552782E+01
           ESPn =  1.8295063197E+01     ESPn at Nucleus =  1.8295062955E+01

CP# 7      Coords =  5.02147758095023E-01  1.38729941682007E+00  9.49612058685696E-01
           Type = (3,-3) NACP C7
           Rho =  1.2348450514E+02     Rho at Nucleus =  1.2348450503E+02
           GradRho = -1.3220312900E-09  3.7502467798E-10  1.6405310443E-10
           HessRho_EigVals = -3.2714239623E+05 -3.2714071887E+05 -3.2714009129E+05
           HessRho_EigVec1 =  3.2252406419E-01  5.7557596374E-01  7.5145893965E-01
           HessRho_EigVec2 =  9.4189775088E-01 -2.7385901357E-01 -1.9449901690E-01
           HessRho_EigVec3 = -9.3844844852E-02 -7.7052809855E-01  6.3045982778E-01
           DelSqRho = -9.8142320639E+05
           Bond Ellipticity = NA
           V = -2.4537266919E+05
           G =  8.4337949333E+00
           K =  2.4536423539E+05
           L =  2.4535580160E+05
           Vnuc =  7.5011228279E+06
           Ven = -9.2627244038E+08
           Vrep =  9.2602706771E+08
           DelSqV =  2.4073140873E+10
           DelSqVen =  7.3617763205E+12
           DelSqVrep = -7.3377031796E+12
           DelSqG =  6.5012914017E+08
           DelSqK = -2.4723270013E+10
           Stress_EigVals = -8.1791277943E+04 -8.1791069641E+04 -8.1790321603E+04
           Stress_EigVec1 = -9.0485714906E-02 -7.7223023083E-01  6.2886628626E-01
           Stress_EigVec2 =  9.4516146185E-01 -2.6556827181E-01 -1.9011392386E-01
           Stress_EigVec3 =  3.1381865214E-01  5.7717758411E-01  7.5391238879E-01
           -DivStress =  6.0363055725E+03 -1.7976218178E+03 -7.0316359585E+02
           ESP =  -1.4806043305E+01     ESP at Nucleus =  -1.4806043309E+01
           ESPe = -3.4004033325E+01     ESPe at Nucleus = -3.4004033561E+01
           ESPn =  1.9197990019E+01     ESPn at Nucleus =  1.9197990251E+01

CP# 8      Coords =  1.51279072150617E+00 -7.42034348250276E-01  2.10998524808499E+00
           Type = (3,-3) NACP C8
           Rho =  1.2353704550E+02     Rho at Nucleus =  1.2353704543E+02
           GradRho = -4.4545256372E-11 -5.0512272143E-10  4.3386361170E-10
           HessRho_EigVals = -3.2728838375E+05 -3.2728558897E+05 -3.2728518628E+05
           HessRho_EigVec1 =  3.3295019862E-01  5.7812374924E-01  7.4492757755E-01
           HessRho_EigVec2 =  6.3958273899E-01  4.4203400045E-01 -6.2891959934E-01
           HessRho_EigVec3 =  6.9287667390E-01 -6.8584172591E-01  2.2258266277E-01
           DelSqRho = -9.8185915900E+05
           Bond Ellipticity = NA
           V = -2.4548155388E+05
           G =  8.3820662568E+00
           K =  2.4547317182E+05
           L =  2.4546478975E+05
           Vnuc =  9.5911221790E+06
           Ven = -1.1848588970E+09
           Vrep =  1.1846134154E+09
           DelSqV =  2.4083823127E+10
           DelSqVen =  9.4171279524E+12
           DelSqVrep = -9.3930440637E+12
           DelSqG =  6.5043103768E+08
           DelSqK = -2.4734254164E+10
           Stress_EigVals = -8.1827634311E+04 -8.1827479417E+04 -8.1826440154E+04
           Stress_EigVec1 =  7.2087621070E-01 -6.6594695250E-01  1.9196912590E-01
           Stress_EigVec2 =  6.0802165794E-01  4.7473733407E-01 -6.3634434635E-01
           Stress_EigVec3 =  3.3263666714E-01  5.7544688730E-01  7.4713702062E-01
           -DivStress =  3.8348206299E+02  3.8695288608E+03 -3.0763642103E+03
           ESP =  -1.4803172227E+01     ESP at Nucleus =  -1.4803172229E+01
           ESPe = -3.2721373133E+01     ESPe at Nucleus = -3.2721374054E+01
           ESPn =  1.7918200906E+01     ESPn at Nucleus =  1.7918201825E+01

CP# 9      Coords =  2.02199704236811E+00  2.71491186637607E+00 -7.42708180991836E-01
           Type = (3,-3) NACP C9
           Rho =  1.2353654104E+02     Rho at Nucleus =  1.2353654095E+02
           GradRho = -1.6960854943E-10  8.8411999943E-10 -5.8944531200E-10
           HessRho_EigVals = -3.2728595177E+05 -3.2728323838E+05 -3.2728268727E+05
           HessRho_EigVec1 =  3.3344853010E-01  5.5707586315E-01  7.6057778069E-01
           HessRho_EigVec2 = -3.5780411374E-01  8.2116843742E-01 -4.4458813926E-01
           HessRho_EigVec3 =  8.7223178913E-01  1.2389059722E-01 -4.7314144392E-01
           DelSqRho = -9.8185187742E+05
           Bond Ellipticity = NA
           V = -2.4547974026E+05
           G =  8.3854547399E+00
           K =  2.4547135481E+05
           L =  2.4546296935E+05
           Vnuc =  7.9999527498E+06
           Ven = -9.8828649122E+08
           Vrep =  9.8804101148E+08
           DelSqV =  2.4083642812E+10
           DelSqVen =  7.8547676692E+12
           DelSqVrep = -7.8306841903E+12
           DelSqG =  6.5042403928E+08
           DelSqK = -2.4734066851E+10
           Stress_EigVals = -8.1827051833E+04 -8.1826851036E+04 -8.1825837394E+04
           Stress_EigVec1 =  8.7798350728E-01  1.0720029057E-01 -4.6653301989E-01
           Stress_EigVec2 = -3.4282644802E-01  8.2100900055E-01 -4.5652409308E-01
           Stress_EigVec3 =  3.3408829295E-01  5.6076048249E-01  7.5758345665E-01
           -DivStress =  1.1695739471E+03 -4.8858209194E+03  3.1781106114E+03
           ESP =  -1.4802897397E+01     ESP at Nucleus =  -1.4802897400E+01
           ESPe = -3.2173553668E+01     ESPe at Nucleus = -3.2173554899E+01
           ESPn =  1.7370656271E+01     ESPn at Nucleus =  1.7370657499E+01

CP# 10     Coords = -3.84836033639916E+00 -1.69500921242244E+00 -6.53598764054830E-01
           Type = (3,-3) NACP C10
           Rho =  1.2367865733E+02     Rho at Nucleus =  1.2367865509E+02
           GradRho =  2.2875035199E-12 -1.3071765892E-12 -9.1131546753E-12
           HessRho_EigVals = -3.2769826443E+05 -3.2769502595E+05 -3.2769223018E+05
           HessRho_EigVec1 =  8.5597507138E-01  8.1099064792E-02  5.1061690030E-01
           HessRho_EigVec2 = -5.0396741705E-01  3.5137192184E-01  7.8902130205E-01
           HessRho_EigVec3 =  1.1542755188E-01  9.3271684569E-01 -3.4163689208E-01
           DelSqRho = -9.8308552056E+05
           Bond Ellipticity = NA
           V = -2.4578680397E+05
           G =  7.7119125787E+00
           K =  2.4577909205E+05
           L =  2.4577138014E+05
           Vnuc =  1.6223182169E+06
           Ven = -2.0064613883E+08
           Vrep =  2.0040035202E+08
           DelSqV =  2.4113852846E+10
           DelSqVen =  1.5948775537E+12
           DelSqVrep = -1.5707637008E+12
           DelSqG =  6.5130885726E+08
           DelSqK = -2.4765161703E+10
           Stress_EigVals = -8.1929930729E+04 -8.1929009561E+04 -8.1927863677E+04
           Stress_EigVec1 =  1.8053091050E-01  8.8040535915E-01 -4.3851453103E-01
           Stress_EigVec2 = -4.8142781400E-01  4.6787758796E-01  7.4115978210E-01
           Stress_EigVec3 =  8.5769216521E-01  7.7310841796E-02  5.0831799444E-01
           -DivStress = -1.3441758628E+04  1.7005243698E+04  1.9795244532E+04
           ESP =  -1.4661020825E+01     ESP at Nucleus =  -1.4661020888E+01
           ESPe = -3.3707136669E+01     ESPe at Nucleus = -3.3707137306E+01
           ESPn =  1.9046115844E+01     ESPn at Nucleus =  1.9046116417E+01

CP# 11     Coords =  3.96380285264357E+00 -1.52746297851241E+00  1.60746923314825E+00
           Type = (3,-3) NACP C11
           Rho =  1.2348278117E+02     Rho at Nucleus =  1.2348278108E+02
           GradRho =  8.4091511532E-10 -7.2444455990E-10  1.8585716299E-10
           HessRho_EigVals = -3.2713125530E+05 -3.2712994761E+05 -3.2712932182E+05
           HessRho_EigVec1 =  3.2938358837E-01  5.7130948110E-01  7.5173926897E-01
           HessRho_EigVec2 = -1.2108722982E-01  8.1515348531E-01 -5.6644741871E-01
           HessRho_EigVec3 =  9.3639966600E-01 -9.5552457766E-02 -3.3767646250E-01
           DelSqRho = -9.8139052473E+05
           Bond Ellipticity = NA
           V = -2.4536464850E+05
           G =  8.5086599459E+00
           K =  2.4535613984E+05
           L =  2.4534763118E+05
           Vnuc =  7.9267902292E+06
           Ven = -9.7882210329E+08
           Vrep =  9.7857673864E+08
           DelSqV =  2.4072334766E+10
           DelSqVen =  7.7792760300E+12
           DelSqVrep = -7.7552036952E+12
           DelSqG =  6.5009555840E+08
           DelSqK = -2.4722430324E+10
           Stress_EigVals = -8.1788581046E+04 -8.1788364136E+04 -8.1787703321E+04
           Stress_EigVec1 =  9.2918191964E-01 -6.1884363247E-02 -3.6440538662E-01
           Stress_EigVec2 = -1.6191138607E-01  8.1811782989E-01 -5.5178611751E-01
           Stress_EigVec3 =  3.3227347663E-01  5.7171106513E-01  7.5016051264E-01
           -DivStress = -4.4570778136E+03  3.8696886521E+03 -1.0547346139E+03
           ESP =  -1.4806149543E+01     ESP at Nucleus =  -1.4806149546E+01
           ESPe = -3.1616825811E+01     ESPe at Nucleus = -3.1616826987E+01
           ESPn =  1.6810676268E+01     ESPn at Nucleus =  1.6810677441E+01

CP# 12     Coords =  4.46913854541429E+00  1.95805393081721E+00 -1.26390105694359E+00
           Type = (3,-3) NACP C12
           Rho =  1.2349573165E+02     Rho at Nucleus =  1.2349573162E+02
           GradRho =  2.2462809390E-10 -2.6719597021E-11 -5.9552557330E-11
           HessRho_EigVals = -3.2716780184E+05 -3.2716597376E+05 -3.2716555368E+05
           HessRho_EigVec1 =  3.3086900345E-01  5.7108620394E-01  7.5125644771E-01
           HessRho_EigVec2 =  1.6794921935E-01  7.4774973015E-01 -6.4238882368E-01
           HessRho_EigVec3 =  9.2861120081E-01 -3.3871948384E-01 -1.5149372591E-01
           DelSqRho = -9.8149932928E+05
           Bond Ellipticity = NA
           V = -2.4539182915E+05
           G =  8.4984160921E+00
           K =  2.4538333074E+05
           L =  2.4537483232E+05
           Vnuc =  1.4381464964E+07
           Ven = -1.7760495379E+09
           Vrep =  1.7758041461E+09
           DelSqV =  2.4075001978E+10
           DelSqVen =  1.4115408970E+13
           DelSqVrep = -1.4091333968E+13
           DelSqG =  6.5017159090E+08
           DelSqK = -2.4725173569E+10
           Stress_EigVals = -8.1797647127E+04 -8.1797490749E+04 -8.1796691275E+04
           Stress_EigVec1 =  9.1027019645E-01 -4.0229138047E-01 -9.7825429550E-02
           Stress_EigVec2 =  2.4664437979E-01  7.1670637715E-01 -6.5230247498E-01
           Stress_EigVec3 =  3.3252777235E-01  5.6964340965E-01  7.5161936275E-01
           -DivStress = -3.1329859989E+03  6.2774262212E+02  8.4702772419E+02
           ESP =  -1.4811428180E+01     ESP at Nucleus =  -1.4811428181E+01
           ESPe = -3.1320639035E+01     ESPe at Nucleus = -3.1320639462E+01
           ESPn =  1.6509210855E+01     ESPn at Nucleus =  1.6509211282E+01

CP# 13     Coords =  5.44602166706615E+00 -1.75789158032776E-01 -8.37597234983098E-02
           Type = (3,-3) NACP C13
           Rho =  1.2352121509E+02     Rho at Nucleus =  1.2352121185E+02
           GradRho =  1.7037260491E-11 -3.9037661992E-12 -1.5600021275E-12
           HessRho_EigVals = -3.2724841817E+05 -3.2724814490E+05 -3.2724447518E+05
           HessRho_EigVec1 =  3.2362726100E-01  5.7402929517E-01  7.5216737780E-01
           HessRho_EigVec2 =  9.4184403778E-01 -2.7149439820E-01 -1.9804191539E-01
           HessRho_EigVec3 =  9.0527368476E-02  7.7251612283E-01 -6.2850905764E-01
           DelSqRho = -9.8174103825E+05
           Bond Ellipticity = NA
           V = -2.4545152985E+05
           G =  8.1351441831E+00
           K =  2.4544339471E+05
           L =  2.4543525956E+05
           Vnuc =  1.3472975011E+06
           Ven = -1.6641982442E+08
           Vrep =  1.6617437289E+08
           DelSqV =  2.4080905872E+10
           DelSqVen =  1.3226972447E+12
           DelSqVrep = -1.2986163388E+12
           DelSqG =  6.5035594929E+08
           DelSqK = -2.4731261821E+10
           Stress_EigVals = -8.1818005192E+04 -8.1816935810E+04 -8.1816588848E+04
           Stress_EigVec1 =  9.2006692861E-02  7.7231709060E-01 -6.2853884529E-01
           Stress_EigVec2 = -9.3844950545E-01  2.7830465043E-01  2.0459483686E-01
           Stress_EigVec3 =  3.3293737278E-01  5.7102787420E-01  7.5038648222E-01
           -DivStress = -3.3030263031E+04  1.0604491726E+04  6.5285267978E+03
           ESP =  -1.4738414681E+01     ESP at Nucleus =  -1.4738414778E+01
           ESPe = -3.2111633372E+01     ESPe at Nucleus = -3.2111637061E+01
           ESPn =  1.7373218692E+01     ESPn at Nucleus =  1.7373222283E+01

CP# 14     Coords = -2.83181582868266E+00  1.46381191001680E+00  3.21531369406005E+00
           Type = (3,-3) NACP H14
           Rho =  4.6138829073E-01     Rho at Nucleus =  4.5786902390E-01
           GradRho =  1.4723465502E-15 -4.9092674370E-16 -2.1416787614E-15
           HessRho_EigVals = -9.4272764528E+00 -9.4246422909E+00 -8.6812606268E+00
           HessRho_EigVec1 = -9.4905746448E-01  1.0250338661E-01 -2.9796473758E-01
           HessRho_EigVec2 =  7.7783963671E-03 -9.3770124960E-01 -3.4735552831E-01
           HessRho_EigVec3 = -3.1500702478E-01 -3.3197804481E-01  8.8913505842E-01
           DelSqRho = -2.7533179370E+01
           Bond Ellipticity = NA
           V = -6.8964546953E+00
           G =  6.5799263288E-03
           K =  6.8898747689E+00
           L =  6.8832948426E+00
           Vnuc =  5.3350889342E+01
           Ven = -2.4615475642E+01
           Vrep =  1.7719020947E+01
           DelSqV =  1.7925559938E+03
           DelSqVen =  1.4689196058E+03
           DelSqVrep =  3.2363638799E+02
           DelSqG =  1.3740789616E+02
           DelSqK = -1.9299638900E+03
           Stress_EigVals = -2.3618091979E+00 -2.3614270019E+00 -2.1732184955E+00
           Stress_EigVec1 = -9.0782592489E-01 -1.6654290629E-01 -3.8485783150E-01
           Stress_EigVec2 =  2.7605757871E-01 -9.2818789750E-01 -2.4951841648E-01
           Stress_EigVec3 = -3.1566485920E-01 -3.3276220833E-01  8.8860846798E-01
           -DivStress = -5.1436401223E+00 -5.4136019615E+00  1.4500999617E+01
           ESP =  -1.1390809787E+00     ESP at Nucleus =  -1.1399883487E+00
           ESPe = -1.8843104865E+01     ESPe at Nucleus = -1.8766412380E+01
           ESPn =  1.7704023886E+01     ESPn at Nucleus =  1.7626424031E+01

CP# 15     Coords = -2.35897316304779E+00  4.18993930877303E+00  1.43428077288186E+00
           Type = (3,-3) NACP H15
           Rho =  4.6227967090E-01     Rho at Nucleus =  4.5884957778E-01
           GradRho =  4.3780083725E-16 -1.1740608485E-14  1.7520707107E-16
           HessRho_EigVals = -9.4507556665E+00 -9.4484152806E+00 -8.7181257567E+00
           HessRho_EigVec1 =  9.8731656192E-01  7.6391311355E-02  1.3917749137E-01
           HessRho_EigVec2 = -1.3668634056E-01 -3.6949189928E-02  9.8992504851E-01
           HessRho_EigVec3 = -8.0764168161E-02  9.9639305744E-01  2.6038898366E-02
           DelSqRho = -2.7617296704E+01
           Bond Ellipticity = NA
           V = -6.9176786213E+00
           G =  6.6772226610E-03
           K =  6.9110013986E+00
           L =  6.9043241760E+00
           Vnuc =  5.3044447268E+01
           Ven = -2.4521369626E+01
           Vrep =  1.7603691005E+01
           DelSqV =  1.7994112621E+03
           DelSqVen =  1.4649442387E+03
           DelSqVrep =  3.3446702345E+02
           DelSqG =  1.3797703765E+02
           DelSqK = -1.9373882998E+03
           Stress_EigVals = -2.3677760696E+00 -2.3674919475E+00 -2.1824106041E+00
           Stress_EigVec1 =  9.1602465639E-01  6.4383290268E-02  3.9592123058E-01
           Stress_EigVec2 = -3.9287632104E-01 -5.5096151124E-02  9.1793932833E-01
