AIMSum (Version 17.01.25, Professional)
Copyright (c) 1997-2017 by Todd A. Keith
AIMSum is a component of the AIMAll package ( http://aim.tkgristmill.com )

TP:  64-bit Linux

Licensed To:  Research Group of Fernando Cortes Guzman, UNAM, fercor@unam.mx

Much of the Quantum Theory of Atoms in Molecules (QTAIM) is described in the book:
  "Atoms in Molecules - A Quantum Theory"
  R.F.W. Bader, Oxford University Press, Oxford, 1990

For additional references see:  http://aim.tkgristmill.com/references.html

Wfn File:  /home/alejandro/wd/aimqb_inps/alanine_m062X_def2QZVP.wfn
Sum File:  /home/alejandro/wd/aimqb_inps/alanine_m062X_def2QZVP.sum

SumViz File:  /home/alejandro/wd/aimqb_inps/alanine_m062X_def2QZVP.sumviz

Wfn Title:   opt alanine M062X def2TZVP                                                    
 
Total memory allocated for AIMSum =        0.738 Megabytes

Atomic units (a.u.) used throughout, except where stated otherwise

Model:  Restricted SCF
 
Restricted, closed-shell, single-determinant wavefunction.
  Number of electrons (from MO Occs)                   =          48.0000000000
  Number of Alpha electrons (from MO Occs)             =          24.0000000000
  Number of Beta electrons (from MO Occs)              =          24.0000000000
  Number of electron pairs (N*(N-1)/2)                 =        1128.0000000000
  Number of electron pairs (from Muller 2EDM)          =        1128.0000000000
 
Nuclear Charges and Cartesian Coordinates:
-------------------------------------------------------------------------------
Atom      Charge                X                  Y                  Z
-------------------------------------------------------------------------------
O1         8.0           3.1041168300E+00   1.4128359300E+00  -8.4936034000E-01
O2         8.0           2.0563129200E+00  -2.1164513300E+00   1.2146105400E+00
N3         7.0          -2.6937760400E+00  -2.0165069800E+00  -7.9609468000E-01
C4         6.0          -1.2343091900E+00   3.0296168000E-01  -7.9199690000E-01
C5         6.0          -2.1981386000E+00   2.3511075800E+00   1.0216580000E+00
C6         6.0           1.4477474400E+00  -3.3240159000E-01  -4.1322040000E-02
H7         1.0          -1.1699716400E+00   1.0840281600E+00  -2.7018020300E+00
H8         1.0          -1.0368441400E+00   4.0501008100E+00   9.2502292000E-01
H9         1.0          -4.1317317700E+00   2.8559989600E+00   5.1936111000E-01
H10        1.0          -2.1906163100E+00   1.6377454300E+00   2.9568661700E+00
H11        1.0          -4.5637817200E+00  -1.6423565700E+00  -6.5969190000E-01
H12        1.0          -2.1774586000E+00  -3.1062315300E+00   6.9369403000E-01
H13        1.0           4.7516005800E+00   9.3518073000E-01  -2.1282363000E-01
 
Some Atomic Properties:
----------------------
  q(A) = Net Charge of Atom A
  L(A) = Lagrangian of Atom A = -(1/4) Times Atomic Integral of the Laplacian of the Electron Density
  K(A) = Electronic Kinetic Energy of Atom A (Hamiltonian Form)
  K_Scaled(A) = K(A) * E(Mol)/K(Mol) = Approximation to Virial-Based Total Energy of Atom A.
  |Mu_Intra(A)| = Magnitude of Intraatomic Dipole Moment of Atom A
--------------------------------------------------------------------------------------------------
Atom A          q(A)              L(A)              K(A)          K_Scaled(A)      |Mu_Intra(A)|
--------------------------------------------------------------------------------------------------
O1       -1.1893234826E+00 -1.5178733197E-04  7.5668570239E+01 -7.5952576327E+01  3.0015135657E-01
O2       -1.2448173053E+00  3.8774483406E-05  7.5753487439E+01 -7.6037812246E+01  5.5241776919E-01
N3       -1.0472545962E+00 -1.2395857133E-04  5.4952144525E+01 -5.5158395859E+01  2.2941000375E-01
C4        4.3609567280E-01  5.0988065740E-04  3.7661429123E+01 -3.7802783388E+01  3.8457812145E-01
C5        1.0563356060E-01  5.1548150247E-05  3.7814466084E+01 -3.7956394741E+01  2.2564867304E-02
C6        1.6696293029E+00  2.0765120680E-04  3.6869221917E+01 -3.7007602799E+01  8.4520533128E-01
H7       -4.6082536000E-03  3.5989225230E-05  6.4101603540E-01 -6.4342195448E-01  1.1918473065E-01
H8       -1.7330880700E-02  2.2706292874E-05  6.3135776405E-01 -6.3372743284E-01  1.2158511595E-01
H9       -3.1613048300E-02  2.1522444204E-05  6.3746626363E-01 -6.3985885938E-01  1.2574216981E-01
H10      -2.4819056800E-02  2.4820279467E-05  6.3325900793E-01 -6.3563581263E-01  1.2631816392E-01
H11       3.4975268435E-01  3.7511887772E-05  4.8778760069E-01 -4.8961840901E-01  1.9195917319E-01
H12       3.8281240090E-01  3.5425267108E-05  4.7046969798E-01 -4.7223550719E-01  1.8199347799E-01
H13       6.1638049034E-01  2.5636427324E-05  3.4444905286E-01 -3.4574187004E-01  1.5114224391E-01
--------------------------------------------------------------------------------------------------
Total     5.3748839000E-04  7.3572041853E-04  3.2256512475E+02 -3.2377580521E+02
 
Molecular charge q(Mol) from the wfn file:   0.0000000000E+00
Molecular energy E(Mol) from the wfn file:  -3.2377575536E+02
Molecular virial ratio (-V(Mol)/T(Mol)) from the wfn file:   2.0037532900E+00
Note.  K_Scaled(A) = (1+V(Mol)/T(Mol))*K(A) = (E(Mol)/T(Mol))*K(A)
       Only use K_Scaled(A) data with caution.
 
N_AIMInt(SumA)     =         47.999463
N_Analytic(Mol)    =         47.999997
 
G_AIMInt(SumA)     =        322.564389
G_Analytic(Mol)    =        322.565077
 
K_AIMInt(SumA)     =        322.565125
K_Analytic(Mol)    =        322.565077
 
L_AIMInt(SumA)     =          0.000736
L_Analytic(Mol)    =          0.000000
 
VenT_AIMInt(SumA)  =      -1260.264768
VenT_Analytic(Mol) =      -1260.272783
 
Some Information About the Atomic Calculations:
----------------------------------------------
  Time(sec) = "Elapsed User Time", in Seconds, for Atom A by AIMInt and, if used, by TWOe
  NProc = Number of Processors Used for AIMInt Job
  BIM = Basin Integration Method
  OAQ = Angular Quadrature Outside of Beta Sphere
  ORQ = Multiple of Default for Radial Quadrature Outside of Beta Sphere
  IAQ = Multiple of Default for Angular Quadrature Inside of Beta Sphere
  IRQ = Multiple of Default for Radial Quadrature Inside of Beta Sphere
  MIR = Maximum Integration Radius
------------------------------------------------------------------------------------------------------
Atom A     Time(sec)   NProc      BIM              OAQ                 ORQ      IAQ      IRQ      MIR
------------------------------------------------------------------------------------------------------
O1             63       16     Proaim(5)    4334      (Very High)      1.00     1.00     1.00    13.00
O2             55       16     Proaim(5)    3074      (Very High)      1.00     1.00     1.00    13.00
N3             74       16     Proaim(5)    4334      (Very High)      1.00     1.00     1.00    13.00
C4            106       16     Proaim(5)    4334      (Very High)      1.00     1.00     1.00    13.00
C5             67       16     Proaim(5)    4334      (Very High)      1.00     1.00     1.00    13.00
C6             77       16     Proaim(5)    4334      (Very High)      1.00     1.00     1.00    13.00
H7             23       16     Proaim(5)    2030      (Very High)      1.00     1.00     1.00    13.00
H8             26       16     Proaim(5)    2030      (Very High)      1.00     1.00     1.00    13.00
H9             27       16     Proaim(5)    2030      (Very High)      1.00     1.00     1.00    13.00
H10            31       16     Proaim(5)    2030      (Very High)      1.00     1.00     1.00    13.00
H11            26       16     Proaim(5)    2030      (Very High)      1.00     1.00     1.00    13.00
H12            29       16     Proaim(5)    2030      (Very High)      1.00     1.00     1.00    13.00
H13            23       16     Proaim(5)    2030      (Very High)      1.00     1.00     1.00    13.00
------------------------------------------------------------------------------------------------------
Total         627
Note:  Total wall clock time is less than total of atomic times if more than one atom
       was calculated at a time
 
Electron Density Critical Point Analysis of Molecular Structure:               
---------------------------------------------------------------                
  NACP = Nuclear Attractor Critical Point                                      
  NNACP = Non-Nuclear Attractor Critical Point                                 
  BCP = Bond Critical Point                                                    
  RCP = Ring Critical Point                                                    
  CCP = Cage Critical Point                                                    
  Rho = Electron Density                                                       
  GradRho = Gradient of Electron Density                                       
  HessRho_EigVals = Eigenvalues of the Hessian of Rho, Ascending Order         
  HessRho_EigVecs = Eigenvectors of the Hessian of Rho                         
  DelSqRho = Laplacian of Rho = Trace of Hessian of Rho                        
  Bond Ellipticity = (HessRho_EigVal(1) / HessRho_EigVal(2)) - 1               
  V = Virial Field = Potential Energy Density = Trace of Stress Tensor         
  G = Lagrangian Form of Kinetic Energy Density                                
  K = Hamiltonian Form of Kinetic Energy Density                               
  L = K - G = Lagrangian Density = (-1/4)DelSqRho                              
  Vnuc = Electrostatic Potential from Nuclei                                   
  Ven = Electron-nuclear attractive contribution to Virial Field V             
  Vrep = V - Ven = Repulsive contribution to Virial Field V                    
  DelSqV = Laplacian of V                                                      
  DelSqVen = Laplacian of Ven                                                  
  DelSqVrep = Laplacian of Vrep                                                
  DelSqG = Laplacian of G                                                      
  DelSqK = Laplacian of K                                                      
  Stress_EigVals = Eigenvalues of Stress Tensor, Ascending Order               
  Stress_EigVecs = Eigenvectors of Stress Tensor                               
  -DivStress = Ehrenfest Force Density = Minus Divergence of Stress Tensor     
  ESP = Total Electrostatic Potential                                          
  ESPe = Electrostatic Potential from Electrons                                
  ESPn = Electrostatic Potential from Nuclei                                   
  BP = Bond Path                                                               
  BPL = Bond Path Length                                                       
  GBL = Geometric Bond Length                                                  
  GBL_I = Distance Between Nuclear Attractors                                  
  GBL_II = Distance Between Nuclei                                             
  GBL_III = Sum of Distances Between BCP and Nuclear Attractors                
  GBL_IV = Sum of Distances Between BCP and Nuclei                             

CP# 1      Coords =  3.10411747546992E+00  1.41283358355856E+00 -8.49358647092149E-01
           Type = (3,-3) NACP O1
           Rho =  3.0924050093E+02     Rho at Nucleus =  3.0924048664E+02
           GradRho = -5.8468644683E-10 -2.0285255420E-10  4.4576398128E-11
           HessRho_EigVals = -3.2541230160E+06 -3.2540903000E+06 -3.2540838695E+06
           HessRho_EigVec1 =  9.6260694598E-01  2.7069072091E-01  1.0695848037E-02
           HessRho_EigVec2 = -2.2003279067E-01  8.0427376654E-01 -5.5202289761E-01
           HessRho_EigVec3 = -1.5802986610E-01  5.2902763829E-01  8.3376034887E-01
           DelSqRho = -9.7622971854E+06
           Bond Ellipticity = NA
           V = -2.4407541172E+06
           G =  8.9910422766E+01
           K =  2.4406642068E+06
           L =  2.4405742964E+06
           Vnuc =  2.6985946174E+06
           Ven = -8.3451475130E+08
           Vrep =  8.3207399719E+08
           DelSqV =  2.0109921484E+12
           DelSqVen =  2.6344482650E+13
           DelSqVrep = -2.4333490502E+13
           DelSqG =  2.5684139546E+10
           DelSqK = -2.0366762880E+12
           Stress_EigVals = -8.1358919172E+05 -8.1358522542E+05 -8.1357970006E+05
           Stress_EigVec1 = -1.6119644141E-01  5.4055590996E-01  8.2572090653E-01
           Stress_EigVec2 = -2.2348172305E-01  7.9493695427E-01 -5.6403116776E-01
           Stress_EigVec3 =  9.6128644365E-01  2.7545334804E-01  7.3366420147E-03
           -DivStress = -4.2985527594E+05  1.5627155344E+06 -1.1274588731E+06
           ESP =  -2.2304693063E+01     ESP at Nucleus =  -2.2304693125E+01
           ESPe = -3.1495810096E+01     ESPe at Nucleus = -3.1495806883E+01
           ESPn =  9.1911170338E+00     ESPn at Nucleus =  9.1911137580E+00

CP# 2      Coords =  2.05631218074825E+00 -2.11644894519668E+00  1.21460890300070E+00
           Type = (3,-3) NACP O2
           Rho =  3.0950433704E+02     Rho at Nucleus =  3.0950432252E+02
           GradRho = -1.8829606624E-10 -9.8332514006E-11 -4.6472808241E-12
           HessRho_EigVals = -3.2569027950E+06 -3.2568903531E+06 -3.2568648351E+06
           HessRho_EigVec1 = -1.4925067284E-01  5.1699471588E-01  8.4287644433E-01
           HessRho_EigVec2 = -2.7687314846E-01  7.9647402963E-01 -5.3755965231E-01
           HessRho_EigVec3 =  9.4924469781E-01  3.1360099470E-01 -2.4267669901E-02
           DelSqRho = -9.7706579831E+06
           Bond Ellipticity = NA
           V = -2.4428427047E+06
           G =  8.9104435615E+01
           K =  2.4427536002E+06
           L =  2.4426644958E+06
           Vnuc =  2.6795769789E+06
           Ven = -8.2934069639E+08
           Vrep =  8.2689785369E+08
           DelSqV =  2.0127112330E+12
           DelSqVen =  2.6181230191E+13
           DelSqVrep = -2.4168518964E+13
           DelSqG =  2.5706224277E+10
           DelSqK = -2.0384174573E+12
           Stress_EigVals = -8.1428696983E+05 -8.1427833390E+05 -8.1427740092E+05
           Stress_EigVec1 =  9.5117281085E-01  3.0796606057E-01 -2.0668561647E-02
           Stress_EigVec2 = -2.7382142911E-01  8.1101865599E-01 -5.1698217048E-01
           Stress_EigVec3 = -1.4245037334E-01  4.9739887934E-01  8.5574660149E-01
           -DivStress =  4.9278463950E+05 -1.5896611599E+06  1.0911929913E+06
           ESP =  -2.2363951025E+01     ESP at Nucleus =  -2.2363951084E+01
           ESPe = -3.1766523352E+01     ESPe at Nucleus = -3.1766516948E+01
           ESPn =  9.4025723270E+00     ESPn at Nucleus =  9.4025658632E+00

CP# 3      Coords = -2.69377651000083E+00 -2.01650521999299E+00 -7.96092260322279E-01
           Type = (3,-3) NACP N3
           Rho =  2.0380809883E+02     Rho at Nucleus =  2.0380809121E+02
           GradRho = -1.1543188627E-10  1.9070522939E-10  7.3609562889E-11
           HessRho_EigVals = -1.6597235080E+06 -1.6597206516E+06 -1.6597024131E+06
           HessRho_EigVec1 =  6.8945199684E-01  6.8739131093E-01 -2.2836183943E-01
           HessRho_EigVec2 = -6.9809756146E-01  5.4651321673E-01 -4.6258307213E-01
           HessRho_EigVec3 = -1.9317282092E-01  4.7834766602E-01  8.5666082651E-01
           DelSqRho = -4.9791465727E+06
           Bond Ellipticity = NA
           V = -1.2448540335E+06
           G =  3.3695180960E+01
           K =  1.2448203384E+06
           L =  1.2447866432E+06
           Vnuc =  2.3111890167E+06
           Ven = -4.7103903953E+08
           Vrep =  4.6979418549E+08
           DelSqV =  7.9905755942E+11
           DelSqVen =  1.1507748848E+13
           DelSqVrep = -1.0708691296E+13
           DelSqG =  1.0137602652E+10
           DelSqK = -8.0919516207E+11
           Stress_EigVals = -4.1495383185E+05 -4.1495051351E+05 -4.1494968819E+05
           Stress_EigVec1 = -2.0356894512E-01  4.4311838257E-01  8.7304397576E-01
           Stress_EigVec2 = -7.1711792647E-01  5.3960962284E-01 -4.4109333986E-01
           Stress_EigVec3 =  6.6655949780E-01  7.1586839151E-01 -2.0792037399E-01
           -DivStress =  1.2436373898E+05 -4.6574880941E+05 -6.4029622690E+05
           ESP =  -1.8404959637E+01     ESP at Nucleus =  -1.8404959680E+01
           ESPe = -2.7874038578E+01     ESPe at Nucleus = -2.7874035836E+01
           ESPn =  9.4690789409E+00     ESPn at Nucleus =  9.4690761556E+00

CP# 4      Coords = -1.23430929446661E+00  3.02960919532038E-01 -7.91996477802968E-01
           Type = (3,-3) NACP C4
           Rho =  1.2577447980E+02     Rho at Nucleus =  1.2577447951E+02
           GradRho = -7.1286095082E-11  9.0039087297E-14 -3.8222008891E-11
           HessRho_EigVals = -7.5615511613E+05 -7.5615384964E+05 -7.5615295757E+05
           HessRho_EigVec1 =  6.7371108838E-01  7.2283241026E-01  1.5370971366E-01
           HessRho_EigVec2 =  7.3897722988E-01 -6.5752495623E-01 -1.4687949365E-01
           HessRho_EigVec3 =  5.1012856681E-03 -2.1254232193E-01  9.7713854610E-01
           DelSqRho = -2.2684619233E+06
           Bond Ellipticity = NA
           V = -5.6713584747E+05
           G =  1.0183315459E+01
           K =  5.6712566415E+05
           L =  5.6711548083E+05
           Vnuc =  6.8488848886E+06
           Ven = -8.6141493407E+08
           Vrep =  8.6084779822E+08
           DelSqV =  2.6895561217E+11
           DelSqVen =  1.5536434971E+13
           DelSqVrep = -1.5267479490E+13
           DelSqG =  3.4096281218E+09
           DelSqK = -2.7236524029E+11
           Stress_EigVals = -1.8904557140E+05 -1.8904529342E+05 -1.8904498265E+05
           Stress_EigVec1 = -1.0586841659E-02 -2.0461722435E-01  9.7878481306E-01
           Stress_EigVec2 =  7.4596611270E-01 -6.5346175264E-01 -1.2853908566E-01
           Stress_EigVec3 =  6.6589975033E-01  7.2877947922E-01  1.5955561154E-01
           -DivStress =  9.3054867293E+03  6.7732750856E+04 -3.7604971029E+04
           ESP =  -1.4714804177E+01     ESP at Nucleus =  -1.4714804179E+01
           ESPe = -2.6883838073E+01     ESPe at Nucleus = -2.6883837488E+01
           ESPn =  1.2169033896E+01     ESPn at Nucleus =  1.2169033309E+01

CP# 5      Coords = -2.19813853934467E+00  2.35110744923565E+00  1.02165784703012E+00
           Type = (3,-3) NACP C5
           Rho =  1.2581626664E+02     Rho at Nucleus =  1.2581626663E+02
           GradRho =  8.4213386264E-11 -5.6405768945E-11 -1.8539930702E-10
           HessRho_EigVals = -7.5642560821E+05 -7.5642466154E+05 -7.5642451414E+05
           HessRho_EigVec1 = -4.3595269216E-01  6.3793717541E-01  6.3480816821E-01
           HessRho_EigVec2 = -7.1376106038E-01  1.8455374327E-01 -6.7563678447E-01
           HessRho_EigVec3 =  5.4817004559E-01  7.4764702639E-01 -3.7487801354E-01
           DelSqRho = -2.2692747839E+06
           Bond Ellipticity = NA
           V = -5.6733964447E+05
           G =  1.0474249127E+01
           K =  5.6732917022E+05
           L =  5.6731869597E+05
           Vnuc =  2.8546150673E+07
           Ven = -3.5915701047E+09
           Vrep =  3.5910027651E+09
           DelSqV =  2.6905223603E+11
           DelSqVen =  6.4779020403E+13
           DelSqVrep = -6.4509968167E+13
           DelSqG =  3.4109431514E+09
           DelSqK = -2.7246317918E+11
           Stress_EigVals = -1.8911333221E+05 -1.8911329792E+05 -1.8911301434E+05
           Stress_EigVec1 =  5.2884156044E-01  7.5068166958E-01 -3.9598438720E-01
           Stress_EigVec2 = -7.3407595320E-01  1.7039568023E-01 -6.5734146917E-01
           Stress_EigVec3 = -4.2598016254E-01  6.3831210479E-01  6.4116967957E-01
           -DivStress = -5.4042154872E+03  1.1653535079E+04  1.3631988287E+04
           ESP =  -1.4763085449E+01     ESP at Nucleus =  -1.4763085449E+01
           ESPe = -2.4518977156E+01     ESPe at Nucleus = -2.4518976878E+01
           ESPn =  9.7558917068E+00     ESPn at Nucleus =  9.7558914289E+00

CP# 6      Coords =  1.44774886460781E+00 -3.32400487377916E-01 -4.13224935486905E-02
           Type = (3,-3) NACP C6
           Rho =  1.2606222622E+02     Rho at Nucleus =  1.2606222491E+02
           GradRho =  4.6504041503E-11  1.0397982822E-11  1.8745907604E-12
           HessRho_EigVals = -7.5775819671E+05 -7.5775540069E+05 -7.5775254792E+05
           HessRho_EigVec1 = -1.5134545139E-01  5.2919623020E-01  8.3489275017E-01
           HessRho_EigVec2 =  6.6444914286E-01  6.7980268894E-01 -3.1044426336E-01
           HessRho_EigVec3 =  7.3184827040E-01 -5.0775944506E-01  4.5450902638E-01
           DelSqRho = -2.2732661453E+06
           Bond Ellipticity = NA
           V = -5.6833581075E+05
           G =  9.6372104589E+00
           K =  5.6832617354E+05
           L =  5.6831653633E+05
           Vnuc =  3.2298414400E+06
           Ven = -4.0716100227E+08
           Vrep =  4.0659266645E+08
           DelSqV =  2.6952288447E+11
           DelSqVen =  7.3422892073E+12
           DelSqVrep = -7.0727663228E+12
           DelSqG =  3.4162609316E+09
           DelSqK = -2.7293914540E+11
           Stress_EigVals = -1.8944631257E+05 -1.8944523204E+05 -1.8944426614E+05
           Stress_EigVec1 =  6.4560762144E-01 -5.8847888608E-01  4.8670668762E-01
           Stress_EigVec2 =  7.4952519394E-01  6.1038022018E-01 -2.5621859897E-01
           Stress_EigVec3 = -1.4629689944E-01  5.3021560468E-01  8.3514587335E-01
           -DivStress = -1.2713860485E+05 -9.8430742249E+04  4.0493165911E+04
           ESP =  -1.4630313526E+01     ESP at Nucleus =  -1.4630313536E+01
           ESPe = -2.7704999624E+01     ESPe at Nucleus = -2.7704999990E+01
           ESPn =  1.3074686098E+01     ESPn at Nucleus =  1.3074686454E+01

CP# 7      Coords = -1.17028955136809E+00  1.07950382926998E+00 -2.69047329486724E+00
           Type = (3,-3) NACP H7
           Rho =  4.8251190348E-01     Rho at Nucleus =  4.8071931624E-01
           GradRho =  1.2663481375E-15 -1.9142673557E-15 -4.1217029789E-15
           HessRho_EigVals = -2.4838205405E+01 -2.4828301909E+01 -2.3350086304E+01
           HessRho_EigVec1 =  3.0973518929E-01  8.7906075612E-01  3.6237590920E-01
           HessRho_EigVec2 =  9.5041299933E-01 -2.9742403308E-01 -9.0851941333E-02
           HessRho_EigVec3 = -2.7914928161E-02 -3.7254681799E-01  9.2759345900E-01
           DelSqRho = -7.3016593618E+01
           Bond Ellipticity = NA
           V = -1.8267978884E+01
           G =  6.9152396088E-03
           K =  1.8261063644E+01
           L =  1.8254148404E+01
           Vnuc =  9.3831281987E+01
           Ven = -4.5274710477E+01
           Vrep =  2.7006731594E+01
           DelSqV =  2.4859704082E+04
           DelSqVen =  6.8512405854E+03
           DelSqVrep =  1.8008463497E+04
           DelSqG =  9.2225569313E+02
           DelSqK = -2.5781959775E+04
           Stress_EigVals = -6.2145602917E+00 -6.2128158233E+00 -5.8406027686E+00
           Stress_EigVec1 =  1.2639558864E-02  9.2758440957E-01  3.7339979202E-01
           Stress_EigVec2 =  9.9952914537E-01 -2.2162319116E-02  2.1220724790E-02
           Stress_EigVec3 = -2.7959418823E-02 -3.7295575440E-01  9.2742777409E-01
           -DivStress =  2.6394510395E+00  3.7562320091E+01 -9.4057375124E+01
           ESP =  -1.1082047592E+00     ESP at Nucleus =  -1.1083721852E+00
           ESPe = -1.2991782587E+01     ESPe at Nucleus = -1.2958670748E+01
           ESPn =  1.1883577828E+01     ESPn at Nucleus =  1.1850298563E+01

CP# 8      Coords = -1.04362494894354E+00  4.04002102146701E+00  9.25523651572975E-01
           Type = (3,-3) NACP H8
           Rho =  4.7465018382E-01     Rho at Nucleus =  4.7289954073E-01
           GradRho = -2.8076553669E-12 -4.1761351322E-12  2.0700975656E-13
           HessRho_EigVals = -2.4422786766E+01 -2.4422032454E+01 -2.2975385172E+01
           HessRho_EigVec1 = -2.6739658865E-01  2.2640841633E-01  9.3661000069E-01
           HessRho_EigVec2 =  7.8574187295E-01 -5.1141103169E-01  3.4794894131E-01
           HessRho_EigVec3 =  5.5777125551E-01  8.2897405610E-01 -4.1149007826E-02
           DelSqRho = -7.1820204392E+01
           Bond Ellipticity = NA
           V = -1.7970009714E+01
           G =  7.4793081596E-03
           K =  1.7962530406E+01
           L =  1.7955051098E+01
           Vnuc =  9.2817164827E+01
           Ven = -4.4055684347E+01
           Vrep =  2.6085674633E+01
           DelSqV =  2.4460360246E+04
           DelSqVen =  6.6661477490E+03
           DelSqVrep =  1.7794212497E+04
           DelSqG =  9.0711176442E+02
           DelSqK = -2.5367472010E+04
           Stress_EigVals = -6.1119289127E+00 -6.1116049640E+00 -5.7464758376E+00
           Stress_EigVec1 =  5.5816132367E-01 -3.3788804854E-01  7.5781765842E-01
           Stress_EigVec2 =  6.1402589401E-01 -4.4607495611E-01 -6.5114463448E-01
           Stress_EigVec3 =  5.5805746859E-01  8.2876341629E-01 -4.1509776879E-02
           -DivStress =  5.5387280252E+01  8.2326778426E+01 -4.0915380738E+00
           ESP =  -1.1072514100E+00     ESP at Nucleus =  -1.1074150679E+00
           ESPe = -1.1678295519E+01     ESPe at Nucleus = -1.1651565483E+01
           ESPn =  1.0571044109E+01     ESPn at Nucleus =  1.0544150415E+01

CP# 9      Coords = -4.12043991763365E+00  2.85291102499159E+00  5.22180831278547E-01
           Type = (3,-3) NACP H9
           Rho =  4.7646804538E-01     Rho at Nucleus =  4.7474214727E-01
           GradRho =  8.6109327596E-09 -2.3541219825E-09  2.1505126502E-09
           HessRho_EigVals = -2.4540287005E+01 -2.4539457057E+01 -2.3108174268E+01
           HessRho_EigVec1 = -8.7058090769E-02  4.8218996544E-01  8.7173030580E-01
           HessRho_EigVec2 =  3.3551579456E-01  8.3812251989E-01 -4.3009277285E-01
           HessRho_EigVec3 =  9.3800321984E-01 -2.5503623053E-01  2.3474769580E-01
           DelSqRho = -7.2187918330E+01
           Bond Ellipticity = NA
           V = -1.8062099641E+01
           G =  7.5600291172E-03
           K =  1.8054539612E+01
           L =  1.8046979582E+01
           Vnuc =  9.3086432972E+01
           Ven = -4.4352710769E+01
           Vrep =  2.6290611128E+01
           DelSqV =  2.4600750884E+04
           DelSqVen =  6.7197159476E+03
           DelSqVrep =  1.7881034937E+04
           DelSqG =  9.1290927710E+02
           DelSqK = -2.5513660161E+04
           Stress_EigVals = -6.1413827338E+00 -6.1410714488E+00 -5.7796454582E+00
           Stress_EigVec1 = -3.3882399389E-01 -5.2957289424E-01  7.7765728367E-01
           Stress_EigVec2 =  7.3625310155E-02  8.0908907660E-01  5.8305589770E-01
           Stress_EigVec3 =  9.3796461280E-01 -2.5480858663E-01  2.3514882376E-01
           -DivStress = -9.2702641226E+01  2.5348257616E+01 -2.3150839549E+01
           ESP =  -1.1057562776E+00     ESP at Nucleus =  -1.1059134069E+00
           ESPe = -1.1144447192E+01     ESPe at Nucleus = -1.1115969494E+01
           ESPn =  1.0038690915E+01     ESPn at Nucleus =  1.0010056087E+01

CP# 10     Coords = -2.19059036597553E+00  1.64182438158972E+00  2.94548664377538E+00
           Type = (3,-3) NACP H10
           Rho =  4.7511240966E-01     Rho at Nucleus =  4.7337853950E-01
           GradRho = -3.1680387480E-15 -2.1233015346E-15  2.7345747194E-15
           HessRho_EigVals = -2.4464572950E+01 -2.4462984539E+01 -2.3028258052E+01
           HessRho_EigVec1 = -2.8504829109E-01  9.0228661010E-01  3.2345995886E-01
           HessRho_EigVec2 =  9.5851189109E-01  2.6777854654E-01  9.7722078628E-02
           HessRho_EigVec3 = -1.5576854112E-03 -3.3789572837E-01  9.4118226203E-01
           DelSqRho = -7.1955815541E+01
           Bond Ellipticity = NA
           V = -1.8003891552E+01
           G =  7.4688332729E-03
           K =  1.7996422718E+01
           L =  1.7988953885E+01
           Vnuc =  9.3479284785E+01
           Ven = -4.4413168248E+01
           Vrep =  2.6409276696E+01
           DelSqV =  2.4515931462E+04
           DelSqVen =  6.7263781729E+03
           DelSqVrep =  1.7789553289E+04
           DelSqG =  9.0963355363E+02
           DelSqK = -2.5425565015E+04
           Stress_EigVals = -6.1221273130E+00 -6.1220300078E+00 -5.7597342310E+00
           Stress_EigVec1 =  9.9804912465E-01 -5.9174094547E-02 -1.9909076350E-02
           Stress_EigVec2 =  6.2420175971E-02  9.3914899721E-01  3.3779118204E-01
           Stress_EigVec3 = -1.2908982531E-03 -3.3837492160E-01  9.4101049198E-01
           -DivStress = -2.1115529606E-01 -3.3382838375E+01  9.3121958665E+01
           ESP =  -1.1083306148E+00     ESP at Nucleus =  -1.1084903211E+00
           ESPe = -1.1864452079E+01     ESPe at Nucleus = -1.1837929318E+01
           ESPn =  1.0756121464E+01     ESPn at Nucleus =  1.0729438997E+01

CP# 11     Coords = -4.54880404819493E+00 -1.64495049993910E+00 -6.60411757845119E-01
           Type = (3,-3) NACP H11
           Rho =  4.7020699635E-01     Rho at Nucleus =  4.6756554084E-01
           GradRho =  1.4304789991E-12 -2.4856852687E-13 -6.9548533599E-14
           HessRho_EigVals = -2.3871510680E+01 -2.3858688886E+01 -2.1731898225E+01
           HessRho_EigVec1 =  1.4318671689E-01  9.1817097403E-01 -3.6940442140E-01
           HessRho_EigVec2 =  1.1324805447E-01  3.5559851330E-01  9.2775243223E-01
           HessRho_EigVec3 =  9.8319501741E-01 -1.7467615689E-01 -5.3064092828E-02
           DelSqRho = -6.9462097790E+01
           Bond Ellipticity = NA
           V = -1.7402507513E+01
           G =  1.8491532852E-02
           K =  1.7384015980E+01
           L =  1.7365524448E+01
           Vnuc =  7.6463976425E+01
           Ven = -3.5953896683E+01
           Vrep =  1.8551389170E+01
           DelSqV =  2.3274084894E+04
           DelSqVen =  5.3113482079E+03
           DelSqVrep =  1.7962736686E+04
           DelSqG =  8.5848924772E+02
           DelSqK = -2.4132574142E+04
           Stress_EigVals = -5.9856186669E+00 -5.9784443282E+00 -5.4384445181E+00
           Stress_EigVec1 =  1.2349515475E-01  4.4641746286E-01  8.8626203552E-01
           Stress_EigVec2 =  1.3126465763E-01  8.7790192982E-01 -4.6049733036E-01
           Stress_EigVec3 =  9.8362520119E-01 -1.7320407174E-01 -4.9817799255E-02
           -DivStress = -1.1824405699E+02  2.0486511271E+01  5.6810870190E+00
           ESP =  -1.0577687775E+00     ESP at Nucleus =  -1.0581007911E+00
           ESPe = -1.1808640320E+01     ESPe at Nucleus = -1.1765549496E+01
           ESPn =  1.0750871543E+01     ESPn at Nucleus =  1.0707448705E+01

CP# 12     Coords = -2.18186479979365E+00 -3.09700009019928E+00  6.81989633888355E-01
           Type = (3,-3) NACP H12
           Rho =  4.6132198454E-01     Rho at Nucleus =  4.5862581505E-01
           GradRho = -9.7144514655E-17  2.2343238371E-15 -4.6872228321E-15
           HessRho_EigVals = -2.3379642648E+01 -2.3362960446E+01 -2.1212932528E+01
           HessRho_EigVec1 =  9.2109067333E-01  3.8754590431E-01 -3.7418492211E-02
           HessRho_EigVec2 = -2.7178503645E-01  7.0880859199E-01  6.5094029979E-01
           HessRho_EigVec3 =  2.7879179591E-01 -5.8940525276E-01  7.5820616098E-01
           DelSqRho = -6.7955535622E+01
           Bond Ellipticity = NA
           V = -1.7025785536E+01
           G =  1.8450815192E-02
           K =  1.7007334721E+01
           L =  1.6988883905E+01
           Vnuc =  7.6048047555E+01
           Ven = -3.5082636219E+01
           Vrep =  1.8056850683E+01
           DelSqV =  2.2722635490E+04
           DelSqVen =  5.1678858046E+03
           DelSqVrep =  1.7554749685E+04
           DelSqG =  8.3762672324E+02
           DelSqK = -2.3560262213E+04
           Stress_EigVals = -5.8614259964E+00 -5.8552331816E+00 -5.3091263579E+00
           Stress_EigVec1 = -3.2263309624E-01  6.8367197769E-01  6.5459950514E-01
           Stress_EigVec2 =  9.0430734615E-01  4.2688195759E-01 -1.3405623783E-04
           Stress_EigVec3 =  2.7952836869E-01 -5.9191589031E-01  7.5597583949E-01
           -DivStress =  3.4037555383E+01 -7.1287411690E+01  9.0385306502E+01
           ESP =  -1.0612059260E+00     ESP at Nucleus =  -1.0615517256E+00
           ESPe = -1.2777216952E+01     ESPe at Nucleus = -1.2738491425E+01
           ESPn =  1.1716011026E+01     ESPn at Nucleus =  1.1676939699E+01

CP# 13     Coords =  4.73457024771498E+00  9.39695536925678E-01 -2.19098540023519E-01
           Type = (3,-3) NACP H13
           Rho =  4.3443642396E-01     Rho at Nucleus =  4.3089046562E-01
           GradRho = -1.1122089756E-10  2.9564662757E-11 -4.1042582202E-11
           HessRho_EigVals = -2.1588530456E+01 -2.1575784153E+01 -1.8807418023E+01
           HessRho_EigVec1 =  3.8348264828E-01  8.0762579914E-01 -4.4797502946E-01
           HessRho_EigVec2 = -1.6312813870E-01  5.3666537871E-01  8.2787648937E-01
           HessRho_EigVec3 =  9.0902710016E-01 -2.4439893586E-01  3.3754835405E-01
           DelSqRho = -6.1971732632E+01
           Bond Ellipticity = NA
           V = -1.5548630695E+01
           G =  2.7848768558E-02
           K =  1.5520781927E+01
           L =  1.5492933158E+01
           Vnuc =  6.4920784260E+01
           Ven = -2.8203953355E+01
           Vrep =  1.2655322659E+01
           DelSqV =  2.0271681628E+04
           DelSqVen =  4.0232534851E+03
           DelSqVrep =  1.6248428143E+04
           DelSqG =  7.4204237968E+02
           DelSqK = -2.1013724008E+04
           Stress_EigVals = -5.4202370127E+00 -5.4161711649E+00 -4.7122225176E+00
           Stress_EigVec1 = -1.6231337312E-01  5.3808173177E-01  8.2711693178E-01
           Stress_EigVec2 =  3.8199700152E-01  8.0713677675E-01 -4.5012055546E-01
           Stress_EigVec3 =  9.0979814230E-01 -2.4289560218E-01  3.3655470091E-01
           -DivStress =  1.1973684774E+02 -3.1754814936E+01  4.4123177770E+01
           ESP =  -9.4984679166E-01     ESP at Nucleus =  -9.5033806401E-01
           ESPe = -1.2402354688E+01     ESPe at Nucleus = -1.2340879335E+01
           ESPn =  1.1452507896E+01     ESPn at Nucleus =  1.1390541271E+01

CP# 14     Coords =  3.14903723945609E-02  2.06501083839000E-03 -4.44882670503286E-01
           Type = (3,-1) BCP C6 C4
           Rho =  2.6739919123E-01
           GradRho = -1.7097868260E-16  7.1557343384E-18 -2.4719809533E-17
           HessRho_EigVals = -5.8157239782E-01 -5.3961477905E-01  3.5892263963E-01
           HessRho_EigVec1 =  2.9807574402E-01  8.9703581956E-01 -3.2630903950E-01
           HessRho_EigVec2 = -1.5811175271E-01  3.8352561818E-01  9.0989492462E-01
           HessRho_EigVec3 =  9.4135621551E-01 -2.1962431248E-01  2.5615158966E-01
           DelSqRho = -7.6226453724E-01
           Bond Ellipticity =  7.7754762102E-02
           V = -3.1381445518E-01
           G =  6.1624160433E-02
           K =  2.5219029474E-01
           L =  1.9056613431E-01
           Vnuc =  1.8568098472E+01
           Ven = -4.9650945141E+00
           Vrep =  4.6512800589E+00
           DelSqV = -1.0154714326E+00
           DelSqVen =  1.4153802989E+01
           DelSqVrep = -1.5169274422E+01
           DelSqG =  1.2200619203E+00
           DelSqK = -2.0459048773E-01
           Stress_EigVals = -1.9362870025E-01 -1.9032121260E-01  7.0135457667E-02
           Stress_EigVec1 = -3.2966860722E-01 -5.2149738068E-01  7.8699370478E-01
           Stress_EigVec2 =  3.5148334250E-02  8.2623690859E-01  5.6222519108E-01
           Stress_EigVec3 =  9.4344221021E-01 -2.1300951348E-01  2.5405460665E-01
           -DivStress = -9.9060939288E-02  2.4807382782E-02 -2.4117084151E-02
           ESP =   7.2326888570E-01
           ESPe = -1.7844829586E+01
           ESPn =  1.8568098472E+01
           BPL =  2.8569455236E+00 =  1.5103178619E+00 +  1.3466276617E+00                
           GBL_I =  2.8566819068E+00                                                      
           GBL_II =  2.8566811157E+00                                                     
           GBL_III =  2.8567168267E+00 =  1.5101377761E+00 +  1.3465790507E+00            
           GBL_IV =  2.8567160367E+00 =  1.5101368054E+00 +  1.3465792312E+00             

CP# 15     Coords = -1.84923061328674E+00 -6.53996136398196E-01 -7.68969809672850E-01
           Type = (3,-1) BCP C4 N3
           Rho =  2.7624293288E-01
           GradRho = -6.6353172956E-17 -5.9847959921E-17 -2.4286128664E-17
           HessRho_EigVals = -5.8051101593E-01 -5.5723930374E-01  4.0300142682E-01
           HessRho_EigVec1 =  7.8156941898E-01 -4.9505782414E-01  3.7956158140E-01
           HessRho_EigVec2 = -3.2628190378E-01  1.9417148249E-01  9.2511488727E-01
           HessRho_EigVec3 =  5.3168539813E-01  8.4688558031E-01  9.7699165953E-03
           DelSqRho = -7.3474889286E-01
           Bond Ellipticity =  4.1762510345E-02
           V = -4.1167868832E-01
           G =  1.1399573255E-01
           K =  2.9768295577E-01
           L =  1.8368722321E-01
           Vnuc =  1.8204724469E+01
           Ven = -5.0289264796E+00
           Vrep =  4.6172477913E+00
           DelSqV = -2.3816629593E+00
           DelSqVen =  1.3375901148E+01
           DelSqVrep = -1.5757564108E+01
           DelSqG =  2.2943934170E+00
           DelSqK =  8.7269542355E-02
           Stress_EigVals = -2.4681317940E-01 -2.3600733688E-01  7.1141827949E-02
           Stress_EigVec1 = -3.1811363832E-01  2.0511553708E-01  9.2559782280E-01
           Stress_EigVec2 =  7.8316739280E-01 -4.9334961616E-01  3.7849041084E-01
           Stress_EigVec3 =  5.3427759449E-01  8.4530099532E-01 -3.6985590382E-03
           -DivStress =  2.6060205822E-01  4.0230127177E-01 -1.1607162940E-02
           ESP =   9.7182134809E-01
           ESPe = -1.7232903121E+01
           ESPn =  1.8204724469E+01
           BPL =  2.7414101253E+00 =  1.1379661020E+00 +  1.6034440233E+00                
           GBL_I =  2.7404350934E+00                                                      
           GBL_II =  2.7404370350E+00                                                     
           GBL_III =  2.7409824306E+00 =  1.1377281146E+00 +  1.6032543160E+00            
           GBL_IV =  2.7409844243E+00 =  1.1377288192E+00 +  1.6032556051E+00             

CP# 16     Coords = -1.71784747184627E+00  1.33457672748333E+00  1.29123857127130E-01
           Type = (3,-1) BCP C5 C4
           Rho =  2.4322578178E-01
           GradRho = -7.1340502950E-17  3.2959746044E-17  1.0408340856E-16
           HessRho_EigVals = -4.8152212349E-01 -4.6625375816E-01  3.4458935896E-01
           HessRho_EigVec1 =  6.1365469703E-01  6.6317938501E-01 -4.2851022871E-01
           HessRho_EigVec2 =  7.1709642506E-01 -2.4097154728E-01  6.5399191934E-01
           HessRho_EigVec3 = -3.3045518604E-01  7.0860836624E-01  6.2343688800E-01
           DelSqRho = -6.0318652269E-01
           Bond Ellipticity =  3.2746900289E-02
           V = -2.7005731965E-01
           G =  5.9630344489E-02
           K =  2.1042697516E-01
           L =  1.5079663067E-01
           Vnuc =  1.7042708433E+01
           Ven = -4.1452260822E+00
           Vrep =  3.8751687625E+00
           DelSqV = -1.0089293774E+00
           DelSqVen =  1.0279932037E+01
           DelSqVrep = -1.1288861414E+01
           DelSqG =  1.0683256990E+00
           DelSqK = -5.9396321607E-02
           Stress_EigVals = -1.7091979110E-01 -1.6906510808E-01  6.9927579536E-02
           Stress_EigVec1 =  1.5395852006E-01  6.8965102809E-01 -7.0758620221E-01
           Stress_EigVec2 =  9.3186592566E-01  1.3675140398E-01  3.3604307774E-01
           Stress_EigVec3 = -3.2851586063E-01  7.1111216623E-01  6.2160824991E-01
           -DivStress = -5.5916761013E-03  1.1609527735E-02  8.3817495649E-03
           ESP =   6.4407967235E-01
           ESPe = -1.6398628761E+01
           ESPn =  1.7042708433E+01
           BPL =  2.9006820207E+00 =  1.4354951611E+00 +  1.4651868597E+00                
           GBL_I =  2.9005539179E+00                                                      
           GBL_II =  2.9005538877E+00                                                     
           GBL_III =  2.9005847438E+00 =  1.4354898610E+00 +  1.4650948828E+00            
           GBL_IV =  2.9005847162E+00 =  1.4354900690E+00 +  1.4650946473E+00             

