AIMSum (Version 17.01.25, Professional)
Copyright (c) 1997-2017 by Todd A. Keith
AIMSum is a component of the AIMAll package ( http://aim.tkgristmill.com )

TP:  64-bit Linux

Licensed To:  Research Group of Fernando Cortes Guzman, UNAM, fercor@unam.mx

Much of the Quantum Theory of Atoms in Molecules (QTAIM) is described in the book:
  "Atoms in Molecules - A Quantum Theory"
  R.F.W. Bader, Oxford University Press, Oxford, 1990

For additional references see:  http://aim.tkgristmill.com/references.html

Wfn File:  /home/alejandro/wd/aimqb_inps/arginine_b2plyp_def2SVP.wfn
Sum File:  /home/alejandro/wd/aimqb_inps/arginine_b2plyp_def2SVP.sum

SumViz File:  /home/alejandro/wd/aimqb_inps/arginine_b2plyp_def2SVP.sumviz

Wfn Title:   opt arginine M062X def2TZVP                                                   
 
Total memory allocated for AIMSum =        2.305 Megabytes

Atomic units (a.u.) used throughout, except where stated otherwise

Model:  Unknown
 
Restricted, natural orbital wavefunction.
  Number of electrons (from MO Occs)                   =          94.0000004000
  Number of Alpha electrons (from MO Occs)             =          47.0000002000
  Number of Beta electrons (from MO Occs)              =          47.0000002000
  Number of electron pairs (N*(N-1)/2)                 =        4371.0000374000
  Number of electron pairs (from Muller 2EDM)          =        4371.0000374001
  Number of electron pairs (from Muller 2EDM, no SOSI) =        4371.4640596134
 
Nuclear Charges and Cartesian Coordinates:
-------------------------------------------------------------------------------
Atom      Charge                X                  Y                  Z
-------------------------------------------------------------------------------
O1         8.0           4.1958936900E+00   3.5755001100E+00  -8.0482350000E-02
O2         8.0           6.9386937700E+00   9.8631787000E-01   1.8035578000E+00
N3         7.0           5.4099497500E+00  -3.0849449700E+00  -8.9108931000E-01
N4         7.0          -3.7591929800E+00   5.5687019000E-01   2.5106090000E-01
N5         7.0          -7.4455858100E+00   2.4592013500E+00  -1.1250880600E+00
N6         7.0          -7.7031598300E+00  -1.5432783600E+00   6.1449306000E-01
C7         6.0           1.4049806500E+00  -7.6808345000E-01  -1.4581006600E+00
C8         6.0           3.8044397000E-01  -1.2615825000E+00   1.1828504400E+00
C9         6.0           4.3001598700E+00  -6.5799998000E-01  -1.5376741800E+00
C10        6.0          -2.4642914800E+00  -1.6699516300E+00   1.1795350400E+00
C11        6.0           5.3076253400E+00   1.3208298900E+00   2.6474618000E-01
C12        6.0          -6.1354960900E+00   4.4840031000E-01  -4.4380110000E-02
H13        1.0           6.1251205000E-01   9.8342493000E-01  -2.1971586900E+00
H14        1.0           8.1896475000E-01  -2.2942593800E+00  -2.7253165600E+00
H15        1.0           1.3236019600E+00  -2.9126171100E+00   1.9831773200E+00
H16        1.0           7.9879488000E-01   3.5730413000E-01   2.3996401100E+00
H17        1.0           4.8636985900E+00   1.7464520000E-02  -3.4196330500E+00
H18        1.0          -2.8887137000E+00  -3.3323895400E+00  -1.6523900000E-03
H19        1.0          -3.0818313000E+00  -2.1273373000E+00   3.1075729700E+00
H20        1.0           7.1196048100E+00  -2.8482584600E+00  -6.4609160000E-02
H21        1.0           5.6091341700E+00  -4.1846585700E+00  -2.4389958500E+00
H22        1.0           4.9453884900E+00   4.7358629200E+00   1.1179959900E+00
H23        1.0          -6.3097171200E+00   3.9803174200E+00  -1.3150951600E+00
H24        1.0          -9.0831052800E+00   2.8835056100E+00  -2.4090712000E-01
H25        1.0          -9.2521060200E+00  -1.7540008200E+00  -4.7341745000E-01
H26        1.0          -6.8275373800E+00  -3.1835154300E+00   1.0162990000E+00
 
Some Atomic Properties:
----------------------
  q(A) = Net Charge of Atom A
  L(A) = Lagrangian of Atom A = -(1/4) Times Atomic Integral of the Laplacian of the Electron Density
  K(A) = Electronic Kinetic Energy of Atom A (Hamiltonian Form)
  K_Scaled(A) = K(A) * E(Mol)/K(Mol) = Approximation to Virial-Based Total Energy of Atom A.
  |Mu_Intra(A)| = Magnitude of Intraatomic Dipole Moment of Atom A
--------------------------------------------------------------------------------------------------
Atom A          q(A)              L(A)              K(A)          K_Scaled(A)      |Mu_Intra(A)|
--------------------------------------------------------------------------------------------------
O1       -1.1978189517E+00  6.5717313260E-06  7.5422527349E+01 -7.5962005077E+01  3.1428751420E-01
O2       -1.2265724424E+00  4.4784881186E-05  7.5497316759E+01 -7.6037329437E+01  5.6521408160E-01
N3       -1.1923409295E+00 -1.2567527311E-04  5.4799407637E+01 -5.5191373552E+01  1.9861056624E-01
N4       -1.3211747834E+00 -1.2113062433E-05  5.5028618572E+01 -5.5422223973E+01  3.6765957871E-01
N5       -1.2730159220E+00 -1.0688416522E-04  5.4909576377E+01 -5.5302330300E+01  5.6867327177E-02
N6       -1.3118919893E+00  1.4640451490E-04  5.4929726732E+01 -5.5322624785E+01  1.5242296647E-02
C7        1.4513819750E-01 -8.7436445247E-05  3.7592530847E+01 -3.7861420446E+01  5.5465995525E-02
C8        1.5501123020E-01 -8.8685233017E-05  3.7587202931E+01 -3.7856054421E+01  2.9715805324E-02
C9        4.7446266380E-01 -6.5491795385E-04  3.7417942626E+01 -3.7685583441E+01  4.1620994083E-01
C10       5.0517815140E-01 -1.1463135595E-04  3.7365713420E+01 -3.7632980653E+01  4.1257161914E-01
C11       1.6339930783E+00  1.3953484857E-04  3.6664907691E+01 -3.6927162243E+01  8.6068974682E-01
C12       1.7298154654E+00  8.8700109209E-05  3.6669054145E+01 -3.6931338355E+01  9.1417610125E-02
H13      -1.7844512200E-02  4.4020930342E-05  6.2768107183E-01 -6.3217071134E-01  1.2679387907E-01
H14      -7.4668158000E-02  2.9455627943E-05  6.4885343320E-01 -6.5349451310E-01  1.3353024871E-01
H15      -3.9222634700E-02  2.5336144774E-05  6.3464375808E-01 -6.3918319987E-01  1.2991383433E-01
H16      -6.4167367400E-02  2.9435461087E-05  6.4650331132E-01 -6.5112758141E-01  1.2506241449E-01
H17      -5.6425668900E-02  3.7059494533E-05  6.5009010910E-01 -6.5474003463E-01  1.2901327290E-01
H18      -9.1492701000E-02  3.2923515718E-05  6.5791183292E-01 -6.6261770521E-01  1.4213198247E-01
H19      -7.3491680900E-02  3.4783473330E-05  6.5180645808E-01 -6.5646866021E-01  1.3617781715E-01
H20       4.4122740969E-01  3.1377530163E-05  4.1265364104E-01 -4.1560524524E-01  2.0137142740E-01
H21       4.0438864625E-01  2.3209932168E-05  4.3363732076E-01 -4.3673901577E-01  2.1179531165E-01
H22       6.4102963307E-01  1.6130044592E-05  3.0563276125E-01 -3.0781887292E-01  1.5835220498E-01
H23       4.6307270365E-01  2.0185656492E-05  3.9862545150E-01 -4.0147671571E-01  1.9682730342E-01
H24       4.3594896394E-01  1.7849841603E-05  4.1442679191E-01 -4.1739107900E-01  2.0337038788E-01
H25       4.5268705010E-01  1.8985855917E-05  4.0593140267E-01 -4.0883492445E-01  1.9842734111E-01
H26       4.5801639596E-01  1.3301548809E-04  4.0354322344E-01 -4.0642966320E-01  1.9481980761E-01
--------------------------------------------------------------------------------------------------
Total    -1.5815214000E-04 -2.7057840688E-04  6.0117646565E+02 -6.0547652461E+02
 
Molecular charge q(Mol) from the wfn file:  -4.0000000466E-07
Molecular energy E(Mol) from the wfn file:  -6.0547657711E+02
Molecular virial ratio (-V(Mol)/T(Mol)) from the wfn file:   2.0071527400E+00
Note.  K_Scaled(A) = (1+V(Mol)/T(Mol))*K(A) = (E(Mol)/T(Mol))*K(A)
       Only use K_Scaled(A) data with caution.
 
N_AIMInt(SumA)     =         94.000158
N_Analytic(Mol)    =         94.000000
 
G_AIMInt(SumA)     =        601.176736
G_Analytic(Mol)    =        601.176512
 
K_AIMInt(SumA)     =        601.176466
K_Analytic(Mol)    =        601.176512
 
L_AIMInt(SumA)     =         -0.000271
L_Analytic(Mol)    =          0.000000
 
VenT_AIMInt(SumA)  =      -2869.237180
VenT_Analytic(Mol) =      -2869.234134
 
Some Information About the Atomic Calculations:
----------------------------------------------
  Time(sec) = "Elapsed User Time", in Seconds, for Atom A by AIMInt and, if used, by TWOe
  NProc = Number of Processors Used for AIMInt Job
  BIM = Basin Integration Method
  OAQ = Angular Quadrature Outside of Beta Sphere
  ORQ = Multiple of Default for Radial Quadrature Outside of Beta Sphere
  IAQ = Multiple of Default for Angular Quadrature Inside of Beta Sphere
  IRQ = Multiple of Default for Radial Quadrature Inside of Beta Sphere
  MIR = Maximum Integration Radius
------------------------------------------------------------------------------------------------------
Atom A     Time(sec)   NProc      BIM              OAQ                 ORQ      IAQ      IRQ      MIR
------------------------------------------------------------------------------------------------------
O1             52       16     Proaim(5)    4334      (Very High)      1.00     1.00     1.00    13.00
O2             60       16     Proaim(5)    3074      (Very High)      1.00     1.00     1.00    13.00
N3            102       16     Proaim(5)    4334      (Very High)      1.00     1.00     1.00    13.00
N4             95       16     Proaim(5)    4334      (Very High)      1.00     1.00     1.00    13.00
N5             30       16     Proaim(5)    4334      (Very High)      1.00     1.00     1.00    13.00
N6             61       16     Proaim(5)    4334      (Very High)      1.00     1.00     1.00    13.00
C7            163       16     Proaim(5)    4334      (Very High)      1.00     1.00     1.00    13.00
C8            162       16     Proaim(5)    4334      (Very High)      1.00     1.00     1.00    13.00
C9            187       16     Proaim(5)    4334      (Very High)      1.00     1.00     1.00    13.00
C10           120       16     Proaim(5)    4334      (Very High)      1.00     1.00     1.00    13.00
C11           137       16     Proaim(5)    4334      (Very High)      1.00     1.00     1.00    13.00
C12            79       16     Proaim(5)    4334      (Very High)      1.00     1.00     1.00    13.00
H13            28       16     Proaim(5)    2030      (Very High)      1.00     1.00     1.00    13.00
H14            21       16     Proaim(5)    2030      (Very High)      1.00     1.00     1.00    13.00
H15            33       16     Proaim(5)    2030      (Very High)      1.00     1.00     1.00    13.00
H16            27       16     Proaim(5)    2030      (Very High)      1.00     1.00     1.00    13.00
H17            17       16     Proaim(5)    2030      (Very High)      1.00     1.00     1.00    13.00
H18            26       16     Proaim(5)    2030      (Very High)      1.00     1.00     1.00    13.00
H19            16       16     Proaim(5)    2030      (Very High)      1.00     1.00     1.00    13.00
H20            19       16     Proaim(5)    2030      (Very High)      1.00     1.00     1.00    13.00
H21            12       16     Proaim(5)    2030      (Very High)      1.00     1.00     1.00    13.00
H22            10       16     Proaim(5)    2030      (Very High)      1.00     1.00     1.00    13.00
H23            11       16     Proaim(5)    2030      (Very High)      1.00     1.00     1.00    13.00
H24            12       16     Proaim(5)    2030      (Very High)      1.00     1.00     1.00    13.00
H25             6       16     Proaim(5)    2030      (Very High)      1.00     1.00     1.00    13.00
H26             9       16     Proaim(5)    2030      (Very High)      1.00     1.00     1.00    13.00
------------------------------------------------------------------------------------------------------
Total        1495
Note:  Total wall clock time is less than total of atomic times if more than one atom
       was calculated at a time
 
Electron Density Critical Point Analysis of Molecular Structure:               
---------------------------------------------------------------                
  NACP = Nuclear Attractor Critical Point                                      
  NNACP = Non-Nuclear Attractor Critical Point                                 
  BCP = Bond Critical Point                                                    
  RCP = Ring Critical Point                                                    
  CCP = Cage Critical Point                                                    
  Rho = Electron Density                                                       
  GradRho = Gradient of Electron Density                                       
  HessRho_EigVals = Eigenvalues of the Hessian of Rho, Ascending Order         
  HessRho_EigVecs = Eigenvectors of the Hessian of Rho                         
  DelSqRho = Laplacian of Rho = Trace of Hessian of Rho                        
  Bond Ellipticity = (HessRho_EigVal(1) / HessRho_EigVal(2)) - 1               
  V = Virial Field = Potential Energy Density = Trace of Stress Tensor         
  G = Lagrangian Form of Kinetic Energy Density                                
  K = Hamiltonian Form of Kinetic Energy Density                               
  L = K - G = Lagrangian Density = (-1/4)DelSqRho                              
  Vnuc = Electrostatic Potential from Nuclei                                   
  Ven = Electron-nuclear attractive contribution to Virial Field V             
  Vrep = V - Ven = Repulsive contribution to Virial Field V                    
  DelSqV = Laplacian of V                                                      
  DelSqVen = Laplacian of Ven                                                  
  DelSqVrep = Laplacian of Vrep                                                
  DelSqG = Laplacian of G                                                      
  DelSqK = Laplacian of K                                                      
  Stress_EigVals = Eigenvalues of Stress Tensor, Ascending Order               
  Stress_EigVecs = Eigenvectors of Stress Tensor                               
  -DivStress = Ehrenfest Force Density = Minus Divergence of Stress Tensor     
  ESP = Total Electrostatic Potential                                          
  ESPe = Electrostatic Potential from Electrons                                
  ESPn = Electrostatic Potential from Nuclei                                   
  BP = Bond Path                                                               
  BPL = Bond Path Length                                                       
  GBL = Geometric Bond Length                                                  
  GBL_I = Distance Between Nuclear Attractors                                  
  GBL_II = Distance Between Nuclei                                             
  GBL_III = Sum of Distances Between BCP and Nuclear Attractors                
  GBL_IV = Sum of Distances Between BCP and Nuclei                             

CP# 1      Coords =  4.19590700918881E+00  3.57549700584791E+00 -8.04696539062200E-02
           Type = (3,-3) NACP O1
           Rho =  2.7883042512E+02     Rho at Nucleus =  2.7883035765E+02
           GradRho = -1.2489564938E-10  5.3752780005E-11  2.7000623959E-13
           HessRho_EigVals = -3.8751283715E+05 -3.8749588563E+05 -3.8748956835E+05
           HessRho_EigVec1 = -4.0087694719E-03  9.4364627870E-01  3.3093145885E-01
           HessRho_EigVec2 =  6.9734007950E-01 -2.3455406827E-01  6.7727483533E-01
           HessRho_EigVec3 =  7.1672919801E-01  2.3348680851E-01 -6.5710209783E-01
           DelSqRho = -1.1624982911E+06
           Bond Ellipticity = NA
           V = -2.9072673809E+05
           G =  5.1082652286E+01
           K =  2.9067565543E+05
           L =  2.9062457278E+05
           Vnuc =  4.2871911738E+05
           Ven = -1.1953993376E+08
           Vrep =  1.1924920702E+08
           DelSqV =  5.1508789673E+09
           DelSqVen =  4.9838524118E+11
           DelSqVrep = -4.9323436222E+11
           DelSqG =  4.0465533505E+08
           DelSqK = -5.5555343023E+09
           Stress_EigVals = -9.6911269671E+04 -9.6909542360E+04 -9.6905926056E+04
           Stress_EigVec1 =  7.1396958919E-01  2.3435106931E-01 -6.5979315093E-01
           Stress_EigVec2 =  7.0012435536E-01 -2.5047315685E-01  6.6864720498E-01
           Stress_EigVec3 =  8.5622859024E-03  9.3933102473E-01  3.4290510823E-01
           -DivStress = -2.2235454057E+04  5.1771202949E+03 -2.1196633964E+04
           ESP =  -2.2261236755E+01     ESP at Nucleus =  -2.2261238300E+01
           ESPe = -3.6378077980E+01     ESPe at Nucleus = -3.6378065330E+01
           ESPn =  1.4116841226E+01     ESPn at Nucleus =  1.4116827030E+01

CP# 2      Coords =  6.93868019052338E+00  9.86321085249538E-01  1.80354498193956E+00
           Type = (3,-3) NACP O2
           Rho =  2.7911949167E+02     Rho at Nucleus =  2.7911942202E+02
           GradRho = -1.4248380253E-10 -2.0834001191E-11 -5.5616622419E-12
           HessRho_EigVals = -3.8797169769E+05 -3.8796958850E+05 -3.8795176752E+05
           HessRho_EigVec1 =  7.1499026211E-01  2.3146718873E-01 -6.5970589328E-01
           HessRho_EigVec2 =  6.9667068190E-01 -1.5673488312E-01  7.0006009555E-01
           HessRho_EigVec3 = -5.8642016185E-02  9.6013390574E-01  2.7332031938E-01
           DelSqRho = -1.1638930537E+06
           Bond Ellipticity = NA
           V = -2.9107422337E+05
           G =  5.0479972362E+01
           K =  2.9102374340E+05
           L =  2.9097326343E+05
           Vnuc =  4.2221219803E+05
           Ven = -1.1784765409E+08
           Vrep =  1.1755657987E+08
           DelSqV =  5.1570857769E+09
           DelSqVen =  4.9140984451E+11
           DelSqVrep = -4.8625275874E+11
           DelSqG =  4.0521447729E+08
           DelSqK = -5.5623002542E+09
           Stress_EigVals = -9.7027820783E+04 -9.7023513868E+04 -9.7022888722E+04
           Stress_EigVec1 = -5.9246712372E-02  9.5999592012E-01  2.7367436933E-01
           Stress_EigVec2 =  7.0725758185E-01 -1.5310612394E-01  6.9017767838E-01
           Stress_EigVec3 =  7.0446897731E-01  2.3444903106E-01 -6.6989335856E-01
           -DivStress =  2.2689822165E+04 -5.3746093209E+03  2.1417840086E+04
           ESP =  -2.2319005200E+01     ESP at Nucleus =  -2.2319006741E+01
           ESPe = -3.5766723402E+01     ESPe at Nucleus = -3.5766678591E+01
           ESPn =  1.3447718201E+01     ESPn at Nucleus =  1.3447671850E+01

CP# 3      Coords =  5.40996134931838E+00 -3.08493710380157E+00 -8.91102476618505E-01
           Type = (3,-3) NACP N3
           Rho =  1.8281665467E+02     Rho at Nucleus =  1.8281661900E+02
           GradRho =  5.9015570208E-11 -1.6428268468E-11 -6.3713478937E-12
           HessRho_EigVals = -1.9293607570E+05 -1.9293477233E+05 -1.9292460855E+05
           HessRho_EigVec1 = -5.4515615318E-01  8.3773948444E-01  3.1580450543E-02
           HessRho_EigVec2 =  5.4836168620E-01  3.2784416995E-01  7.6929686164E-01
           HessRho_EigVec3 =  6.3411688966E-01  4.3670442686E-01 -6.3811050282E-01
           DelSqRho = -5.7879545658E+05
           Bond Ellipticity = NA
           V = -1.4473647218E+05
           G =  1.8804016271E+01
           K =  1.4471766816E+05
           L =  1.4469886414E+05
           Vnuc =  3.6403452507E+05
           Ven = -6.6551574057E+07
           Vrep =  6.6406837585E+07
           DelSqV =  1.9401069155E+09
           DelSqVen =  2.1070152917E+11
           DelSqVrep = -2.0876142225E+11
           DelSqG =  1.5294188788E+08
           DelSqK = -2.0930488034E+09
           Stress_EigVals = -4.8247014072E+04 -4.8244874797E+04 -4.8244583307E+04
           Stress_EigVec1 =  6.3827164137E-01  4.3728196545E-01 -6.3355646513E-01
           Stress_EigVec2 =  5.4660933830E-01  3.2207309864E-01  7.7297292994E-01
           Stress_EigVec3 = -5.4205861593E-01  8.3967458091E-01  3.3452280479E-02
           -DivStress = -7.2877474759E+03 -4.9479466559E+03  8.2766056354E+03
           ESP =  -1.8359343590E+01     ESP at Nucleus =  -1.8359344663E+01
           ESPe = -3.2519497965E+01     ESPe at Nucleus = -3.2519495779E+01
           ESPn =  1.4160154375E+01     ESPn at Nucleus =  1.4160151117E+01

CP# 4      Coords = -3.75920497935232E+00  5.56852670752173E-01  2.51064672830337E-01
           Type = (3,-3) NACP N4
           Rho =  1.8324645256E+02     Rho at Nucleus =  1.8324640757E+02
           GradRho =  2.6882940318E-11 -7.5717210279E-13  1.5362433547E-12
           HessRho_EigVals = -1.9346080587E+05 -1.9345696625E+05 -1.9345259364E+05
           HessRho_EigVec1 =  8.2420053351E-01 -4.8929929104E-01  2.8509592131E-01
           HessRho_EigVec2 = -1.3608260857E-01  3.1755870892E-01  9.3842314018E-01
           HessRho_EigVec3 =  5.4970446988E-01  8.1224544946E-01 -1.9514693342E-01
           DelSqRho = -5.8037036576E+05
           Bond Ellipticity = NA
           V = -1.4512996212E+05
           G =  1.8685340465E+01
           K =  1.4511127678E+05
           L =  1.4509259144E+05
           Vnuc =  3.2458377224E+05
           Ven = -5.9478824821E+07
           Vrep =  5.9333694859E+07
           DelSqV =  1.9454172858E+09
           DelSqVen =  1.8837880251E+11
           DelSqVrep = -1.8643338523E+11
           DelSqG =  1.5342229674E+08
           DelSqK = -2.0988395825E+09
           Stress_EigVals = -4.8377506678E+04 -4.8376481576E+04 -4.8375973867E+04
           Stress_EigVec1 =  5.8238010047E-01  7.9066853388E-01 -1.8888273639E-01
           Stress_EigVec2 = -1.3567536969E-01  3.2363171408E-01  9.3640520487E-01
           Stress_EigVec3 =  8.0151457419E-01 -5.1971702220E-01  2.9575091580E-01
           -DivStress =  7.5585867530E+03  1.1042661303E+04 -2.3789830800E+03
           ESP =  -1.8395675993E+01     ESP at Nucleus =  -1.8395677310E+01
           ESPe = -3.4756200644E+01     ESPe at Nucleus = -3.4756180091E+01
           ESPn =  1.6360524651E+01     ESPn at Nucleus =  1.6360502781E+01

CP# 5      Coords = -7.44558338163488E+00  2.45920665121870E+00 -1.12507398377394E+00
           Type = (3,-3) NACP N5
           Rho =  1.8274461779E+02     Rho at Nucleus =  1.8274459541E+02
           GradRho =  5.5010829225E-11  9.5970731362E-12  1.8258658474E-11
           HessRho_EigVals = -1.9284695463E+05 -1.9284612510E+05 -1.9283666527E+05
           HessRho_EigVec1 = -5.5988321500E-01  8.2258722040E-01 -9.9403472750E-02
           HessRho_EigVec2 = -7.8216682789E-01 -4.8512392386E-01  3.9098571822E-01
           HessRho_EigVec3 =  2.7339685242E-01  2.9665643990E-01  9.1501317900E-01
           DelSqRho = -5.7852974500E+05
           Bond Ellipticity = NA
           V = -1.4467053137E+05
           G =  1.9047561255E+01
           K =  1.4465148381E+05
           L =  1.4463243625E+05
           Vnuc =  4.5944665059E+05
           Ven = -8.3961402555E+07
           Vrep =  8.3816732024E+07
           DelSqV =  1.9392141214E+09
           DelSqVen =  2.6580355379E+11
           DelSqVrep = -2.6386433967E+11
           DelSqG =  1.5286085867E+08
           DelSqK = -2.0920749801E+09
           Stress_EigVals = -4.8224886633E+04 -4.8222895639E+04 -4.8222749100E+04
           Stress_EigVec1 =  2.8430756261E-01  2.9509104545E-01  9.1218993896E-01
           Stress_EigVec2 =  7.3720472817E-01  5.4100040864E-01 -4.0478110952E-01
           Stress_EigVec3 = -6.1294241052E-01  7.8755306662E-01 -6.3732006397E-02
           -DivStress = -1.5260180099E+03 -3.3271896945E+03 -8.8426112533E+03
           ESP =  -1.8330927069E+01     ESP at Nucleus =  -1.8330927667E+01
           ESPe = -3.1084671690E+01     ESPe at Nucleus = -3.1084664006E+01
           ESPn =  1.2753744621E+01     ESPn at Nucleus =  1.2753736339E+01

CP# 6      Coords = -7.70315601751794E+00 -1.54328316398041E+00  6.14482104305461E-01
           Type = (3,-3) NACP N6
           Rho =  1.8263538100E+02     Rho at Nucleus =  1.8263536581E+02
           GradRho = -6.4488303586E-11  1.6135093261E-11 -2.3839819008E-12
           HessRho_EigVals = -1.9271352155E+05 -1.9271283565E+05 -1.9270345020E+05
           HessRho_EigVec1 =  7.0027578468E-01  7.0894919163E-01  8.3695095882E-02
           HessRho_EigVec2 =  6.0322799806E-01 -6.5035282050E-01  4.6168949656E-01
           HessRho_EigVec3 = -3.8174573704E-01  2.7282274934E-01  8.8308433329E-01
           DelSqRho = -5.7812980740E+05
           Bond Ellipticity = NA
           V = -1.4457081736E+05
           G =  1.9182756997E+01
           K =  1.4455163461E+05
           L =  1.4453245185E+05
           Vnuc =  5.5753787945E+05
           Ven = -1.0182614304E+08
           Vrep =  1.0168157222E+08
           DelSqV =  1.9378672651E+09
           DelSqVen =  3.2232926669E+11
           DelSqVrep = -3.2039139942E+11
           DelSqG =  1.5273920183E+08
           DelSqK = -2.0906064669E+09
           Stress_EigVals = -4.8191620565E+04 -4.8189660230E+04 -4.8189536568E+04
           Stress_EigVec1 = -3.8678742564E-01  2.6759911887E-01  8.8248863956E-01
           Stress_EigVec2 =  4.6828543606E-01 -7.6740509882E-01  4.3794767345E-01
           Stress_EigVec3 =  7.9442069317E-01  5.8264923057E-01  1.7150987253E-01
           -DivStress = -2.3943893771E+03  3.0130688636E+03  6.8773673862E+03
           ESP =  -1.8315575669E+01     ESP at Nucleus =  -1.8315576064E+01
           ESPe = -3.1444678275E+01     ESPe at Nucleus = -3.1444672406E+01
           ESPn =  1.3129102606E+01     ESPn at Nucleus =  1.3129096342E+01

CP# 7      Coords =  1.40498143091815E+00 -7.68083978702306E-01 -1.45810265336579E+00
           Type = (3,-3) NACP C7
           Rho =  1.1231257721E+02     Rho at Nucleus =  1.1231257700E+02
           GradRho =  1.5450812851E-10 -9.9467767356E-11 -3.7199998637E-10
           HessRho_EigVals = -8.6229384275E+04 -8.6229093569E+04 -8.6228746151E+04
           HessRho_EigVec1 =  9.7083842639E-01  2.2949870243E-01  6.9304367979E-02
           HessRho_EigVec2 = -1.2838077856E-01  2.5355463360E-01  9.5876400823E-01
           HessRho_EigVec3 = -2.0246265220E-01  9.3970228975E-01 -2.7562380358E-01
           DelSqRho = -2.5868722399E+05
           Bond Ellipticity = NA
           V = -6.4683253773E+04
           G =  5.7238870452E+00
           K =  6.4677529886E+04
           L =  6.4671805999E+04
           Vnuc =  2.7208703267E+06
           Ven = -3.0558795865E+08
           Vrep =  3.0552327539E+08
           DelSqV =  6.2766061051E+08
           DelSqVen =  7.0385437901E+11
           DelSqVrep = -7.0322673478E+11
           DelSqG =  4.9713636000E+07
           DelSqK = -6.7737424651E+08
           Stress_EigVals = -2.1561161306E+04 -2.1561087151E+04 -2.1561005316E+04
           Stress_EigVec1 = -1.8224930459E-01  9.2133435791E-01 -3.4340674413E-01
           Stress_EigVec2 = -2.5314994541E-01  2.9351458556E-01  9.2182660691E-01
           Stress_EigVec3 =  9.5010541316E-01  2.5493565659E-01  1.7974291330E-01
           -DivStress = -1.5982628099E+02  1.0769786846E+02  4.0383284269E+02
           ESP =  -1.4729947988E+01     ESP at Nucleus =  -1.4729947983E+01
           ESPe = -3.2062608606E+01     ESPe at Nucleus = -3.2062610513E+01
           ESPn =  1.7332660618E+01     ESPn at Nucleus =  1.7332662531E+01

CP# 8      Coords =  3.80445027205420E-01 -1.26158225689788E+00  1.18285163302088E+00
           Type = (3,-3) NACP C8
           Rho =  1.1230287480E+02     Rho at Nucleus =  1.1230287469E+02
           GradRho =  1.0977065090E-10  3.3990366077E-11  1.2168510644E-10
           HessRho_EigVals = -8.6220099308E+04 -8.6220035572E+04 -8.6219672508E+04
           HessRho_EigVec1 = -6.6698592203E-01 -2.2029683251E-01  7.1175774347E-01
           HessRho_EigVec2 = -6.1988762888E-01 -3.6591680706E-01 -6.9414999667E-01
           HessRho_EigVec3 = -4.1336316645E-01  9.0419809549E-01 -1.0750207779E-01
           DelSqRho = -2.5865980739E+05
           Bond Ellipticity = NA
           V = -6.4676426517E+04
           G =  5.7373347680E+00
           K =  6.4670689182E+04
           L =  6.4664951847E+04
           Vnuc =  3.7210013795E+06
           Ven = -4.1787915206E+08
           Vrep =  4.1781447564E+08
           DelSqV =  6.2759361748E+08
           DelSqVen =  9.6247347610E+11
           DelSqVrep = -9.6184588248E+11
           DelSqG =  4.9707191712E+07
           DelSqK = -6.7730080919E+08
           Stress_EigVals = -2.1558864785E+04 -2.1558783811E+04 -2.1558777920E+04
           Stress_EigVec1 = -4.6935468616E-01  8.7783430588E-01 -9.5462610499E-02
           Stress_EigVec2 =  8.7992128814E-01  4.5593754208E-01 -1.3363938195E-01
           Stress_EigVec3 =  7.3788246096E-02  1.4672385337E-01  9.8642151517E-01
           -DivStress = -2.1355024873E+02 -4.8940551480E+01 -2.4047900771E+02
           ESP =  -1.4737593300E+01     ESP at Nucleus =  -1.4737593284E+01
           ESPe = -3.1870906239E+01     ESPe at Nucleus = -3.1870907419E+01
           ESPn =  1.7133312939E+01     ESPn at Nucleus =  1.7133314135E+01

CP# 9      Coords =  4.30016359355893E+00 -6.58001574144207E-01 -1.53767305841103E+00
           Type = (3,-3) NACP C9
           Rho =  1.1230264256E+02     Rho at Nucleus =  1.1230264180E+02
           GradRho =  2.5434055972E-09 -1.0681702189E-09  7.6805492522E-10
           HessRho_EigVals = -8.6222031412E+04 -8.6221209689E+04 -8.6221055294E+04
           HessRho_EigVec1 = -2.1654972748E-01  9.7298292245E-01 -8.0065274308E-02
           HessRho_EigVec2 =  3.8986734815E-01  1.6137439682E-01  9.0662106467E-01
           HessRho_EigVec3 =  8.9504729840E-01  1.6511370830E-01 -4.1427985342E-01
           DelSqRho = -2.5866429640E+05
           Bond Ellipticity = NA
           V = -6.4677485997E+04
           G =  5.7059491534E+00
           K =  6.4671780048E+04
           L =  6.4666074099E+04
           Vnuc =  1.4276120623E+06
           Ven = -1.6032460715E+08
           Vrep =  1.6025992966E+08
           DelSqV =  6.2760503366E+08
           DelSqVen =  3.6927226880E+11
           DelSqVrep = -3.6864466377E+11
           DelSqG =  4.9709211703E+07
           DelSqK = -6.7731424537E+08
           Stress_EigVals = -2.1559261443E+04 -2.1559199647E+04 -2.1559024907E+04
           Stress_EigVec1 =  9.7663580386E-01  1.7023222108E-01 -1.3116210399E-01
           Stress_EigVec2 =  1.1183794828E-01  1.1856319070E-01  9.8662811795E-01
           Stress_EigVec3 = -1.8350689344E-01  9.7824524569E-01 -9.6754634718E-02
           -DivStress = -7.5823140639E+02  3.2634463358E+02 -2.2825621953E+02
           ESP =  -1.4679264374E+01     ESP at Nucleus =  -1.4679264435E+01
           ESPe = -3.2148061136E+01     ESPe at Nucleus = -3.2148061899E+01
           ESPn =  1.7468796761E+01     ESPn at Nucleus =  1.7468797465E+01

CP# 10     Coords = -2.46429525836755E+00 -1.66995043586824E+00  1.17953411230645E+00
           Type = (3,-3) NACP C10
           Rho =  1.1230158733E+02     Rho at Nucleus =  1.1230158662E+02
           GradRho = -2.4567882173E-09  7.7314071811E-10 -6.1910343518E-10
           HessRho_EigVals = -8.6219773644E+04 -8.6218890107E+04 -8.6218794951E+04
           HessRho_EigVec1 = -3.4559505933E-01  8.8393101953E-01 -3.1500794859E-01
           HessRho_EigVec2 =  5.7509783863E-01  4.6477192649E-01  6.7323809485E-01
           HessRho_EigVec3 =  7.4150288669E-01  5.1507368943E-02 -6.6896970034E-01
           DelSqRho = -2.5865745870E+05
           Bond Ellipticity = NA
           V = -6.4675647342E+04
           G =  5.6413332955E+00
           K =  6.4670006009E+04
           L =  6.4664364675E+04
           Vnuc =  1.4743192369E+06
           Ven = -1.6556839054E+08
           Vrep =  1.6550371490E+08
           DelSqV =  6.2758712142E+08
           DelSqVen =  3.8134366208E+11
           DelSqVrep = -3.8071607496E+11
           DelSqG =  4.9706705147E+07
           DelSqK = -6.7729382657E+08
           Stress_EigVals = -2.1558650925E+04 -2.1558602768E+04 -2.1558393649E+04
           Stress_EigVec1 =  9.2315494320E-01  1.6844482625E-01 -3.4555938904E-01
           Stress_EigVec2 =  2.6409074283E-01  3.7533305303E-01  8.8847125944E-01
           Stress_EigVec3 = -2.7935824742E-01  9.1145567079E-01 -3.0200584396E-01
           -DivStress =  7.6669388730E+02 -2.4449322172E+02  1.8846365792E+02
           ESP =  -1.4700067489E+01     ESP at Nucleus =  -1.4700067524E+01
           ESPe = -3.1324913895E+01     ESPe at Nucleus = -3.1324913185E+01
           ESPn =  1.6624846406E+01     ESPn at Nucleus =  1.6624845661E+01

CP# 11     Coords =  5.30762342682466E+00  1.32083954227255E+00  2.64747941282069E-01
           Type = (3,-3) NACP C11
           Rho =  1.1264689151E+02     Rho at Nucleus =  1.1264688719E+02
           GradRho =  1.8566592708E-11  7.0000671926E-12  7.4795725169E-13
           HessRho_EigVals = -8.6525524182E+04 -8.6524339598E+04 -8.6522821717E+04
           HessRho_EigVec1 =  6.9444393993E-01  2.3371749813E-01 -6.8053195763E-01
           HessRho_EigVec2 = -4.7408309883E-01  8.6008953657E-01 -1.8839109452E-01
           HessRho_EigVec3 =  5.4128812078E-01  4.5345575325E-01  7.0808548223E-01
           DelSqRho = -2.5957268550E+05
           Bond Ellipticity = NA
           V = -6.4904151894E+04
           G =  5.4902600377E+00
           K =  6.4898661634E+04
           L =  6.4893171374E+04
           Vnuc =  6.0023180597E+05
           Ven = -6.7614247130E+07
           Vrep =  6.7549342978E+07
           DelSqV =  6.2981974161E+08
           DelSqVen =  1.5580378163E+11
           DelSqVrep = -1.5517396189E+11
           DelSqG =  4.9908515549E+07
           DelSqK = -6.7972825716E+08
           Stress_EigVals = -2.1635256829E+04 -2.1634725065E+04 -2.1634170001E+04
           Stress_EigVec1 =  6.1500510195E-01  2.9725200198E-01  7.3034921229E-01
           Stress_EigVec2 = -3.7781981844E-01  9.2406426183E-01 -5.7943289481E-02
           Stress_EigVec3 =  6.9211336454E-01  2.4030498813E-01 -6.8061193297E-01
           -DivStress =  3.8848907691E+02 -1.9703624995E+03 -3.5976550569E+02
           ESP =  -1.4595209868E+01     ESP at Nucleus =  -1.4595210122E+01
           ESPe = -3.2445993705E+01     ESPe at Nucleus = -3.2445995279E+01
           ESPn =  1.7850783837E+01     ESPn at Nucleus =  1.7850785157E+01

CP# 12     Coords = -6.13550376727439E+00  4.48400583119629E-01 -4.43812247595095E-02
           Type = (3,-3) NACP C12
           Rho =  1.1247771035E+02     Rho at Nucleus =  1.1247770775E+02
           GradRho = -1.7587653556E-11  3.8091751975E-13 -6.9555472493E-14
           HessRho_EigVals = -8.6372557485E+04 -8.6372237754E+04 -8.6371312686E+04
           HessRho_EigVec1 = -1.6640793089E-01  1.8713020523E-02  9.8587941626E-01
           HessRho_EigVec2 =  1.8436434564E-01  9.8277892394E-01  1.2464939335E-02
           HessRho_EigVec3 =  9.6866825518E-01 -1.8383527822E-01  1.6699222104E-01
           DelSqRho = -2.5911610792E+05
           Bond Ellipticity = NA
           V = -6.4790232262E+04
           G =  5.6026402493E+00
           K =  6.4784629621E+04
           L =  6.4779026981E+04
           Vnuc =  7.7295432236E+05
           Ven = -8.6940132384E+07
           Vrep =  8.6875342152E+07
           DelSqV =  6.2870524483E+08
           DelSqVen =  2.0028491366E+11
           DelSqVrep = -1.9965620842E+11
           DelSqG =  4.9806014108E+07
           DelSqK = -6.7851125893E+08
           Stress_EigVals = -2.1597122681E+04 -2.1596718286E+04 -2.1596391295E+04
           Stress_EigVec1 =  9.7754137387E-01 -1.2536590604E-01  1.6939968114E-01
           Stress_EigVec2 =  1.6671162362E-01  9.5173778689E-01 -2.5768666934E-01
           Stress_EigVec3 = -1.2891895485E-01  2.8014027666E-01  9.5126301751E-01
           -DivStress =  1.5663454009E+03 -5.6366018262E+01  2.2769598858E+02
           ESP =  -1.4633717204E+01     ESP at Nucleus =  -1.4633717391E+01
           ESPe = -3.1196474034E+01     ESPe at Nucleus = -3.1196480789E+01
           ESPn =  1.6562756830E+01     ESPn at Nucleus =  1.6562763398E+01

CP# 13     Coords =  6.36015801104178E-01  9.34150509908107E-01 -2.17696333834960E+00
           Type = (3,-3) NACP H13
           Rho =  3.8586899942E-01     Rho at Nucleus =  3.7924873754E-01
           GradRho =  1.3667018905E-14 -2.8783778746E-14  1.1840355085E-14
           HessRho_EigVals = -4.3125315935E+00 -4.3119679648E+00 -3.7134267063E+00
           HessRho_EigVec1 =  3.8148601139E-02  4.0181763357E-01  9.1492473657E-01
           HessRho_EigVec2 =  9.1712285752E-01  3.4946941545E-01 -1.9172060892E-01
           HessRho_EigVec3 = -3.9677493425E-01  8.4641226185E-01 -3.5518436696E-01
           DelSqRho = -1.2337926265E+01
           Bond Ellipticity = NA
           V = -3.1036785805E+00
           G =  9.5985071789E-03
           K =  3.0940800733E+00
           L =  3.0844815661E+00
           Vnuc =  3.5157719355E+01
           Ven = -1.3566273990E+01
           Vrep =  1.0462595409E+01
           DelSqV =  3.1678463974E+02
           DelSqVen =  4.3377334904E+02
           DelSqVrep = -1.1698870930E+02
           DelSqG =  3.3299100774E+01
           DelSqK = -3.5008374051E+02
           Stress_EigVals = -1.0850970305E+00 -1.0846429524E+00 -9.3393859754E-01
           Stress_EigVec1 =  8.2814064474E-02  4.1773367409E-01  9.0478749343E-01
           Stress_EigVec2 = -9.1447777117E-01 -3.2898064360E-01  2.3558892624E-01
           Stress_EigVec3 = -3.9607099964E-01  8.4691812690E-01 -3.5476393499E-01
           -DivStress = -2.3529620220E+00  4.9397105972E+00 -2.0240804657E+00
           ESP =  -1.1288087375E+00     ESP at Nucleus =  -1.1331185213E+00
           ESPe = -1.9106951046E+01     ESPe at Nucleus = -1.8966886760E+01
           ESPn =  1.7978142308E+01     ESPn at Nucleus =  1.7833768239E+01

CP# 14     Coords =  8.35086951046469E-01 -2.25409547595986E+00 -2.69160856022984E+00
           Type = (3,-3) NACP H14
           Rho =  3.8941925519E-01     Rho at Nucleus =  3.8340359928E-01
           GradRho =  3.2653567350E-14  8.2414977620E-14  6.8643007944E-14
           HessRho_EigVals = -4.3881295672E+00 -4.3876353955E+00 -3.8220352339E+00
           HessRho_EigVec1 = -4.9933182583E-01 -4.3215246940E-01  7.5094072397E-01
           HessRho_EigVec2 =  8.1595154834E-01 -5.2602023014E-01  2.3984534233E-01
           HessRho_EigVec3 =  2.9136025548E-01  7.3249365914E-01  6.1527411846E-01
           DelSqRho = -1.2597800197E+01
           Bond Ellipticity = NA
           V = -3.1689461529E+00
           G =  9.7480518804E-03
           K =  3.1591981010E+00
           L =  3.1494500492E+00
           Vnuc =  3.5290455030E+01
           Ven = -1.3742782713E+01
           Vrep =  1.0573836560E+01
           DelSqV =  3.2541059431E+02
           DelSqVen =  4.4458210132E+02
           DelSqVrep = -1.1917150702E+02
           DelSqG =  3.4369853421E+01
           DelSqK = -3.5978044773E+02
           Stress_EigVals = -1.1041014600E+00 -1.1036660320E+00 -9.6117866089E-01
           Stress_EigVec1 =  1.6123938768E-01 -6.7123944602E-01  7.2349116509E-01
           Stress_EigVec2 =  9.4291758677E-01 -1.1166927914E-01 -3.1374575163E-01
           Stress_EigVec3 =  2.9139026138E-01  7.3278071631E-01  6.1491799240E-01
           -DivStress = -1.6515365690E+00 -4.1152836980E+00 -3.4524830455E+00
           ESP =  -1.1225571252E+00     ESP at Nucleus =  -1.1264581654E+00
           ESPe = -1.8183808175E+01     ESPe at Nucleus = -1.8032201875E+01
           ESPn =  1.7061251050E+01     ESPn at Nucleus =  1.6905743710E+01

CP# 15     Coords =  1.29636083058449E+00 -2.86725708690130E+00  1.96133878434143E+00
           Type = (3,-3) NACP H15
           Rho =  3.8674733346E-01     Rho at Nucleus =  3.8030325663E-01
           GradRho = -4.4127028420E-16  1.2572408392E-15 -1.9255430583E-16
           HessRho_EigVals = -4.3331531580E+00 -4.3323709144E+00 -3.7445604179E+00
           HessRho_EigVec1 = -2.7957368481E-01  2.8260024313E-01  9.1759231543E-01
           HessRho_EigVec2 =  8.3850872788E-01  5.3740960080E-01  8.9966850814E-02
           HessRho_EigVec3 = -4.6769826602E-01  7.9456152912E-01 -3.8720835271E-01
           DelSqRho = -1.2410084490E+01
           Bond Ellipticity = NA
           V = -3.1218520936E+00
           G =  9.6654854980E-03
