AIMSum (Version 17.01.25, Professional)
Copyright (c) 1997-2017 by Todd A. Keith
AIMSum is a component of the AIMAll package ( http://aim.tkgristmill.com )

TP:  64-bit Linux

Licensed To:  Research Group of Fernando Cortes Guzman, UNAM, fercor@unam.mx

Much of the Quantum Theory of Atoms in Molecules (QTAIM) is described in the book:
  "Atoms in Molecules - A Quantum Theory"
  R.F.W. Bader, Oxford University Press, Oxford, 1990

For additional references see:  http://aim.tkgristmill.com/references.html

Wfn File:  /home/alejandro/wd/aimqb_inps/arginine_pbepbe_def2QZVP.wfn
Sum File:  /home/alejandro/wd/aimqb_inps/arginine_pbepbe_def2QZVP.sum

SumViz File:  /home/alejandro/wd/aimqb_inps/arginine_pbepbe_def2QZVP.sumviz

Wfn Title:   opt arginine M062X def2TZVP                                                   
 
Total memory allocated for AIMSum =        1.748 Megabytes

Atomic units (a.u.) used throughout, except where stated otherwise

Model:  Restricted SCF
 
Restricted, closed-shell, single-determinant wavefunction.
  Number of electrons (from MO Occs)                   =          94.0000000000
  Number of Alpha electrons (from MO Occs)             =          47.0000000000
  Number of Beta electrons (from MO Occs)              =          47.0000000000
  Number of electron pairs (N*(N-1)/2)                 =        4371.0000000000
  Number of electron pairs (from Muller 2EDM)          =        4371.0000000000
 
Nuclear Charges and Cartesian Coordinates:
-------------------------------------------------------------------------------
Atom      Charge                X                  Y                  Z
-------------------------------------------------------------------------------
O1         8.0           4.1958936900E+00   3.5755001100E+00  -8.0482350000E-02
O2         8.0           6.9386937700E+00   9.8631787000E-01   1.8035578000E+00
N3         7.0           5.4099497500E+00  -3.0849449700E+00  -8.9108931000E-01
N4         7.0          -3.7591929800E+00   5.5687019000E-01   2.5106090000E-01
N5         7.0          -7.4455858100E+00   2.4592013500E+00  -1.1250880600E+00
N6         7.0          -7.7031598300E+00  -1.5432783600E+00   6.1449306000E-01
C7         6.0           1.4049806500E+00  -7.6808345000E-01  -1.4581006600E+00
C8         6.0           3.8044397000E-01  -1.2615825000E+00   1.1828504400E+00
C9         6.0           4.3001598700E+00  -6.5799998000E-01  -1.5376741800E+00
C10        6.0          -2.4642914800E+00  -1.6699516300E+00   1.1795350400E+00
C11        6.0           5.3076253400E+00   1.3208298900E+00   2.6474618000E-01
C12        6.0          -6.1354960900E+00   4.4840031000E-01  -4.4380110000E-02
H13        1.0           6.1251205000E-01   9.8342493000E-01  -2.1971586900E+00
H14        1.0           8.1896475000E-01  -2.2942593800E+00  -2.7253165600E+00
H15        1.0           1.3236019600E+00  -2.9126171100E+00   1.9831773200E+00
H16        1.0           7.9879488000E-01   3.5730413000E-01   2.3996401100E+00
H17        1.0           4.8636985900E+00   1.7464520000E-02  -3.4196330500E+00
H18        1.0          -2.8887137000E+00  -3.3323895400E+00  -1.6523900000E-03
H19        1.0          -3.0818313000E+00  -2.1273373000E+00   3.1075729700E+00
H20        1.0           7.1196048100E+00  -2.8482584600E+00  -6.4609160000E-02
H21        1.0           5.6091341700E+00  -4.1846585700E+00  -2.4389958500E+00
H22        1.0           4.9453884900E+00   4.7358629200E+00   1.1179959900E+00
H23        1.0          -6.3097171200E+00   3.9803174200E+00  -1.3150951600E+00
H24        1.0          -9.0831052800E+00   2.8835056100E+00  -2.4090712000E-01
H25        1.0          -9.2521060200E+00  -1.7540008200E+00  -4.7341745000E-01
H26        1.0          -6.8275373800E+00  -3.1835154300E+00   1.0162990000E+00
 
Some Atomic Properties:
----------------------
  q(A) = Net Charge of Atom A
  L(A) = Lagrangian of Atom A = -(1/4) Times Atomic Integral of the Laplacian of the Electron Density
  K(A) = Electronic Kinetic Energy of Atom A (Hamiltonian Form)
  K_Scaled(A) = K(A) * E(Mol)/K(Mol) = Approximation to Virial-Based Total Energy of Atom A.
  |Mu_Intra(A)| = Magnitude of Intraatomic Dipole Moment of Atom A
--------------------------------------------------------------------------------------------------
Atom A          q(A)              L(A)              K(A)          K_Scaled(A)      |Mu_Intra(A)|
--------------------------------------------------------------------------------------------------
O1       -1.1061612876E+00 -1.3533956194E-05  7.5563902514E+01 -7.5844509066E+01  2.6108028625E-01
O2       -1.1662671523E+00  4.3085241550E-05  7.5649390947E+01 -7.5930314960E+01  4.5385635197E-01
N3       -1.0059672832E+00 -6.4531426274E-05  5.4882565670E+01 -5.5086372078E+01  2.4285145283E-01
N4       -1.1303761882E+00 -6.7547208685E-06  5.5062880365E+01 -5.5267356372E+01  3.2784373003E-01
N5       -1.0566502779E+00 -1.7947853777E-04  5.4967566137E+01 -5.5171688194E+01  1.5404658604E-01
N6       -1.0849344580E+00  5.9403366307E-05  5.4987783305E+01 -5.5191980438E+01  1.0698283584E-01
C7        6.8143446300E-02  1.5954731829E-04  3.7831435470E+01 -3.7971922506E+01  5.3513125290E-02
C8        7.0352222900E-02 -3.8706625919E-04  3.7827746388E+01 -3.7968219724E+01  5.6847155712E-02
C9        3.6346381330E-01  1.8171603410E-04  3.7672866134E+01 -3.7812764322E+01  3.8454906373E-01
C10       3.6937301590E-01 -2.3816622778E-04  3.7650951568E+01 -3.7790768377E+01  3.9361396063E-01
C11       1.5393495621E+00 -1.3365884711E-04  3.6965876450E+01 -3.7103149232E+01  8.0409530842E-01
C12       1.4163788933E+00  3.8964627810E-04  3.7131991021E+01 -3.7269880669E+01  7.7428745111E-02
H13       1.2887213760E-02  3.2914413119E-05  6.2456178490E-01 -6.2688109509E-01  1.3771998394E-01
H14      -2.8935321400E-02  2.9722193755E-05  6.3753795084E-01 -6.3990544802E-01  1.5154894384E-01
H15      -3.4867259000E-03  2.9160633929E-05  6.2873186663E-01 -6.3106666242E-01  1.4273714672E-01
H16      -2.0879744300E-02  2.6396216080E-05  6.3601122741E-01 -6.3837305510E-01  1.4256394042E-01
H17      -5.2983010000E-03  3.5599783893E-05  6.3529120568E-01 -6.3765035957E-01  1.4568098266E-01
H18      -4.5794735600E-02  3.5168071683E-05  6.4266477889E-01 -6.4505131455E-01  1.6628427888E-01
H19      -2.8697698600E-02  3.3187019549E-05  6.3979474485E-01 -6.4217062264E-01  1.5501937594E-01
H20       3.7290526923E-01  3.4447390870E-05  4.7951220265E-01 -4.8129287121E-01  1.8585036695E-01
H21       3.4054804537E-01  3.2516675477E-05  4.9642007174E-01 -4.9826352768E-01  1.9619664167E-01
H22       5.9099453692E-01  2.0678231864E-05  3.6233997869E-01 -3.6368552820E-01  1.6445321811E-01
H23       3.9312485535E-01  2.9595061363E-05  4.6811892145E-01 -4.6985728106E-01  1.8102982768E-01
H24       3.7007742786E-01  2.6743664786E-05  4.8013533235E-01 -4.8191831491E-01  1.8675278745E-01
H25       3.8465354196E-01  2.7502943645E-05  4.7314869762E-01 -4.7490573531E-01  1.8299780196E-01
H26       3.9136567623E-01 -1.2597111718E-06  4.7046664159E-01 -4.7221371946E-01  1.7701645389E-01
--------------------------------------------------------------------------------------------------
Total     1.6834648000E-04  2.0258085200E-04  6.0386969137E+02 -6.0611216147E+02
 
Molecular charge q(Mol) from the wfn file:   0.0000000000E+00
Molecular energy E(Mol) from the wfn file:  -6.0611213778E+02
Molecular virial ratio (-V(Mol)/T(Mol)) from the wfn file:   2.0037135000E+00
Note.  K_Scaled(A) = (1+V(Mol)/T(Mol))*K(A) = (E(Mol)/T(Mol))*K(A)
       Only use K_Scaled(A) data with caution.
 
N_AIMInt(SumA)     =         93.999832
N_Analytic(Mol)    =         93.999993
 
G_AIMInt(SumA)     =        603.869489
G_Analytic(Mol)    =        603.869664
 
K_AIMInt(SumA)     =        603.869691
K_Analytic(Mol)    =        603.869664
 
L_AIMInt(SumA)     =          0.000203
L_Analytic(Mol)    =          0.000000
 
VenT_AIMInt(SumA)  =      -2873.381298
VenT_Analytic(Mol) =      -2873.383708
 
Some Information About the Atomic Calculations:
----------------------------------------------
  Time(sec) = "Elapsed User Time", in Seconds, for Atom A by AIMInt and, if used, by TWOe
  NProc = Number of Processors Used for AIMInt Job
  BIM = Basin Integration Method
  OAQ = Angular Quadrature Outside of Beta Sphere
  ORQ = Multiple of Default for Radial Quadrature Outside of Beta Sphere
  IAQ = Multiple of Default for Angular Quadrature Inside of Beta Sphere
  IRQ = Multiple of Default for Radial Quadrature Inside of Beta Sphere
  MIR = Maximum Integration Radius
------------------------------------------------------------------------------------------------------
Atom A     Time(sec)   NProc      BIM              OAQ                 ORQ      IAQ      IRQ      MIR
------------------------------------------------------------------------------------------------------
O1            246       16     Proaim(5)    4334      (Very High)      1.00     1.00     1.00    13.00
O2            236       16     Proaim(5)    3074      (Very High)      1.00     1.00     1.00    13.00
N3            322       16     Proaim(5)    4334      (Very High)      1.00     1.00     1.00    13.00
N4            197       16     Proaim(5)    4334      (Very High)      1.00     1.00     1.00    13.00
N5            138       16     Proaim(5)    4334      (Very High)      1.00     1.00     1.00    13.00
N6            165       16     Proaim(5)    4334      (Very High)      1.00     1.00     1.00    13.00
C7            314       16     Proaim(5)    4334      (Very High)      1.00     1.00     1.00    13.00
C8            429       16     Proaim(5)    4334      (Very High)      1.00     1.00     1.00    13.00
C9            370       16     Proaim(5)    4334      (Very High)      1.00     1.00     1.00    13.00
C10           251       16     Proaim(5)    4334      (Very High)      1.00     1.00     1.00    13.00
C11           220       16     Proaim(5)    4334      (Very High)      1.00     1.00     1.00    13.00
C12           165       16     Proaim(5)    4334      (Very High)      1.00     1.00     1.00    13.00
H13            93       16     Proaim(5)    2030      (Very High)      1.00     1.00     1.00    13.00
H14           116       16     Proaim(5)    2030      (Very High)      1.00     1.00     1.00    13.00
H15           123       16     Proaim(5)    2030      (Very High)      1.00     1.00     1.00    13.00
H16           111       16     Proaim(5)    2030      (Very High)      1.00     1.00     1.00    13.00
H17            65       16     Proaim(5)    2030      (Very High)      1.00     1.00     1.00    13.00
H18           126       16     Proaim(5)    2030      (Very High)      1.00     1.00     1.00    13.00
H19            94       16     Proaim(5)    2030      (Very High)      1.00     1.00     1.00    13.00
H20            62       16     Proaim(5)    2030      (Very High)      1.00     1.00     1.00    13.00
H21            77       16     Proaim(5)    2030      (Very High)      1.00     1.00     1.00    13.00
H22            45       16     Proaim(5)    2030      (Very High)      1.00     1.00     1.00    13.00
H23            76       16     Proaim(5)    2030      (Very High)      1.00     1.00     1.00    13.00
H24            51       16     Proaim(5)    2030      (Very High)      1.00     1.00     1.00    13.00
H25            54       16     Proaim(5)    2030      (Very High)      1.00     1.00     1.00    13.00
H26            58       16     Proaim(5)    2030      (Very High)      1.00     1.00     1.00    13.00
------------------------------------------------------------------------------------------------------
Total        4204
Note:  Total wall clock time is less than total of atomic times if more than one atom
       was calculated at a time
 
Electron Density Critical Point Analysis of Molecular Structure:               
---------------------------------------------------------------                
  NACP = Nuclear Attractor Critical Point                                      
  NNACP = Non-Nuclear Attractor Critical Point                                 
  BCP = Bond Critical Point                                                    
  RCP = Ring Critical Point                                                    
  CCP = Cage Critical Point                                                    
  Rho = Electron Density                                                       
  GradRho = Gradient of Electron Density                                       
  HessRho_EigVals = Eigenvalues of the Hessian of Rho, Ascending Order         
  HessRho_EigVecs = Eigenvectors of the Hessian of Rho                         
  DelSqRho = Laplacian of Rho = Trace of Hessian of Rho                        
  Bond Ellipticity = (HessRho_EigVal(1) / HessRho_EigVal(2)) - 1               
  V = Virial Field = Potential Energy Density = Trace of Stress Tensor         
  G = Lagrangian Form of Kinetic Energy Density                                
  K = Hamiltonian Form of Kinetic Energy Density                               
  L = K - G = Lagrangian Density = (-1/4)DelSqRho                              
  Vnuc = Electrostatic Potential from Nuclei                                   
  Ven = Electron-nuclear attractive contribution to Virial Field V             
  Vrep = V - Ven = Repulsive contribution to Virial Field V                    
  DelSqV = Laplacian of V                                                      
  DelSqVen = Laplacian of Ven                                                  
  DelSqVrep = Laplacian of Vrep                                                
  DelSqG = Laplacian of G                                                      
  DelSqK = Laplacian of K                                                      
  Stress_EigVals = Eigenvalues of Stress Tensor, Ascending Order               
  Stress_EigVecs = Eigenvectors of Stress Tensor                               
  -DivStress = Ehrenfest Force Density = Minus Divergence of Stress Tensor     
  ESP = Total Electrostatic Potential                                          
  ESPe = Electrostatic Potential from Electrons                                
  ESPn = Electrostatic Potential from Nuclei                                   
  BP = Bond Path                                                               
  BPL = Bond Path Length                                                       
  GBL = Geometric Bond Length                                                  
  GBL_I = Distance Between Nuclear Attractors                                  
  GBL_II = Distance Between Nuclei                                             
  GBL_III = Sum of Distances Between BCP and Nuclear Attractors                
  GBL_IV = Sum of Distances Between BCP and Nuclei                             

CP# 1      Coords =  4.19589575782821E+00  3.57549954194195E+00 -8.04804274523319E-02
           Type = (3,-3) NACP O1
           Rho =  3.0766347396E+02     Rho at Nucleus =  3.0766346059E+02
           GradRho = -1.2586223010E-09  2.7521366848E-10 -1.8991535775E-12
           HessRho_EigVals = -3.2237426340E+06 -3.2237102760E+06 -3.2237048081E+06
           HessRho_EigVec1 = -1.6324487963E-02  9.4687271033E-01  3.2119399360E-01
           HessRho_EigVec2 =  6.6517704209E-01 -2.2955302252E-01  7.1052439263E-01
           HessRho_EigVec3 =  7.4650720945E-01  2.2524981749E-01 -6.2609065314E-01
           DelSqRho = -9.6711577181E+06
           Bond Ellipticity = NA
           V = -2.4179735123E+06
           G =  9.2041387799E+01
           K =  2.4178814709E+06
           L =  2.4177894295E+06
           Vnuc =  2.7777260938E+06
           Ven = -8.5460485973E+08
           Vrep =  8.5218688622E+08
           DelSqV =  1.9920293822E+12
           DelSqVen =  2.6863827137E+13
           DelSqVrep = -2.4871797754E+13
           DelSqG =  2.5335809806E+10
           DelSqK = -2.0173651920E+12
           Stress_EigVals = -8.0599536726E+05 -8.0599181431E+05 -8.0598633072E+05
           Stress_EigVec1 =  7.1493944992E-01  2.3540896450E-01 -6.5836479431E-01
           Stress_EigVec2 =  6.9901491393E-01 -2.1980198467E-01  6.8048896952E-01
           Stress_EigVec3 = -1.5483315243E-02  9.4671521957E-01  3.2169948706E-01
           -DivStress = -1.3639626062E+06  3.7470238279E+05 -1.2681400948E+06
           ESP =  -2.2304256019E+01     ESP at Nucleus =  -2.2304256089E+01
           ESPe = -3.6421085399E+01     ESPe at Nucleus = -3.6421083119E+01
           ESPn =  1.4116829380E+01     ESPn at Nucleus =  1.4116827030E+01

CP# 2      Coords =  6.93869170217017E+00  9.86318365451572E-01  1.80355585190977E+00
           Type = (3,-3) NACP O2
           Rho =  3.0788266983E+02     Rho at Nucleus =  3.0788265642E+02
           GradRho = -2.4437148176E-10 -7.3472421587E-11 -4.7956704451E-11
           HessRho_EigVals = -3.2260213320E+06 -3.2260124079E+06 -3.2259880100E+06
           HessRho_EigVec1 =  7.0342590703E-01  2.3303784832E-01 -6.7147997332E-01
           HessRho_EigVec2 =  7.0756728427E-01 -1.4002838641E-01  6.9263308413E-01
           HessRho_EigVec3 = -6.7383466428E-02  9.6233331661E-01  2.6338955219E-01
           DelSqRho = -9.6780217499E+06
           Bond Ellipticity = NA
           V = -2.4196881569E+06
           G =  9.1359710415E+01
           K =  2.4195967972E+06
           L =  2.4195054375E+06
           Vnuc =  2.7741066535E+06
           Ven = -8.5409936290E+08
           Vrep =  8.5167967474E+08
           DelSqV =  1.9934403278E+12
           DelSqVen =  2.6847864521E+13
           DelSqVrep = -2.4854424209E+13
           DelSqG =  2.5353710375E+10
           DelSqK = -2.0187940382E+12
           Stress_EigVals = -8.0656817246E+05 -8.0656010600E+05 -8.0655987845E+05
           Stress_EigVec1 = -6.1282906956E-02  9.6099925847E-01  2.6967541702E-01
           Stress_EigVec2 =  6.5248689064E-01 -1.6588689901E-01  7.3942030962E-01
           Stress_EigVec3 =  7.5531798791E-01  2.2127350037E-01 -6.1687338667E-01
           -DivStress =  1.3649434251E+06 -3.2703238487E+05  1.2859016810E+06
           ESP =  -2.2364833623E+01     ESP at Nucleus =  -2.2364833695E+01
           ESPe = -3.5812512525E+01     ESPe at Nucleus = -3.5812505546E+01
           ESPn =  1.3447678902E+01     ESPn at Nucleus =  1.3447671850E+01

CP# 3      Coords =  5.40995124675571E+00 -3.08494355289285E+00 -8.91091269536706E-01
           Type = (3,-3) NACP N3
           Rho =  2.0256737662E+02     Rho at Nucleus =  2.0256736999E+02
           GradRho = -6.3908011175E-10  3.2656117394E-11  2.8159814758E-11
           HessRho_EigVals = -1.6408833739E+06 -1.6408803516E+06 -1.6408628411E+06
           HessRho_EigVec1 = -5.4571031070E-01  8.3768214599E-01  2.2110610333E-02
           HessRho_EigVec2 =  5.4537336850E-01  3.3500475218E-01  7.6833567205E-01
           HessRho_EigVec3 =  6.3621391507E-01  4.3134723636E-01 -6.3966508109E-01
           DelSqRho = -4.9226265666E+06
           Bond Ellipticity = NA
           V = -1.2307263462E+06
           G =  3.4852268877E+01
           K =  1.2306914939E+06
           L =  1.2306566416E+06
           Vnuc =  2.4613486542E+06
           Ven = -4.9858893984E+08
           Vrep =  4.9735821349E+08
           DelSqV =  7.8989560693E+11
           DelSqVen =  1.2116300304E+13
           DelSqVrep = -1.1326404697E+13
           DelSqG =  9.9693973803E+09
           DelSqK = -7.9986500431E+11
           Stress_EigVals = -4.1024450185E+05 -4.1024133909E+05 -4.1024050525E+05
           Stress_EigVec1 =  6.6717895116E-01  4.1008933430E-01 -6.2185125635E-01
           Stress_EigVec2 =  5.1849961273E-01  3.4370843488E-01  7.8295763831E-01
           Stress_EigVec3 = -5.3481809873E-01  8.4480249152E-01 -1.6683872069E-02
           -DivStress = -3.9148703272E+05 -3.7066085261E+05  5.1253215643E+05
           ESP =  -1.8407387652E+01     ESP at Nucleus =  -1.8407387700E+01
           ESPe = -3.2567539843E+01     ESPe at Nucleus = -3.2567538817E+01
           ESPn =  1.4160152191E+01     ESPn at Nucleus =  1.4160151117E+01

CP# 4      Coords = -3.75919470177545E+00  5.56867476300509E-01  2.51061509131793E-01
           Type = (3,-3) NACP N4
           Rho =  2.0285938505E+02     Rho at Nucleus =  2.0285937626E+02
           GradRho =  2.5953907166E-10 -4.9267923075E-11 -4.1753711599E-11
           HessRho_EigVals = -1.6432411983E+06 -1.6432352949E+06 -1.6432255967E+06
           HessRho_EigVec1 =  7.9867903945E-01 -5.2375223300E-01  2.9630286933E-01
           HessRho_EigVec2 = -1.3875915243E-01  3.1883248372E-01  9.3759892542E-01
           HessRho_EigVec3 =  5.8554051061E-01  7.8995534415E-01 -1.8196940591E-01
           DelSqRho = -4.9297020898E+06
           Bond Ellipticity = NA
           V = -1.2324938250E+06
           G =  3.4151272873E+01
           K =  1.2324596737E+06
           L =  1.2324255225E+06
           Vnuc =  2.1400070858E+06
           Ven = -4.3412052142E+08
           Vrep =  4.3288802760E+08
           DelSqV =  7.9102852213E+11
           DelSqVen =  1.0549597401E+13
           DelSqVrep = -9.7585688790E+12
           DelSqG =  9.9836762272E+09
           DelSqK = -8.0101219835E+11
           Stress_EigVals = -4.1083251699E+05 -4.1083119917E+05 -4.1083010885E+05
           Stress_EigVec1 =  6.4060179611E-01  7.4717969026E-01 -1.7706453425E-01
           Stress_EigVec2 = -1.2702583341E-01  3.3052984739E-01  9.3520824292E-01
           Stress_EigVec3 =  7.5729371876E-01 -5.7660431012E-01  3.0664913677E-01
           -DivStress =  4.5099406225E+05  7.1081295861E+05 -1.5955230424E+05
           ESP =  -1.8435909079E+01     ESP at Nucleus =  -1.8435909140E+01
           ESPe = -3.4796415196E+01     ESPe at Nucleus = -3.4796411922E+01
           ESPn =  1.6360506117E+01     ESPn at Nucleus =  1.6360502781E+01

CP# 5      Coords = -7.44558533909271E+00  2.45920184876957E+00 -1.12508601136612E+00
           Type = (3,-3) NACP N5
           Rho =  2.0250559479E+02     Rho at Nucleus =  2.0250559096E+02
           GradRho = -4.0847086824E-10 -1.1833345415E-10  1.2771117497E-10
           HessRho_EigVals = -1.6403633591E+06 -1.6403614722E+06 -1.6403457911E+06
           HessRho_EigVec1 = -5.2440141700E-01  8.4299508311E-01 -1.1984341323E-01
           HessRho_EigVec2 =  8.0715151349E-01  4.4734009490E-01 -3.8521847537E-01
           HessRho_EigVec3 =  2.7112651681E-01  2.9874090671E-01  9.1501053684E-01
           DelSqRho = -4.9210706224E+06
           Bond Ellipticity = NA
           V = -1.2303380987E+06
           G =  3.5221541545E+01
           K =  1.2303028771E+06
           L =  1.2302676556E+06
           Vnuc =  3.2401196753E+06
           Ven = -6.5614236204E+08
           Vrep =  6.5491202394E+08
           DelSqV =  7.8964659180E+11
           DelSqVen =  1.5944857780E+13
           DelSqVrep = -1.5155211188E+13
           DelSqG =  9.9661404586E+09
           DelSqK = -7.9961273225E+11
           Stress_EigVals = -4.1011488262E+05 -4.1011185318E+05 -4.1011136288E+05
           Stress_EigVec1 =  2.8223354849E-01  3.1661409865E-01  9.0559358249E-01
           Stress_EigVec2 =  8.1071838629E-01  4.2597735156E-01 -4.0159556034E-01
           Stress_EigVec3 = -5.1291317222E-01  8.4752510788E-01 -1.3645977163E-01
           -DivStress = -1.2313872128E+05 -1.3040731410E+05 -5.3567308720E+05
           ESP =  -1.8378937596E+01     ESP at Nucleus =  -1.8378937624E+01
           ESPe = -3.1132675586E+01     ESPe at Nucleus = -3.1132673963E+01
           ESPn =  1.2753737989E+01     ESPn at Nucleus =  1.2753736339E+01

CP# 6      Coords = -7.70315915230274E+00 -1.54327879875946E+00  6.14491501359998E-01
           Type = (3,-3) NACP N6
           Rho =  2.0243177242E+02     Rho at Nucleus =  2.0243176990E+02
           GradRho =  4.1688963393E-10 -5.6413207439E-13 -7.0711547728E-11
           HessRho_EigVals = -1.6397655555E+06 -1.6397640126E+06 -1.6397488128E+06
           HessRho_EigVec1 =  6.7054388858E-01  7.3956195902E-01  5.8472234987E-02
           HessRho_EigVec2 =  6.3681387401E-01 -6.1423083090E-01  4.6603495174E-01
           HessRho_EigVec3 = -3.8057717136E-01  2.7526095827E-01  8.8283204603E-01
           DelSqRho = -4.9192783809E+06
           Bond Ellipticity = NA
           V = -1.2298904849E+06
           G =  3.5444814300E+01
           K =  1.2298550400E+06
           L =  1.2298195952E+06
           Vnuc =  3.9878940042E+06
           Ven = -8.0727645150E+08
           Vrep =  8.0604656102E+08
           DelSqV =  7.8935970463E+11
           DelSqVen =  1.9617560527E+13
           DelSqVrep = -1.8828200822E+13
           DelSqG =  9.9625172506E+09
           DelSqK = -7.9932222188E+11
           Stress_EigVals = -4.0996564799E+05 -4.0996262094E+05 -4.0996221593E+05
           Stress_EigVec1 = -3.7814710784E-01  2.8226168218E-01  8.8166496335E-01
           Stress_EigVec2 =  6.3180516367E-01 -6.1741030967E-01  4.6864351555E-01
           Stress_EigVec3 =  6.7662914510E-01  7.3425666649E-01  5.5137534651E-02
           -DivStress = -1.7714769183E+05  1.1467464850E+05  4.0740305208E+05
           ESP =  -1.8366717109E+01     ESP at Nucleus =  -1.8366717128E+01
           ESPe = -3.1495814778E+01     ESPe at Nucleus = -3.1495813470E+01
           ESPn =  1.3129097669E+01     ESPn at Nucleus =  1.3129096342E+01

CP# 7      Coords =  1.40498106731491E+00 -7.68083599931980E-01 -1.45810053085830E+00
           Type = (3,-3) NACP C7
           Rho =  1.2497908520E+02     Rho at Nucleus =  1.2497908512E+02
           GradRho =  2.8746870682E-09 -1.0355138413E-09  9.8334788316E-10
           HessRho_EigVals = -7.4669537847E+05 -7.4669460278E+05 -7.4669376532E+05
           HessRho_EigVec1 =  9.7520155032E-01  1.5473452827E-01 -1.5823767568E-01
           HessRho_EigVec2 =  1.2601085087E-01  1.9957378562E-01  9.7174665914E-01
           HessRho_EigVec3 = -1.8194285286E-01  9.6758851267E-01 -1.7512643557E-01
           DelSqRho = -2.2400837466E+06
           Bond Ellipticity = NA
           V = -5.6004263538E+05
           G =  1.0849369481E+01
           K =  5.6003178601E+05
           L =  5.6002093664E+05
           Vnuc =  1.2991141905E+07
           Ven = -1.6236210309E+09
           Vrep =  1.6230609883E+09
           DelSqV =  2.6555493518E+11
           DelSqVen =  2.9101255557E+13
           DelSqVrep = -2.8835700622E+13
           DelSqG =  3.3460102603E+09
           DelSqK = -2.6890094544E+11
           Stress_EigVals = -1.8668110261E+05 -1.8668087975E+05 -1.8668065302E+05
           Stress_EigVec1 = -1.7520844305E-01  9.7117709052E-01 -1.6160773598E-01
           Stress_EigVec2 =  1.2566664378E-01  1.8486466287E-01  9.7469633787E-01
           Stress_EigVec3 =  9.7647831319E-01  1.5046632602E-01 -1.5443441524E-01
           -DivStress = -3.6698011779E+04  1.3184657718E+04 -1.1357890435E+04
           ESP =  -1.4784078645E+01     ESP at Nucleus =  -1.4784078646E+01
           ESPe = -3.2116741474E+01     ESPe at Nucleus = -3.2116741176E+01
           ESPn =  1.7332662829E+01     ESPn at Nucleus =  1.7332662531E+01

CP# 8      Coords =  3.80443850136140E-01 -1.26158245031512E+00  1.18285015429623E+00
           Type = (3,-3) NACP C8
           Rho =  1.2496157714E+02     Rho at Nucleus =  1.2496157711E+02
           GradRho = -3.7419355375E-10  2.2070715427E-10 -9.2007571700E-10
           HessRho_EigVals = -7.4659213704E+05 -7.4659163967E+05 -7.4659085449E+05
           HessRho_EigVec1 =  7.8653430945E-01  2.2482710703E-01 -5.7516654284E-01
           HessRho_EigVec2 =  5.3008061498E-01  2.3203818558E-01  8.1558127863E-01
           HessRho_EigVec3 = -3.1682538043E-01  9.4636729253E-01 -6.3329502906E-02
           DelSqRho = -2.2397746312E+06
           Bond Ellipticity = NA
           V = -5.5996542154E+05
           G =  1.0881872327E+01
           K =  5.5995453967E+05
           L =  5.5994365780E+05
           Vnuc =  1.9121239425E+07
           Ven = -2.3894202355E+09
           Vrep =  2.3888602701E+09
           DelSqV =  2.6551837918E+11
           DelSqVen =  4.2827274781E+13
           DelSqVrep = -4.2561756401E+13
           DelSqG =  3.3455559588E+09
           DelSqK = -2.6886393514E+11
           Stress_EigVals = -1.8665532810E+05 -1.8665511490E+05 -1.8665497854E+05
           Stress_EigVec1 = -3.1475038842E-01  9.4797789692E-01 -4.7645565807E-02
           Stress_EigVec2 =  5.3966466562E-01  2.2002350105E-01  8.1262027274E-01
           Stress_EigVec3 =  7.8082920134E-01  2.3005991814E-01 -5.8084265717E-01
           -DivStress =  1.0538431713E+04 -4.3691728115E+03  2.5120831800E+04
           ESP =  -1.4792019757E+01     ESP at Nucleus =  -1.4792019757E+01
           ESPe = -3.1925334210E+01     ESPe at Nucleus = -3.1925333892E+01
           ESPn =  1.7133314453E+01     ESPn at Nucleus =  1.7133314135E+01

CP# 9      Coords =  4.30016039612239E+00 -6.58000473183692E-01 -1.53767365036948E+00
           Type = (3,-3) NACP C9
           Rho =  1.2495225796E+02     Rho at Nucleus =  1.2495225766E+02
           GradRho = -1.2394146039E-11  3.3085693473E-12 -3.3538380731E-11
           HessRho_EigVals = -7.4654602387E+05 -7.4654443138E+05 -7.4654397255E+05
           HessRho_EigVec1 = -2.3270404029E-01  9.7075084075E-01 -5.9090056920E-02
           HessRho_EigVec2 =  7.7190730937E-01  2.2131505634E-01  5.9596875051E-01
           HessRho_EigVec3 = -5.9161468489E-01 -9.3072289282E-02  8.0083057733E-01
           DelSqRho = -2.2396344278E+06
           Bond Ellipticity = NA
           V = -5.5992984850E+05
           G =  1.0620776102E+01
           K =  5.5991922773E+05
           L =  5.5990860695E+05
           Vnuc =  6.7059442591E+06
           Ven = -8.3792287694E+08
           Vrep =  8.3736294709E+08
           DelSqV =  2.6550171752E+11
           DelSqVen =  1.5018863067E+13
           DelSqVrep = -1.4753361333E+13
           DelSqG =  3.3453836468E+09
           DelSqK = -2.6884710117E+11
           Stress_EigVals = -1.8664351288E+05 -1.8664335966E+05 -1.8664297596E+05
           Stress_EigVec1 = -6.2315920866E-01 -1.1498464370E-01  7.7359623343E-01
           Stress_EigVec2 =  7.4308762523E-01  2.2143365859E-01  6.3149656854E-01
           Stress_EigVec3 = -2.4391265217E-01  9.6837268991E-01 -5.2544757632E-02
           -DivStress = -4.6254987093E+04  4.3362701584E+04 -4.6564875131E+04
           ESP =  -1.4730565006E+01     ESP at Nucleus =  -1.4730565008E+01
           ESPe = -3.2199362774E+01     ESPe at Nucleus = -3.2199362473E+01
           ESPn =  1.7468797768E+01     ESPn at Nucleus =  1.7468797465E+01

CP# 10     Coords = -2.46429185437312E+00 -1.66995092999541E+00  1.17953471627715E+00
           Type = (3,-3) NACP C10
           Rho =  1.2496422936E+02     Rho at Nucleus =  1.2496422909E+02
           GradRho = -1.0277754342E-10  2.6086507954E-11 -3.2663177718E-12
           HessRho_EigVals = -7.4660799588E+05 -7.4660614577E+05 -7.4660578173E+05
           HessRho_EigVec1 = -4.2183199176E-01  8.4791383088E-01 -3.2109174098E-01
           HessRho_EigVec2 =  8.6262048172E-01  4.8437389027E-01  1.4583497164E-01
           HessRho_EigVec3 = -2.7918394519E-01  2.1546245573E-01  9.3575224014E-01
           DelSqRho = -2.2398199234E+06
           Bond Ellipticity = NA
           V = -5.5997632752E+05
           G =  1.0673334894E+01
           K =  5.5996565418E+05
           L =  5.5995498085E+05
           Vnuc =  6.9987580080E+06
           Ven = -8.7459440096E+08
           Vrep =  8.7403442463E+08
           DelSqV =  2.6552361307E+11
           DelSqVen =  1.5675957051E+13
           DelSqVrep = -1.5410433438E+13
           DelSqG =  3.3456174747E+09
           DelSqK = -2.6886923055E+11
           Stress_EigVals = -1.8665900636E+05 -1.8665890894E+05 -1.8665841221E+05
           Stress_EigVec1 = -3.0866177903E-01  1.9808619619E-01  9.3031702395E-01
           Stress_EigVec2 =  8.5679050092E-01  4.8266903806E-01  1.8149555705E-01
           Stress_EigVec3 = -4.1308345852E-01  8.5310753049E-01 -3.1869985523E-01
           -DivStress =  3.2917634821E+04 -6.1549638291E+04  2.8464664202E+04
           ESP =  -1.4756765661E+01     ESP at Nucleus =  -1.4756765663E+01
           ESPe = -3.1381612179E+01     ESPe at Nucleus = -3.1381611324E+01
           ESPn =  1.6624846517E+01     ESPn at Nucleus =  1.6624845661E+01

CP# 11     Coords =  5.30762479198428E+00  1.32083146658555E+00  2.64746166811740E-01
           Type = (3,-3) NACP C11
           Rho =  1.2520258139E+02     Rho at Nucleus =  1.2520258034E+02
           GradRho = -2.6958119582E-10 -3.4468579071E-11 -1.5278787680E-11
           HessRho_EigVals = -7.4798877335E+05 -7.4798649777E+05 -7.4798373461E+05
           HessRho_EigVec1 =  6.9279007560E-01  2.3383607458E-01 -6.8217490526E-01
           HessRho_EigVec2 = -4.3209828615E-01  8.9195365376E-01 -1.3307798708E-01
           HessRho_EigVec3 =  5.7734996514E-01  3.8696171615E-01  7.1897680629E-01
           DelSqRho = -2.2439590057E+06
           Bond Ellipticity = NA
           V = -5.6101033166E+05
           G =  1.0290112208E+01
           K =  5.6100004154E+05
           L =  5.6098975143E+05
           Vnuc =  3.5946260751E+06
           Ven = -4.5005646372E+08
           Vrep =  4.4949545339E+08
           DelSqV =  2.6601297052E+11
           DelSqVen =  8.0661937848E+12
           DelSqVrep = -7.8001808143E+12
           DelSqG =  3.3515966163E+09
           DelSqK = -2.6936456714E+11
           Stress_EigVals = -1.8700436211E+05 -1.8700338833E+05 -1.8700258122E+05
           Stress_EigVec1 =  6.2713067314E-01  2.6886861130E-01  7.3103815815E-01
           Stress_EigVec2 = -3.5690423175E-01  9.3340311026E-01 -3.7121464365E-02
           Stress_EigVec3 = -6.9233408711E-01 -2.3763060328E-01  6.8132606600E-01
           -DivStress =  4.8280669825E+04 -1.3887157260E+05  1.1708571984E+03
           ESP =  -1.4657875237E+01     ESP at Nucleus =  -1.4657875247E+01
           ESPe = -3.2508660226E+01     ESPe at Nucleus = -3.2508660404E+01
           ESPn =  1.7850784990E+01     ESPn at Nucleus =  1.7850785157E+01

CP# 12     Coords = -6.13549766053975E+00  4.48400376403438E-01 -4.43803527193410E-02
           Type = (3,-3) NACP C12
           Rho =  1.2506804662E+02     Rho at Nucleus =  1.2506804568E+02
           GradRho = -1.7554511317E-10 -9.0677257369E-12  1.5531187447E-12
           HessRho_EigVals = -7.4718066705E+05 -7.4718006447E+05 -7.4717789932E+05
           HessRho_EigVec1 = -1.7593901256E-01 -2.3196018094E-01  9.5668173303E-01
           HessRho_EigVec2 =  7.7319613693E-02  9.6558272167E-01  2.4833784436E-01
           HessRho_EigVec3 =  9.8135984287E-01 -1.1766257714E-01  1.5194859901E-01
           DelSqRho = -2.2415386308E+06
           Bond Ellipticity = NA
           V = -5.6040572709E+05
           G =  1.0534690149E+01
           K =  5.6039519240E+05
           L =  5.6038465771E+05
           Vnuc =  3.7722459667E+06
           Ven = -4.7178743444E+08
           Vrep =  4.7122702871E+08
           DelSqV =  2.6572654869E+11
           DelSqVen =  8.4556351078E+12
           DelSqVrep = -8.1899085591E+12
           DelSqG =  3.3479698794E+09
           DelSqK = -2.6907451857E+11
           Stress_EigVals = -1.8680251098E+05 -1.8680181006E+05 -1.8680140605E+05
           Stress_EigVec1 =  9.8153047803E-01 -1.0393753111E-01  1.6060793979E-01
           Stress_EigVec2 =  1.3144503600E-01  9.7638709983E-01 -1.7143638413E-01
           Stress_EigVec3 = -1.3899684603E-01  1.8938115249E-01  9.7201576935E-01
           -DivStress =  1.3819556695E+05 -5.8437933893E+03  2.1358127885E+04
           ESP =  -1.4692475085E+01     ESP at Nucleus =  -1.4692475089E+01
           ESPe = -3.1255237136E+01     ESPe at Nucleus = -3.1255238487E+01
           ESPn =  1.6562762051E+01     ESPn at Nucleus =  1.6562763398E+01

CP# 13     Coords =  6.17208771736827E-01  9.73560938643074E-01 -2.19309745775535E+00
           Type = (3,-3) NACP H13
           Rho =  4.6867312596E-01     Rho at Nucleus =  4.6711282989E-01
           GradRho =  1.0694575650E-12 -2.2496924029E-12  9.2777117911E-13
           HessRho_EigVals = -2.3630369457E+01 -2.3628781263E+01 -2.2338812375E+01
           HessRho_EigVec1 = -4.0337869725E-01  1.8503372107E-01  8.9612953789E-01
           HessRho_EigVec2 =  8.2359854338E-01  5.0015151686E-01  2.6745822015E-01
           HessRho_EigVec3 = -3.9871175798E-01  8.4593793049E-01 -3.5414397044E-01
           DelSqRho = -6.9597963095E+01
           Bond Ellipticity = NA
           V = -1.7416721820E+01
           G =  8.6155233775E-03
           K =  1.7408106297E+01
           L =  1.7399490774E+01
           Vnuc =  1.0365857259E+02
           Ven = -4.8581987246E+01
           Vrep =  3.1165265425E+01
           DelSqV =  2.3725826124E+04
           DelSqVen =  7.2144255093E+03
           DelSqVrep =  1.6511400615E+04
           DelSqG =  8.6268299022E+02
           DelSqK = -2.4588509115E+04
           Stress_EigVals = -5.9146161324E+00 -5.9139521281E+00 -5.5881535600E+00
           Stress_EigVec1 = -1.6554767273E-01  3.1341964181E-01  9.3507331059E-01
           Stress_EigVec2 =  9.0216574699E-01  4.3112108263E-01  1.5217656603E-02
           Stress_EigVec3 = -3.9836030552E-01  8.4611035938E-01 -3.5412755717E-01
           -DivStress = -3.7188042257E+01  7.8105603940E+01 -3.2153029024E+01
           ESP =  -1.1370631580E+00     ESP at Nucleus =  -1.1372957275E+00
           ESPe = -1.8999371972E+01     ESPe at Nucleus = -1.8971063966E+01
           ESPn =  1.7862308814E+01     ESPn at Nucleus =  1.7833768239E+01

CP# 14     Coords =  8.22227834645612E-01 -2.28609846174718E+00 -2.71849838611914E+00
           Type = (3,-3) NACP H14
           Rho =  4.7070207614E-01     Rho at Nucleus =  4.6927029815E-01
           GradRho =  3.9062540131E-13  9.7688596443E-13  8.1189436142E-13
           HessRho_EigVals = -2.3773029328E+01 -2.3771855689E+01 -2.2563013715E+01
           HessRho_EigVec1 =  1.6096831101E-01 -6.7080521499E-01  7.2395411899E-01
           HessRho_EigVec2 =  9.4285059829E-01 -1.1232129178E-01 -3.1371432341E-01
           HessRho_EigVec3 =  2.9175666599E-01  7.3307863900E-01  6.1438892966E-01
           DelSqRho = -7.0107898732E+01
           Bond Ellipticity = NA
           V = -1.7544579752E+01
           G =  8.8025346531E-03
           K =  1.7535777218E+01
           L =  1.7526974683E+01
           Vnuc =  1.0683537229E+02
           Ven = -5.0287631543E+01
           Vrep =  3.2743051791E+01
           DelSqV =  2.3959230143E+04
           DelSqVen =  7.4900034616E+03
           DelSqVrep =  1.6469226681E+04
           DelSqG =  8.7152543767E+02
           DelSqK = -2.4830755580E+04
           Stress_EigVals = -5.9505074266E+00 -5.9496690341E+00 -5.6444032915E+00
           Stress_EigVec1 =  2.0434055628E-01 -6.7506537894E-01  7.0889468274E-01
           Stress_EigVec2 =  9.3448730374E-01 -8.1131757495E-02 -3.4662821161E-01
           Stress_EigVec3 =  2.9151057651E-01  7.3328328229E-01  6.1426151735E-01
           -DivStress = -2.6032773690E+01 -6.5115158421E+01 -5.4397714653E+01
           ESP =  -1.1304119148E+00     ESP at Nucleus =  -1.1306297118E+00
           ESPe = -1.8067312417E+01     ESPe at Nucleus = -1.8036373422E+01
           ESPn =  1.6936900502E+01     ESPn at Nucleus =  1.6905743710E+01

CP# 15     Coords =  1.31816970170662E+00 -2.90349694282950E+00  1.97877581395023E+00
           Type = (3,-3) NACP H15
           Rho =  4.6900572946E-01     Rho at Nucleus =  4.6748638224E-01
           GradRho = -1.0147621540E-12  1.7093603822E-12 -8.2614876379E-13
           HessRho_EigVals = -2.3659042459E+01 -2.3657839438E+01 -2.2394784201E+01
           HessRho_EigVec1 = -3.3446542150E-01  2.4588617794E-01  9.0976528254E-01
           HessRho_EigVec2 =  8.1791925552E-01  5.5526584852E-01  1.5062512710E-01
           HessRho_EigVec3 = -4.6812495476E-01  7.9449343922E-01 -3.8683226567E-01
           DelSqRho = -6.9711666098E+01
           Bond Ellipticity = NA
           V = -1.7445348207E+01
           G =  8.7158413223E-03
           K =  1.7436632366E+01
