AIMSum (Version 17.01.25, Professional)
Copyright (c) 1997-2017 by Todd A. Keith
AIMSum is a component of the AIMAll package ( http://aim.tkgristmill.com )

TP:  64-bit Linux

Licensed To:  Research Group of Fernando Cortes Guzman, UNAM, fercor@unam.mx

Much of the Quantum Theory of Atoms in Molecules (QTAIM) is described in the book:
  "Atoms in Molecules - A Quantum Theory"
  R.F.W. Bader, Oxford University Press, Oxford, 1990

For additional references see:  http://aim.tkgristmill.com/references.html

Wfn File:  /home/alejandro/wd/aimqb_inps/aspartic_pbe0_def2QZVP.wfn
Sum File:  /home/alejandro/wd/aimqb_inps/aspartic_pbe0_def2QZVP.sum

SumViz File:  /home/alejandro/wd/aimqb_inps/aspartic_pbe0_def2QZVP.sumviz

Wfn Title:   opt aspartic M062X def2TZVP                                                   
 
Total memory allocated for AIMSum =       11.232 Megabytes

Atomic units (a.u.) used throughout, except where stated otherwise

Model:  Unknown
 
Restricted, natural orbital wavefunction.
  Number of electrons (from MO Occs)                   =          70.0000001000
  Number of Alpha electrons (from MO Occs)             =          35.0000000500
  Number of Beta electrons (from MO Occs)              =          35.0000000500
  Number of electron pairs (N*(N-1)/2)                 =        2415.0000069500
  Number of electron pairs (from Muller 2EDM)          =        2415.0000062417
  Number of electron pairs (from Muller 2EDM, no SOSI) =        2415.1922138813
 
Nuclear Charges and Cartesian Coordinates:
-------------------------------------------------------------------------------
Atom      Charge                X                  Y                  Z
-------------------------------------------------------------------------------
O1         8.0          -7.9564272000E-01  -3.0962562300E+00   1.8066823000E-01
O2         8.0           4.9375176500E+00  -4.9836235000E-01   1.4913015200E+00
O3         8.0          -4.7828723700E+00  -1.7315613800E+00  -1.5223930000E-02
O4         8.0           3.5409880800E+00   1.2353552000E-01  -2.4383024500E+00
N5         7.0          -3.2756241800E+00   3.1763522300E+00   3.3705548000E-01
C6         6.0          -1.4243948000E+00   1.3074502300E+00  -4.3993491000E-01
C7         6.0           1.0355198800E+00   1.6373863300E+00   1.0368644400E+00
C8         6.0          -2.5621075500E+00  -1.2937555200E+00  -5.5523710000E-02
C9         6.0           3.2439761400E+00   3.3680625000E-01  -2.0174766000E-01
H10        1.0          -9.5126917000E-01   1.3774477200E+00  -2.4611594800E+00
H11        1.0           8.3213879000E-01   1.0189079500E+00   2.9875172300E+00
H12        1.0           1.4892955200E+00   3.6518350900E+00   1.0804449600E+00
H13        1.0          -5.0411189200E+00   2.5328263200E+00  -3.2614450000E-02
H14        1.0          -3.0188326400E+00   4.8211604100E+00  -6.0159505000E-01
H15        1.0          -1.6584402300E+00  -4.7021797500E+00   3.3361409000E-01
H16        1.0           6.3197087900E+00  -1.2406316100E+00   5.4890851000E-01
 
Some Atomic Properties:
----------------------
  q(A) = Net Charge of Atom A
  L(A) = Lagrangian of Atom A = -(1/4) Times Atomic Integral of the Laplacian of the Electron Density
  K(A) = Electronic Kinetic Energy of Atom A (Hamiltonian Form)
  K_Scaled(A) = K(A) * E(Mol)/K(Mol) = Approximation to Virial-Based Total Energy of Atom A.
  |Mu_Intra(A)| = Magnitude of Intraatomic Dipole Moment of Atom A
--------------------------------------------------------------------------------------------------
Atom A          q(A)              L(A)              K(A)          K_Scaled(A)      |Mu_Intra(A)|
--------------------------------------------------------------------------------------------------
O1       -1.2212336154E+00  7.2595521118E-05  7.5629825192E+01 -7.5922534548E+01  3.6526346916E-01
O2       -1.2168969453E+00  5.5208252085E-05  7.5619800271E+01 -7.5912470828E+01  3.4651983708E-01
O3       -1.2550667982E+00  4.0298743455E-05  7.5707867100E+01 -7.6000878501E+01  5.8691814457E-01
O4       -1.2626957757E+00  4.2662289507E-05  7.5708181090E+01 -7.6001193706E+01  5.7998710886E-01
N5       -1.0921975782E+00 -1.2581610827E-04  5.4910775343E+01 -5.5123295968E+01  2.1929944566E-01
C6        4.1393041520E-01 -5.2906517109E-04  3.7623446097E+01 -3.7769059744E+01  4.0360482658E-01
C7        5.9884019200E-02 -3.3995624833E-04  3.7843918965E+01 -3.7990385906E+01  9.7244580846E-02
C8        1.7032323134E+00 -9.6054000242E-04  3.6791723722E+01 -3.6934118362E+01  8.5882761679E-01
C9        1.7103542733E+00 -1.7021430547E-04  3.6775321951E+01 -3.6917653112E+01  8.5065905110E-01
H10       3.8895014230E-02  4.3409566539E-05  6.1715621131E-01 -6.1954478482E-01  1.2232097250E-01
H11       3.6473165520E-02  2.8658858036E-05  6.1238270707E-01 -6.1475280574E-01  1.2431417546E-01
H12       3.1923656520E-02  2.5738874467E-05  6.1128795119E-01 -6.1365381283E-01  1.2482169434E-01
H13       4.1004804936E-01  5.1392149758E-05  4.5695422446E-01 -4.5872276982E-01  1.7488309634E-01
H14       3.7199774082E-01  3.1306520455E-05  4.7671897058E-01 -4.7856401124E-01  1.8754442709E-01
H15       6.3855173065E-01  2.5143352601E-05  3.2837691180E-01 -3.2964782568E-01  1.4731082838E-01
H16       6.3150709570E-01  2.7218909959E-05  3.3273918613E-01 -3.3402698328E-01  1.5047688001E-01
--------------------------------------------------------------------------------------------------
Total    -1.2932389000E-03 -1.6819587976E-03  5.1004647589E+02 -5.1202050367E+02
 
Molecular charge q(Mol) from the wfn file:  -1.0000000527E-07
Molecular energy E(Mol) from the wfn file:  -5.1202071475E+02
Molecular virial ratio (-V(Mol)/T(Mol)) from the wfn file:   2.0038702900E+00
Note.  K_Scaled(A) = (1+V(Mol)/T(Mol))*K(A) = (E(Mol)/T(Mol))*K(A)
       Only use K_Scaled(A) data with caution.
 
N_AIMInt(SumA)     =         70.001293
N_Analytic(Mol)    =         69.999996
 
G_AIMInt(SumA)     =        510.048158
G_Analytic(Mol)    =        510.046704
 
K_AIMInt(SumA)     =        510.046476
K_Analytic(Mol)    =        510.046704
 
L_AIMInt(SumA)     =         -0.001682
L_Analytic(Mol)    =          0.000000
 
VenT_AIMInt(SumA)  =      -2152.377251
VenT_Analytic(Mol) =      -2152.356664
 
Some Information About the Atomic Calculations:
----------------------------------------------
  Time(sec) = "Elapsed User Time", in Seconds, for Atom A by AIMInt and, if used, by TWOe
  NProc = Number of Processors Used for AIMInt Job
  BIM = Basin Integration Method
  OAQ = Angular Quadrature Outside of Beta Sphere
  ORQ = Multiple of Default for Radial Quadrature Outside of Beta Sphere
  IAQ = Multiple of Default for Angular Quadrature Inside of Beta Sphere
  IRQ = Multiple of Default for Radial Quadrature Inside of Beta Sphere
  MIR = Maximum Integration Radius
------------------------------------------------------------------------------------------------------
Atom A     Time(sec)   NProc      BIM              OAQ                 ORQ      IAQ      IRQ      MIR
------------------------------------------------------------------------------------------------------
O1            177       16     Proaim(5)    4334      (Very High)      1.00     1.00     1.00    13.00
O2            133       16     Proaim(5)    4334      (Very High)      1.00     1.00     1.00    13.00
O3            123       16     Proaim(5)    3074      (Very High)      1.00     1.00     1.00    13.00
O4            133       16     Proaim(5)    3074      (Very High)      1.00     1.00     1.00    13.00
N5            197       16     Proaim(5)    4334      (Very High)      1.00     1.00     1.00    13.00
C6            348       16     Proaim(5)    4334      (Very High)      1.00     1.00     1.00    13.00
C7            260       16     Proaim(5)    4334      (Very High)      1.00     1.00     1.00    13.00
C8            258       16     Proaim(5)    4334      (Very High)      1.00     1.00     1.00    13.00
C9            187       16     Proaim(5)    4334      (Very High)      1.00     1.00     1.00    13.00
H10            71       16     Proaim(5)    2030      (Very High)      1.00     1.00     1.00    13.00
H11            57       16     Proaim(5)    2030      (Very High)      1.00     1.00     1.00    13.00
H12            56       16     Proaim(5)    2030      (Very High)      1.00     1.00     1.00    13.00
H13            48       16     Proaim(5)    2030      (Very High)      1.00     1.00     1.00    13.00
H14            41       16     Proaim(5)    2030      (Very High)      1.00     1.00     1.00    13.00
H15            34       16     Proaim(5)    2030      (Very High)      1.00     1.00     1.00    13.00
H16            33       16     Proaim(5)    2030      (Very High)      1.00     1.00     1.00    13.00
------------------------------------------------------------------------------------------------------
Total        2156
Note:  Total wall clock time is less than total of atomic times if more than one atom
       was calculated at a time
 
Electron Density Critical Point Analysis of Molecular Structure:               
---------------------------------------------------------------                
  NACP = Nuclear Attractor Critical Point                                      
  NNACP = Non-Nuclear Attractor Critical Point                                 
  BCP = Bond Critical Point                                                    
  RCP = Ring Critical Point                                                    
  CCP = Cage Critical Point                                                    
  Rho = Electron Density                                                       
  GradRho = Gradient of Electron Density                                       
  HessRho_EigVals = Eigenvalues of the Hessian of Rho, Ascending Order         
  HessRho_EigVecs = Eigenvectors of the Hessian of Rho                         
  DelSqRho = Laplacian of Rho = Trace of Hessian of Rho                        
  Bond Ellipticity = (HessRho_EigVal(1) / HessRho_EigVal(2)) - 1               
  V = Virial Field = Potential Energy Density = Trace of Stress Tensor         
  G = Lagrangian Form of Kinetic Energy Density                                
  K = Hamiltonian Form of Kinetic Energy Density                               
  L = K - G = Lagrangian Density = (-1/4)DelSqRho                              
  Vnuc = Electrostatic Potential from Nuclei                                   
  Ven = Electron-nuclear attractive contribution to Virial Field V             
  Vrep = V - Ven = Repulsive contribution to Virial Field V                    
  DelSqV = Laplacian of V                                                      
  DelSqVen = Laplacian of Ven                                                  
  DelSqVrep = Laplacian of Vrep                                                
  DelSqG = Laplacian of G                                                      
  DelSqK = Laplacian of K                                                      
  Stress_EigVals = Eigenvalues of Stress Tensor, Ascending Order               
  Stress_EigVecs = Eigenvectors of Stress Tensor                               
  -DivStress = Ehrenfest Force Density = Minus Divergence of Stress Tensor     
  ESP = Total Electrostatic Potential                                          
  ESPe = Electrostatic Potential from Electrons                                
  ESPn = Electrostatic Potential from Nuclei                                   
  BP = Bond Path                                                               
  BPL = Bond Path Length                                                       
  GBL = Geometric Bond Length                                                  
  GBL_I = Distance Between Nuclear Attractors                                  
  GBL_II = Distance Between Nuclei                                             
  GBL_III = Sum of Distances Between BCP and Nuclear Attractors                
  GBL_IV = Sum of Distances Between BCP and Nuclei                             

CP# 1      Coords = -7.95645699291177E-01 -3.09625664877287E+00  1.80668216407645E-01
           Type = (3,-3) NACP O1
           Rho =  3.0668635979E+02     Rho at Nucleus =  3.0668634530E+02
           GradRho =  1.7150517235E-10  5.9887407651E-10  3.8933003982E-11
           HessRho_EigVals = -3.2027439392E+06 -3.2027112510E+06 -3.2027049793E+06
           HessRho_EigVec1 = -1.4971996820E-01  9.8244284486E-01 -1.1131032164E-01
           HessRho_EigVec2 =  9.8730710236E-01  1.5458861005E-01  3.6428660061E-02
           HessRho_EigVec3 = -5.2996384332E-02  1.0444337330E-01  9.9311780017E-01
           DelSqRho = -9.6081601696E+06
           Bond Ellipticity = NA
           V = -2.4022188541E+06
           G =  8.9405870210E+01
           K =  2.4021294483E+06
           L =  2.4020400424E+06
           Vnuc =  2.6590486148E+06
           Ven = -8.1549394019E+08
           Vrep =  8.1309172134E+08
           DelSqV =  1.9789304071E+12
           DelSqVen =  2.5548564972E+13
           DelSqVrep = -2.3569634564E+13
           DelSqG =  2.5086429272E+10
           DelSqK = -2.0040168364E+12
           Stress_EigVals = -8.0074403441E+05 -8.0074010884E+05 -8.0073471088E+05
           Stress_EigVec1 = -3.2195171353E-02  1.0769617855E-01  9.9366241957E-01
           Stress_EigVec2 =  9.8638368233E-01  1.6384613955E-01  1.4201189755E-02
           Stress_EigVec3 = -1.6127833759E-01  9.8058960615E-01 -1.1150480771E-01
           -DivStress =  1.9522606502E+06  2.7440483393E+05  8.9051698758E+03
           ESP =  -2.2286405792E+01     ESP at Nucleus =  -2.2286405862E+01
           ESPe = -3.5262397825E+01     ESPe at Nucleus = -3.5262396429E+01
           ESPn =  1.2975992033E+01     ESPn at Nucleus =  1.2975990567E+01

CP# 2      Coords =  4.93751792343054E+00 -4.98362538356726E-01  1.49129850764407E+00
           Type = (3,-3) NACP O2
           Rho =  3.0672085521E+02     Rho at Nucleus =  3.0672084050E+02
           GradRho = -7.5656471114E-10 -7.3159270902E-11  4.7385347028E-11
           HessRho_EigVals = -3.2031077104E+06 -3.2030751740E+06 -3.2030691844E+06
           HessRho_EigVec1 =  8.8217883029E-01 -4.5792738856E-01  1.0983177225E-01
           HessRho_EigVec2 = -7.3592532607E-02  9.6304089469E-02  9.9262765501E-01
           HessRho_EigVec3 =  4.6512863869E-01  8.8375790189E-01 -5.1257392726E-02
           DelSqRho = -9.6092520688E+06
           Bond Ellipticity = NA
           V = -2.4024915235E+06
           G =  8.9253166842E+01
           K =  2.4024022704E+06
           L =  2.4023130172E+06
           Vnuc =  2.6397535933E+06
           Ven = -8.0966747969E+08
           Vrep =  8.0726498817E+08
           DelSqV =  1.9791548412E+12
           DelSqVen =  2.5366057714E+13
           DelSqVrep = -2.3386902905E+13
           DelSqG =  2.5089306581E+10
           DelSqK = -2.0042441477E+12
           Stress_EigVals = -8.0083488644E+05 -8.0083098239E+05 -8.0082565470E+05
           Stress_EigVec1 =  4.6322695528E-01  8.8581648848E-01 -2.7384971027E-02
           Stress_EigVec2 = -8.9516657677E-02  7.7509102768E-02  9.9296480652E-01
           Stress_EigVec3 =  8.8170718263E-01 -4.5751665295E-01  1.1519963705E-01
           -DivStress = -1.7918922035E+05  1.2343332460E+05  1.9741569708E+06
           ESP =  -2.2294579071E+01     ESP at Nucleus =  -2.2294579143E+01
           ESPe = -3.3779863172E+01     ESPe at Nucleus = -3.3779859660E+01
           ESPn =  1.1485284101E+01     ESPn at Nucleus =  1.1485280517E+01

CP# 3      Coords = -4.78286936676746E+00 -1.73156084867398E+00 -1.52239919728897E-02
           Type = (3,-3) NACP O3
           Rho =  3.0696649770E+02     Rho at Nucleus =  3.0696648279E+02
           GradRho = -1.2783365156E-09  2.3407551052E-10 -1.5750235915E-12
           HessRho_EigVals = -3.2056587296E+06 -3.2056486963E+06 -3.2056235962E+06
           HessRho_EigVec1 =  1.8946164377E-06  1.1935952179E-01  9.9285109888E-01
           HessRho_EigVec2 =  9.8000342573E-01  1.9755790168E-01 -2.3752074633E-02
           HessRho_EigVec3 = -1.9898061604E-01  9.7299752314E-01 -1.1697236595E-01
           DelSqRho = -9.6169310221E+06
           Bond Ellipticity = NA
           V = -2.4044099667E+06
           G =  8.8605599382E+01
           K =  2.4043213611E+06
           L =  2.4042327555E+06
           Vnuc =  2.6225321062E+06
           Ven = -8.0502949576E+08
           Vrep =  8.0262508580E+08
           DelSqV =  1.9807332971E+12
           DelSqVen =  2.5220710302E+13
           DelSqVrep = -2.3239977005E+13
           DelSqG =  2.5109300441E+10
           DelSqK = -2.0058425975E+12
           Stress_EigVals = -8.0147576091E+05 -8.0146725163E+05 -8.0146695420E+05
           Stress_EigVec1 = -1.9321194824E-01  9.7413176917E-01 -1.1720255693E-01
           Stress_EigVec2 =  9.8115479235E-01  1.9208393156E-01 -2.0953202276E-02
           Stress_EigVec3 = -2.1015479195E-03  1.1904225944E-01  9.9288696434E-01
           -DivStress = -1.9697563723E+06 -3.4849588868E+05  4.0644447217E+04
           ESP =  -2.2350531363E+01     ESP at Nucleus =  -2.2350531434E+01
           ESPe = -3.4038574658E+01     ESPe at Nucleus = -3.4038567335E+01
           ESPn =  1.1688043296E+01     ESPn at Nucleus =  1.1688035901E+01

CP# 4      Coords =  3.54098776467007E+00  1.23535783781255E-01 -2.43829943972187E+00
           Type = (3,-3) NACP O4
           Rho =  3.0695706347E+02     Rho at Nucleus =  3.0695704867E+02
           GradRho =  3.2925703746E-10 -1.5679301894E-11  2.8392963996E-10
           HessRho_EigVals = -3.2055613763E+06 -3.2055520970E+06 -3.2055266112E+06
           HessRho_EigVec1 =  4.6751433556E-01  8.8285593123E-01 -4.4673826039E-02
           HessRho_EigVec2 = -1.2671359832E-01  1.1694445951E-01  9.8502165326E-01
           HessRho_EigVec3 =  8.7485656541E-01 -4.5485096249E-01  1.6654306313E-01
           DelSqRho = -9.6166400845E+06
           Bond Ellipticity = NA
           V = -2.4043372890E+06
           G =  8.8633928422E+01
           K =  2.4042486550E+06
           L =  2.4041600211E+06
           Vnuc =  2.6331318074E+06
           Ven = -8.0825840731E+08
           Vrep =  8.0585407002E+08
           DelSqV =  1.9806735437E+12
           DelSqVen =  2.5321880977E+13
           DelSqVrep = -2.3341207466E+13
           DelSqG =  2.5108553485E+10
           DelSqK = -2.0057820972E+12
           Stress_EigVals = -8.0145152677E+05 -8.0144295476E+05 -8.0144280745E+05
           Stress_EigVec1 =  8.7598340339E-01 -4.5584878092E-01  1.5765457785E-01
           Stress_EigVec2 = -9.5327444756E-03  3.1042733991E-01  9.5054931141E-01
           Stress_EigVec3 = -4.8224703604E-01 -8.3416830170E-01  2.6758370777E-01
           -DivStress =  2.0682000880E+05 -1.7300794634E+05 -1.9743186885E+06
           ESP =  -2.2359276050E+01     ESP at Nucleus =  -2.2359276121E+01
           ESPe = -3.4483874664E+01     ESPe at Nucleus = -3.4483867891E+01
           ESPn =  1.2124598614E+01     ESPn at Nucleus =  1.2124591770E+01

CP# 5      Coords = -3.27562412840329E+00  3.17635163513692E+00  3.37052481753407E-01
           Type = (3,-3) NACP N5
           Rho =  2.0185566332E+02     Rho at Nucleus =  2.0185565571E+02
           GradRho =  9.3176224801E-11 -2.2515361730E-10  1.2358085333E-11
           HessRho_EigVals = -1.6287698742E+06 -1.6287664431E+06 -1.6287486637E+06
           HessRho_EigVec1 = -6.7663836182E-01  7.3630128802E-01 -4.5760868603E-03
           HessRho_EigVec2 =  7.2306347796E-01  6.6327376121E-01 -1.9299514121E-01
           HessRho_EigVec3 =  1.3906737271E-01  1.3389671747E-01  9.8118904137E-01
           DelSqRho = -4.8862849809E+06
           Bond Ellipticity = NA
           V = -1.2216379618E+06
           G =  3.3358284176E+01
           K =  1.2216046035E+06
           L =  1.2215712452E+06
           Vnuc =  2.2897459517E+06
           Ven = -4.6219818793E+08
           Vrep =  4.6097654997E+08
           DelSqV =  7.8400814029E+11
           DelSqVen =  1.1188351222E+13
           DelSqVrep = -1.0404343098E+13
           DelSqG =  9.8573551411E+09
           DelSqK = -7.9386549543E+11
           Stress_EigVals = -4.0721505964E+05 -4.0721192998E+05 -4.0721097218E+05
           Stress_EigVec1 =  1.8979325158E-01  1.1638902070E-01  9.7490108089E-01
           Stress_EigVec2 =  7.0263671964E-01  6.7743888898E-01 -2.1766532085E-01
           Stress_EigVec3 = -6.8576975864E-01  7.2631270645E-01  4.6794129780E-02
           -DivStress = -1.3398184690E+04  1.5443879296E+05  7.7838536543E+05
           ESP =  -1.8385677352E+01     ESP at Nucleus =  -1.8385677405E+01
           ESPe = -3.0561155026E+01     ESPe at Nucleus = -3.0561152745E+01
           ESPn =  1.2175477673E+01     ESPn at Nucleus =  1.2175475340E+01

CP# 6      Coords = -1.42439535361194E+00  1.30745041279994E+00 -4.39934257263994E-01
           Type = (3,-3) NACP C6
           Rho =  1.2440934550E+02     Rho at Nucleus =  1.2440934522E+02
           GradRho =  1.7411962626E-11 -4.7147803592E-11 -5.6144563462E-12
           HessRho_EigVals = -7.3985302733E+05 -7.3985202899E+05 -7.3985080888E+05
           HessRho_EigVec1 = -5.1704768450E-01  8.3998514967E-01  1.6458019409E-01
           HessRho_EigVec2 =  8.4268853656E-01  4.6581164257E-01  2.6999174800E-01
           HessRho_EigVec3 = -1.5012568831E-01 -2.7828845105E-01  9.4869268771E-01
           DelSqRho = -2.2195558652E+06
           Bond Ellipticity = NA
           V = -5.5490893573E+05
           G =  9.9847157049E+00
           K =  5.5489895101E+05
           L =  5.5488896630E+05
           Vnuc =  6.8556309051E+06
           Ven = -8.5290455393E+08
           Vrep =  8.5234964499E+08
           DelSqV =  2.6309918004E+11
           DelSqVen =  1.5216455057E+13
           DelSqVrep = -1.4953355746E+13
           DelSqG =  3.3000024731E+09
           DelSqK = -2.6639918251E+11
           Stress_EigVals = -1.8496993547E+05 -1.8496962218E+05 -1.8496937808E+05
           Stress_EigVec1 = -1.3029448056E-01 -2.5562090534E-01  9.5795683676E-01
           Stress_EigVec2 =  8.5679987406E-01  4.5716469134E-01  2.3852551395E-01
           Stress_EigVec3 = -4.9891614942E-01  8.5185585503E-01  1.5944992352E-01
           -DivStress =  4.8232967939E+04 -1.5927923228E+04 -5.6868721836E+04
           ESP =  -1.4697620456E+01     ESP at Nucleus =  -1.4697620458E+01
           ESPe = -3.0616690103E+01     ESPe at Nucleus = -3.0616689902E+01
           ESPn =  1.5919069647E+01     ESPn at Nucleus =  1.5919069444E+01

CP# 7      Coords =  1.03552012443439E+00  1.63738617287358E+00  1.03686394961130E+00
           Type = (3,-3) NACP C7
           Rho =  1.2445151232E+02     Rho at Nucleus =  1.2445151220E+02
           GradRho =  2.6472698122E-09 -1.6610743750E-09 -5.2525047497E-09
           HessRho_EigVals = -7.4009278237E+05 -7.4009215011E+05 -7.4009136491E+05
           HessRho_EigVec1 =  9.7843239085E-01 -1.8302604111E-01 -9.5768078251E-02
           HessRho_EigVec2 =  1.9603795638E-01  6.7660666202E-01  7.0976936012E-01
           HessRho_EigVec3 =  6.5108956330E-02  7.1323551032E-01 -6.9789392505E-01
           DelSqRho = -2.2202762974E+06
           Bond Ellipticity = NA
           V = -5.5508969848E+05
           G =  1.0312065027E+01
           K =  5.5507938641E+05
           L =  5.5506907435E+05
           Vnuc =  1.0526039869E+07
           Ven = -1.3099815805E+09
           Vrep =  1.3094264908E+09
           DelSqV =  2.6318452716E+11
           DelSqVen =  2.3370719560E+13
           DelSqVrep = -2.3107535033E+13
           DelSqG =  3.3010300310E+09
           DelSqK = -2.6648555719E+11
           Stress_EigVals = -1.8503010767E+05 -1.8502987939E+05 -1.8502971142E+05
           Stress_EigVec1 =  7.4549214941E-02  7.1406261874E-01 -6.9610127932E-01
           Stress_EigVec2 =  2.5604297515E-01  6.6093633641E-01  7.0541133680E-01
           Stress_EigVec3 =  9.6378649577E-01 -2.3081970393E-01 -1.3355843234E-01
           -DivStress = -2.1301296487E+04  1.3694861776E+04  4.2740479031E+04
           ESP =  -1.4735876536E+01     ESP at Nucleus =  -1.4735876537E+01
           ESPe = -2.9844833456E+01     ESPe at Nucleus = -2.9844832885E+01
           ESPn =  1.5108956920E+01     ESPn at Nucleus =  1.5108956348E+01

CP# 8      Coords = -2.56210644782204E+00 -1.29375691201137E+00 -5.55236024252837E-02
           Type = (3,-3) NACP C8
           Rho =  1.2469478718E+02     Rho at Nucleus =  1.2469478601E+02
           GradRho = -5.0983928246E-11  7.6647931003E-11 -1.1122730641E-12
           HessRho_EigVals = -7.4151282914E+05 -7.4151003444E+05 -7.4150722324E+05
           HessRho_EigVec1 = -5.2027727553E-03  9.7035005694E-02  9.9526737052E-01
           HessRho_EigVec2 = -6.5999965600E-01  7.4737953662E-01 -7.6316985837E-02
           HessRho_EigVec3 =  7.5124788535E-01  6.5727318210E-01 -6.0154624487E-02
           DelSqRho = -2.2245300868E+06
           Bond Ellipticity = NA
           V = -5.5615155694E+05
           G =  9.5176174515E+00
           K =  5.5614203932E+05
           L =  5.5613252170E+05
           Vnuc =  3.3731114463E+06
           Ven = -4.2060941393E+08
           Vrep =  4.2005326237E+08
           DelSqV =  2.6368734023E+11
           DelSqVen =  7.5035878687E+12
           DelSqVrep = -7.2399005284E+12
           DelSqG =  3.3072164484E+09
           DelSqK = -2.6699455668E+11
           Stress_EigVals = -1.8538486117E+05 -1.8538382997E+05 -1.8538286580E+05
           Stress_EigVec1 =  8.2219234554E-01  5.6658552000E-01 -5.4594829992E-02
           Stress_EigVec2 = -5.6915020335E-01  8.1692876287E-01 -9.3249356155E-02
           Stress_EigVec3 = -8.2336480221E-03  1.0774156545E-01  9.9414483961E-01
           -DivStress = -9.6249506786E+04  1.2153978586E+05 -9.3926846869E+03
           ESP =  -1.4619704840E+01     ESP at Nucleus =  -1.4619704851E+01
           ESPe = -3.0809585579E+01     ESPe at Nucleus = -3.0809585445E+01
           ESPn =  1.6189880739E+01     ESPn at Nucleus =  1.6189880595E+01

CP# 9      Coords =  3.24397729842115E+00  3.36805668692740E-01 -2.01746574085104E-01
           Type = (3,-3) NACP C9
           Rho =  1.2468301192E+02     Rho at Nucleus =  1.2468301086E+02
           GradRho =  7.7077602377E-11  7.6071392541E-12 -2.9795755279E-12
           HessRho_EigVals = -7.4144148924E+05 -7.4143869026E+05 -7.4143595112E+05
           HessRho_EigVec1 =  4.6327420929E-01  8.8578656719E-01 -2.7552937992E-02
           HessRho_EigVec2 =  7.1214826596E-01 -3.5359497248E-01  6.0647789962E-01
           HessRho_EigVec3 = -5.2746739643E-01  3.0058734641E-01  7.9462279912E-01
           DelSqRho = -2.2243161306E+06
           Bond Ellipticity = NA
           V = -5.5609799701E+05
           G =  9.4821805516E+00
           K =  5.5608851483E+05
           L =  5.5607903265E+05
           Vnuc =  3.5484679367E+06
           Ven = -4.4243367004E+08
           Vrep =  4.4187757205E+08
           DelSqV =  2.6366199199E+11
           DelSqVen =  7.8929145037E+12
           DelSqVrep = -7.6292525117E+12
           DelSqG =  3.3068920353E+09
           DelSqK = -2.6696888403E+11
           Stress_EigVals = -1.8536699899E+05 -1.8536598398E+05 -1.8536501405E+05
           Stress_EigVec1 = -4.5484355507E-01  2.6691810312E-01  8.4963054714E-01
           Stress_EigVec2 =  7.5864365208E-01 -3.8355951504E-01  5.2663261159E-01
           Stress_EigVec3 =  4.6645165835E-01  8.8410227047E-01 -2.8036151161E-02
           -DivStress = -1.0113505689E+05  5.0750847257E+04 -9.4820644862E+04
           ESP =  -1.4623057884E+01     ESP at Nucleus =  -1.4623057894E+01
           ESPe = -3.0492959756E+01     ESPe at Nucleus = -3.0492960451E+01
           ESPn =  1.5869901872E+01     ESPn at Nucleus =  1.5869902557E+01

CP# 10     Coords = -9.54221954708881E-01  1.37700485655142E+00 -2.44914196226342E+00
           Type = (3,-3) NACP H10
           Rho =  4.5481598290E-01     Rho at Nucleus =  4.5314521346E-01
           GradRho =  7.5822766056E-16  1.9232573027E-15  1.2898789204E-15
           HessRho_EigVals = -2.2459112761E+01 -2.2450679065E+01 -2.1115282045E+01
           HessRho_EigVec1 =  8.4137104548E-01 -5.0726279183E-01  1.8649188683E-01
           HessRho_EigVec2 =  4.8636068466E-01  8.6112633570E-01  1.4803620635E-01
           HessRho_EigVec3 = -2.3568633447E-01 -3.3851055939E-02  9.7123944409E-01
           DelSqRho = -6.6025073871E+01
           Bond Ellipticity = NA
           V = -1.6524232398E+01
           G =  8.9819652570E-03
           K =  1.6515250433E+01
           L =  1.6506268468E+01
           Vnuc =  9.6522500149E+01
           Ven = -4.3899975778E+01
           Vrep =  2.7375743380E+01
           DelSqV =  2.2409709431E+04
           DelSqVen =  6.3729052026E+03
           DelSqVrep =  1.6036804229E+04
           DelSqG =  8.0057635109E+02
           DelSqK = -2.3210285782E+04
           Stress_EigVals = -5.6209559932E+00 -5.6194785940E+00 -5.2837978110E+00
           Stress_EigVec1 =  9.2507177851E-01 -3.1439785974E-01  2.1306381766E-01
           Stress_EigVec2 =  2.9810343695E-01  9.4867676787E-01  1.0557808005E-01
           Stress_EigVec3 = -2.3532221629E-01 -3.4152245951E-02  9.7131718744E-01
           -DivStress =  2.2156255931E+01  3.3230862335E+00 -9.0160402872E+01
           ESP =  -1.0917661998E+00     ESP at Nucleus =  -1.0919335517E+00
           ESPe = -1.6857630107E+01     ESPe at Nucleus = -1.6823814118E+01
           ESPn =  1.5765863907E+01     ESPn at Nucleus =  1.5731880566E+01

CP# 11     Coords =  8.33396044930075E-01  1.02255820670946E+00  2.97551474983263E+00
           Type = (3,-3) NACP H11
           Rho =  4.5593286189E-01     Rho at Nucleus =  4.5419914067E-01
           GradRho =  3.0164168224E-16 -3.9646443704E-16  3.3376975892E-15
           HessRho_EigVals = -2.2491712603E+01 -2.2489344267E+01 -2.1110058457E+01
           HessRho_EigVec1 =  9.8642667039E-01 -1.5437138676E-01  5.5963370951E-02
           HessRho_EigVec2 =  1.3068860141E-01  9.4443371569E-01  3.0160478465E-01
           HessRho_EigVec3 = -9.9412843230E-02 -2.9019722882E-01  9.5178918621E-01
           DelSqRho = -6.6091115326E+01
           Bond Ellipticity = NA
           V = -1.6540281584E+01
           G =  8.7513759933E-03
           K =  1.6531530208E+01
           L =  1.6522778832E+01
           Vnuc =  9.4482474324E+01
           Ven = -4.3077664917E+01
           Vrep =  2.6537383334E+01
           DelSqV =  2.2408168211E+04
           DelSqVen =  6.2444521069E+03
           DelSqVrep =  1.6163716104E+04
           DelSqG =  8.0024295174E+02
           DelSqK = -2.3208411163E+04
           Stress_EigVals = -5.6296930783E+00 -5.6292622373E+00 -5.2813262679E+00
           Stress_EigVec1 =  4.2085558745E-01  8.5433735665E-01  3.0493975723E-01
           Stress_EigVec2 =  9.0163023828E-01 -4.3091457296E-01 -3.7088330143E-02
           Stress_EigVec3 = -9.9717039331E-02 -2.9055173694E-01  9.5164920019E-01
           -DivStress = -9.4428058928E+00 -2.7416451852E+01  9.0133732791E+01
           ESP =  -1.0919065500E+00     ESP at Nucleus =  -1.0920801407E+00
           ESPe = -1.6260391064E+01     ESPe at Nucleus = -1.6226278204E+01
           ESPn =  1.5168484514E+01     ESPn at Nucleus =  1.5134198063E+01

CP# 12     Coords =  1.48667817837102E+00  3.63976232961644E+00  1.07996658915932E+00
           Type = (3,-3) NACP H12
           Rho =  4.5094938683E-01     Rho at Nucleus =  4.4929761223E-01
           GradRho =  2.6323906445E-16 -2.2060916890E-15 -9.2438813573E-16
           HessRho_EigVals = -2.2269139551E+01 -2.2268389869E+01 -2.0946541679E+01
           HessRho_EigVec1 =  2.8205672370E-01 -9.7190002546E-02  9.5446220880E-01
           HessRho_EigVec2 = -9.3519404285E-01  1.9420230594E-01  2.9613774935E-01
           HessRho_EigVec3 =  2.1414039049E-01  9.7613501514E-01  3.6115445258E-02
           DelSqRho = -6.5484071099E+01
           Bond Ellipticity = NA
           V = -1.6389248321E+01
           G =  9.1152733156E-03
           K =  1.6380133048E+01
           L =  1.6371017775E+01
           Vnuc =  9.5349981409E+01
           Ven = -4.2998015651E+01
           Vrep =  2.6608767330E+01
           DelSqV =  2.2230820930E+04
           DelSqVen =  6.2439049619E+03
           DelSqVrep =  1.5986915968E+04
           DelSqG =  7.9429292343E+02
           DelSqK = -2.3025113853E+04
           Stress_EigVals = -5.5747341614E+00 -5.5740318525E+00 -5.2404823075E+00
           Stress_EigVec1 =  1.0239552090E-01 -5.8849011526E-02  9.9300148597E-01
           Stress_EigVec2 =  9.7142357088E-01 -2.0896814092E-01 -1.1255470679E-01
           Stress_EigVec3 =  2.1412940769E-01  9.7615014722E-01  3.5769915278E-02
           -DivStress =  1.9476807582E+01  8.9846677346E+01  3.5582272429E+00
           ESP =  -1.0785877919E+00     ESP at Nucleus =  -1.0787535942E+00
           ESPe = -1.5538636751E+01     ESPe at Nucleus = -1.5503120139E+01
           ESPn =  1.4460048959E+01     ESPn at Nucleus =  1.4424366544E+01

CP# 13     Coords = -5.02572706616206E+00  2.53843365388480E+00 -2.99924583024214E-02
           Type = (3,-3) NACP H13
           Rho =  4.4765532476E-01     Rho at Nucleus =  4.4480101168E-01
           GradRho =  6.3557318265E-12  2.3101569447E-12  1.0895944780E-12
           HessRho_EigVals = -2.1787753184E+01 -2.1767573896E+01 -1.9572356363E+01
           HessRho_EigVec1 = -3.2749326527E-01  9.4183563690E-01 -7.5457234682E-02
           HessRho_EigVec2 = -1.8133055635E-01  1.5727047986E-02  9.8329644019E-01
           HessRho_EigVec3 =  9.2729034856E-01  3.3570566428E-01  1.6563307773E-01
           DelSqRho = -6.3127683443E+01
           Bond Ellipticity = NA
           V = -1.5822763310E+01
           G =  2.0421224725E-02
           K =  1.5802342085E+01
           L =  1.5781920861E+01
           Vnuc =  7.4181330120E+01
           Ven = -3.3207667426E+01
           Vrep =  1.7384904116E+01
           DelSqV =  2.0914251070E+04
           DelSqVen =  4.6828955253E+03
           DelSqVrep =  1.6231355544E+04
           DelSqG =  7.4572826636E+02
           DelSqK = -2.1659979336E+04
           Stress_EigVals = -5.4639538146E+00 -5.4581966952E+00 -4.9006128004E+00
           Stress_EigVec1 = -1.8310703321E-01  3.0779309681E-02  9.8261103621E-01
           Stress_EigVec2 = -3.2409536786E-01  9.4174378023E-01 -8.9893519902E-02
           Stress_EigVec3 =  9.2813469223E-01  3.3491982098E-01  1.6246447795E-01
           -DivStress = -1.1015375650E+02 -4.0135336395E+01 -1.8761001991E+01
           ESP =  -1.0546846889E+00     ESP at Nucleus =  -1.0549630497E+00
           ESPe = -1.4958531100E+01     ESPe at Nucleus = -1.4913971924E+01
           ESPn =  1.3903846411E+01     ESPn at Nucleus =  1.3859008874E+01

CP# 14     Coords = -3.02088805282631E+00  4.80702683423147E+00 -5.94144864512739E-01
           Type = (3,-3) NACP H14
           Rho =  4.5638273761E-01     Rho at Nucleus =  4.5363104823E-01
           GradRho = -1.6960424406E-13 -1.1820431030E-12  6.2080608065E-13
           HessRho_EigVals = -2.2238252012E+01 -2.2220959272E+01 -2.0082205098E+01
           HessRho_EigVec1 =  9.6037690552E-01 -2.2679321807E-01 -1.6199085033E-01
           HessRho_EigVec2 =  2.4787251007E-01  4.2931766543E-01  8.6847312043E-01
           HessRho_EigVec3 =  1.2741828010E-01  8.7421460660E-01 -4.6852257524E-01
           DelSqRho = -6.4541416383E+01
           Bond Ellipticity = NA
           V = -1.6176347398E+01
           G =  2.0496651002E-02
           K =  1.6155850747E+01
           L =  1.6135354096E+01
           Vnuc =  7.5228217541E+01
           Ven = -3.4332859867E+01
           Vrep =  1.8156512469E+01
           DelSqV =  2.1450570960E+04
           DelSqVen =  4.8553357121E+03
           DelSqVrep =  1.6595235248E+04
           DelSqG =  7.6440302694E+02
           DelSqK = -2.2214973987E+04
           Stress_EigVals = -5.5777768436E+00 -5.5710564740E+00 -5.0275140800E+00
           Stress_EigVec1 =  1.7434021309E-01  4.4195095834E-01  8.7993456605E-01
           Stress_EigVec2 =  9.7633026438E-01 -1.9374902960E-01 -9.6127667096E-02
           Stress_EigVec3 =  1.2800275369E-01  8.7586566547E-01 -4.6526834310E-01
           -DivStress =  1.5047462766E+01  1.0344751599E+02 -5.4528232814E+01
           ESP =  -1.0507879228E+00     ESP at Nucleus =  -1.0510540032E+00
           ESPe = -1.4200478563E+01     ESPe at Nucleus = -1.4152105801E+01
           ESPn =  1.3149690640E+01     ESPn at Nucleus =  1.3101051798E+01

CP# 15     Coords = -1.64935142779658E+00 -4.68413438531691E+00  3.31887559855090E-01
           Type = (3,-3) NACP H15
           Rho =  4.2542469580E-01     Rho at Nucleus =  4.2151806512E-01
           GradRho =  2.7508496213E-10  5.4495492553E-10 -5.2136411224E-11
           HessRho_EigVals = -2.0375398668E+01 -2.0362243270E+01 -1.7381087971E+01
           HessRho_EigVec1 = -8.9183618801E-01  4.4661454053E-01 -7.1858652596E-02
           HessRho_EigVec2 = -2.5882553855E-02  1.0821292581E-01  9.9379075066E-01
           HessRho_EigVec3 =  4.5161743453E-01  8.8815844019E-01 -8.4948678347E-02
           DelSqRho = -5.8118729909E+01
           Bond Ellipticity = NA
           V = -1.4588773227E+01
           G =  2.9545375105E-02
           K =  1.4559227852E+01
           L =  1.4529682477E+01
           Vnuc =  6.3692294197E+01
           Ven = -2.7096274883E+01
           Vrep =  1.2507501656E+01
           DelSqV =  1.8720989028E+04
           DelSqVen =  3.7017152467E+03
           DelSqVrep =  1.5019273781E+04
           DelSqG =  6.6772074985E+02
           DelSqK = -1.9388709777E+04
           Stress_EigVals = -5.1176302603E+00 -5.1135482102E+00 -4.3575947570E+00
           Stress_EigVec1 = -2.6727057366E-02  1.0857371471E-01  9.9372904399E-01
           Stress_EigVec2 =  8.9284109754E-01 -4.4448539894E-01  7.2577576923E-02
           Stress_EigVec3 =  4.4957806769E-01  8.8918191536E-01 -8.5059287852E-02
           -DivStress = -5.9697256744E+01 -1.1852649870E+02  1.1340732725E+01
           ESP =  -9.4507949733E-01     ESP at Nucleus =  -9.4544186413E-01
           ESPe = -1.5324352738E+01     ESPe at Nucleus = -1.5250024885E+01
           ESPn =  1.4379273240E+01     ESPn at Nucleus =  1.4304583021E+01

CP# 16     Coords =  6.30428813534681E+00 -1.23234158324804E+00  5.58828761471730E-01
           Type = (3,-3) NACP H16
           Rho =  4.2732531428E-01     Rho at Nucleus =  4.2345352801E-01
           GradRho = -9.6540724763E-11  5.1900027733E-11  6.2232659467E-11
           HessRho_EigVals = -2.0492694436E+01 -2.0479228814E+01 -1.7518925172E+01
           HessRho_EigVec1 = -4.5165516696E-01  2.0728546776E-01 -8.6777897244E-01
           HessRho_EigVec2 =  4.5951682077E-01  8.8775526384E-01 -2.7108724723E-02
           HessRho_EigVec3 =  7.6475610595E-01 -4.1100283014E-01 -4.9621041105E-01
           DelSqRho = -5.8490848422E+01
           Bond Ellipticity = NA
           V = -1.4682185053E+01
           G =  2.9736473733E-02
           K =  1.4652448579E+01
           L =  1.4622712105E+01
           Vnuc =  6.3266396084E+01
           Ven = -2.7035332590E+01
           Vrep =  1.2353147537E+01
           DelSqV =  1.8867071991E+04
           DelSqVen =  3.7005051842E+03
           DelSqVrep =  1.5166566807E+04
           DelSqG =  6.7317383160E+02
           DelSqK = -1.9540245822E+04
           Stress_EigVals = -5.1469070688E+00 -5.1428638645E+00 -4.3924141196E+00
           Stress_EigVec1 =  4.6008260529E-01  8.8749153844E-01 -2.6129781982E-02
           Stress_EigVec2 =  4.4938354761E-01 -2.0738054137E-01  8.6893482966E-01
           Stress_EigVec3 =  7.6575350044E-01 -4.1152409439E-01 -4.9423627578E-01
           -DivStress =  1.0195387811E+02 -5.4809989525E+01 -6.5586989475E+01
           ESP =  -9.5416953700E-01     ESP at Nucleus =  -9.5452639243E-01
           ESPe = -1.4526026132E+01     ESPe at Nucleus = -1.4457336985E+01
           ESPn =  1.3571856595E+01     ESPn at Nucleus =  1.3502810592E+01

CP# 17     Coords = -1.98292848388057E+00 -1.90671327102147E+00  2.35886402245798E-02
