AIMSum (Version 17.01.25, Professional)
Copyright (c) 1997-2017 by Todd A. Keith
AIMSum is a component of the AIMAll package ( http://aim.tkgristmill.com )

TP:  64-bit Linux

Licensed To:  Research Group of Fernando Cortes Guzman, UNAM, fercor@unam.mx

Much of the Quantum Theory of Atoms in Molecules (QTAIM) is described in the book:
  "Atoms in Molecules - A Quantum Theory"
  R.F.W. Bader, Oxford University Press, Oxford, 1990

For additional references see:  http://aim.tkgristmill.com/references.html

Wfn File:  /home/alejandro/wd/aimqb_inps/aspargine_pbe0_def2TZVP.wfn
Sum File:  /home/alejandro/wd/aimqb_inps/aspargine_pbe0_def2TZVP.sum

SumViz File:  /home/alejandro/wd/aimqb_inps/aspargine_pbe0_def2TZVP.sumviz

Wfn Title:   opt aspargine M062X def2TZVP                                                  
 
Total memory allocated for AIMSum =        2.950 Megabytes

Atomic units (a.u.) used throughout, except where stated otherwise

Model:  Unknown
 
Restricted, natural orbital wavefunction.
  Number of electrons (from MO Occs)                   =          69.9999989000
  Number of Alpha electrons (from MO Occs)             =          34.9999994500
  Number of Beta electrons (from MO Occs)              =          34.9999994500
  Number of electron pairs (N*(N-1)/2)                 =        2414.9999235500
  Number of electron pairs (from Muller 2EDM)          =        2414.9999235499
  Number of electron pairs (from Muller 2EDM, no SOSI) =        2415.1885273410
 
Nuclear Charges and Cartesian Coordinates:
-------------------------------------------------------------------------------
Atom      Charge                X                  Y                  Z
-------------------------------------------------------------------------------
O1         8.0           9.8263318000E-01   2.9133845700E+00  -1.8245214100E+00
O2         8.0           3.7164252900E+00   1.9824949400E+00   1.2675105200E+00
O3         8.0          -3.3128112300E+00   1.6833832900E+00   1.8830620300E+00
N4         7.0           3.4166007300E+00  -3.2043812900E+00  -1.6201061000E-01
N5         7.0          -4.6436427200E+00  -8.2734509000E-01  -1.2920146400E+00
C6         6.0           1.4198770500E+00  -1.4150158100E+00  -7.1190815000E-01
C7         6.0          -8.4966959000E-01  -2.0042770400E+00   1.0082590800E+00
C8         6.0           2.2056119600E+00   1.3210917900E+00  -2.8249303000E-01
C9         6.0          -3.0429374800E+00  -2.0168865000E-01   6.1590039000E-01
H10        1.0           8.5148688000E-01  -1.6133311300E+00  -2.6848679600E+00
H11        1.0          -1.3946777100E+00  -3.9602229100E+00   6.5986107000E-01
H12        1.0          -2.5111506000E-01  -1.8192200800E+00   2.9709564200E+00
H13        1.0           4.1316040600E+00  -2.8195836700E+00   1.5776674800E+00
H14        1.0           4.8647610100E+00  -2.9865405900E+00  -1.3964268700E+00
H15        1.0          -4.4123072900E+00  -2.3961315600E+00  -2.3315089200E+00
H16        1.0          -6.0678344600E+00   3.6149724000E-01  -1.7072783100E+00
H17        1.0           1.3801068800E+00   4.6208532200E+00  -1.2971850700E+00
 
Some Atomic Properties:
----------------------
  q(A) = Net Charge of Atom A
  L(A) = Lagrangian of Atom A = -(1/4) Times Atomic Integral of the Laplacian of the Electron Density
  K(A) = Electronic Kinetic Energy of Atom A (Hamiltonian Form)
  K_Scaled(A) = K(A) * E(Mol)/K(Mol) = Approximation to Virial-Based Total Energy of Atom A.
  |Mu_Intra(A)| = Magnitude of Intraatomic Dipole Moment of Atom A
--------------------------------------------------------------------------------------------------
Atom A          q(A)              L(A)              K(A)          K_Scaled(A)      |Mu_Intra(A)|
--------------------------------------------------------------------------------------------------
O1       -1.1923767571E+00 -7.2897768893E-05  7.5590807770E+01 -7.5887599958E+01  3.1568791923E-01
O2       -1.2479217461E+00  4.2279705381E-05  7.5684500934E+01 -7.5981660990E+01  5.7437564663E-01
O3       -1.2427776319E+00 -1.3044385285E-06  7.5643597885E+01 -7.5940597343E+01  5.1766836576E-01
N4       -1.0683623609E+00 -1.7545914791E-04  5.4898298710E+01 -5.5113845901E+01  2.3161534127E-01
N5       -1.2750018849E+00  2.0924744489E-04  5.5139701487E+01 -5.5356196497E+01  1.3479895671E-01
C6        3.9561200940E-01  1.8995529865E-05  3.7638034503E+01 -3.7785812718E+01  4.2117640087E-01
C7       -2.2454434200E-02 -4.4771503088E-04  3.7886470135E+01 -3.8035223783E+01  9.5489657778E-02
C8        1.6702304593E+00  1.7951235844E-05  3.6838816370E+01 -3.6983456615E+01  8.5775190972E-01
C9        1.5758953521E+00  4.6635155093E-04  3.6895897086E+01 -3.7040761447E+01  7.7054062824E-01
H10       3.9538558990E-02  4.7503703897E-05  6.1211267860E-01 -6.1451601661E-01  1.4204364395E-01
H11       4.0866303020E-02  2.5418752937E-05  6.0277269252E-01 -6.0513935894E-01  1.4651559061E-01
H12       6.2721449090E-02  2.7916994010E-05  5.9473843996E-01 -5.9707356150E-01  1.4181740325E-01
H13       3.8662476193E-01  3.5513855725E-05  4.6640291815E-01 -4.6823415593E-01  1.8004382902E-01
H14       3.7058930041E-01  2.8183314205E-05  4.7569573809E-01 -4.7756346227E-01  1.8554899542E-01
H15       4.3280464914E-01  3.4332471331E-05  4.4299922901E-01 -4.4473857689E-01  1.6925991599E-01
H16       4.4706410656E-01  2.2218702915E-05  4.3348286701E-01 -4.3518485079E-01  1.6678811735E-01
H17       6.2703956064E-01  2.4479992854E-05  3.3672946062E-01 -3.3805156150E-01  1.4823012707E-01
--------------------------------------------------------------------------------------------------
Total     9.1695480001E-05  3.0301686857E-04  4.9018105890E+02 -4.9210565680E+02
 
Molecular charge q(Mol) from the wfn file:   1.0999999851E-06
Molecular energy E(Mol) from the wfn file:  -4.9210567684E+02
Molecular virial ratio (-V(Mol)/T(Mol)) from the wfn file:   2.0039263000E+00
Note.  K_Scaled(A) = (1+V(Mol)/T(Mol))*K(A) = (E(Mol)/T(Mol))*K(A)
       Only use K_Scaled(A) data with caution.
 
N_AIMInt(SumA)     =         69.999908
N_Analytic(Mol)    =         69.999992
 
G_AIMInt(SumA)     =        490.180756
G_Analytic(Mol)    =        490.181073
 
K_AIMInt(SumA)     =        490.181059
K_Analytic(Mol)    =        490.181073
 
L_AIMInt(SumA)     =          0.000303
L_Analytic(Mol)    =          0.000000
 
VenT_AIMInt(SumA)  =      -2111.018099
VenT_Analytic(Mol) =      -2111.019112
 
Some Information About the Atomic Calculations:
----------------------------------------------
  Time(sec) = "Elapsed User Time", in Seconds, for Atom A by AIMInt and, if used, by TWOe
  NProc = Number of Processors Used for AIMInt Job
  BIM = Basin Integration Method
  OAQ = Angular Quadrature Outside of Beta Sphere
  ORQ = Multiple of Default for Radial Quadrature Outside of Beta Sphere
  IAQ = Multiple of Default for Angular Quadrature Inside of Beta Sphere
  IRQ = Multiple of Default for Radial Quadrature Inside of Beta Sphere
  MIR = Maximum Integration Radius
------------------------------------------------------------------------------------------------------
Atom A     Time(sec)   NProc      BIM              OAQ                 ORQ      IAQ      IRQ      MIR
------------------------------------------------------------------------------------------------------
O1             69       16     Proaim(5)    4334      (Very High)      1.00     1.00     1.00    13.00
O2             40       16     Proaim(5)    3074      (Very High)      1.00     1.00     1.00    13.00
O3             56       16     Proaim(5)    3074      (Very High)      1.00     1.00     1.00    13.00
N4             55       16     Proaim(5)    4334      (Very High)      1.00     1.00     1.00    13.00
N5             58       16     Proaim(5)    4334      (Very High)      1.00     1.00     1.00    13.00
C6            127       16     Proaim(5)    4334      (Very High)      1.00     1.00     1.00    13.00
C7            158       16     Proaim(5)    4334      (Very High)      1.00     1.00     1.00    13.00
C8            147       16     Proaim(5)    4334      (Very High)      1.00     1.00     1.00    13.00
C9            128       16     Proaim(5)    4334      (Very High)      1.00     1.00     1.00    13.00
H10            23       16     Proaim(5)    2030      (Very High)      1.00     1.00     1.00    13.00
H11            20       16     Proaim(5)    2030      (Very High)      1.00     1.00     1.00    13.00
H12            19       16     Proaim(5)    2030      (Very High)      1.00     1.00     1.00    13.00
H13            14       16     Proaim(5)    2030      (Very High)      1.00     1.00     1.00    13.00
H14            16       16     Proaim(5)    2030      (Very High)      1.00     1.00     1.00    13.00
H15            15       16     Proaim(5)    2030      (Very High)      1.00     1.00     1.00    13.00
H16            16       16     Proaim(5)    2030      (Very High)      1.00     1.00     1.00    13.00
H17            12       16     Proaim(5)    2030      (Very High)      1.00     1.00     1.00    13.00
------------------------------------------------------------------------------------------------------
Total         973
Note:  Total wall clock time is less than total of atomic times if more than one atom
       was calculated at a time
 
Electron Density Critical Point Analysis of Molecular Structure:               
---------------------------------------------------------------                
  NACP = Nuclear Attractor Critical Point                                      
  NNACP = Non-Nuclear Attractor Critical Point                                 
  BCP = Bond Critical Point                                                    
  RCP = Ring Critical Point                                                    
  CCP = Cage Critical Point                                                    
  Rho = Electron Density                                                       
  GradRho = Gradient of Electron Density                                       
  HessRho_EigVals = Eigenvalues of the Hessian of Rho, Ascending Order         
  HessRho_EigVecs = Eigenvectors of the Hessian of Rho                         
  DelSqRho = Laplacian of Rho = Trace of Hessian of Rho                        
  Bond Ellipticity = (HessRho_EigVal(1) / HessRho_EigVal(2)) - 1               
  V = Virial Field = Potential Energy Density = Trace of Stress Tensor         
  G = Lagrangian Form of Kinetic Energy Density                                
  K = Hamiltonian Form of Kinetic Energy Density                               
  L = K - G = Lagrangian Density = (-1/4)DelSqRho                              
  Vnuc = Electrostatic Potential from Nuclei                                   
  Ven = Electron-nuclear attractive contribution to Virial Field V             
  Vrep = V - Ven = Repulsive contribution to Virial Field V                    
  DelSqV = Laplacian of V                                                      
  DelSqVen = Laplacian of Ven                                                  
  DelSqVrep = Laplacian of Vrep                                                
  DelSqG = Laplacian of G                                                      
  DelSqK = Laplacian of K                                                      
  Stress_EigVals = Eigenvalues of Stress Tensor, Ascending Order               
  Stress_EigVecs = Eigenvectors of Stress Tensor                               
  -DivStress = Ehrenfest Force Density = Minus Divergence of Stress Tensor     
  ESP = Total Electrostatic Potential                                          
  ESPe = Electrostatic Potential from Electrons                                
  ESPn = Electrostatic Potential from Nuclei                                   
  BP = Bond Path                                                               
  BPL = Bond Path Length                                                       
  GBL = Geometric Bond Length                                                  
  GBL_I = Distance Between Nuclear Attractors                                  
  GBL_II = Distance Between Nuclei                                             
  GBL_III = Sum of Distances Between BCP and Nuclear Attractors                
  GBL_IV = Sum of Distances Between BCP and Nuclei                             

CP# 1      Coords =  9.82636634982191E-01  2.91338593155274E+00 -1.82451718091979E+00
           Type = (3,-3) NACP O1
           Rho =  3.0152054063E+02     Rho at Nucleus =  3.0152051685E+02
           GradRho =  1.4280132632E-11 -6.4547256429E-11 -1.2153877904E-10
           HessRho_EigVals = -1.5018077141E+06 -1.5017828416E+06 -1.5017746663E+06
           HessRho_EigVec1 = -1.6490345503E-01  9.6540013332E-01 -2.0201344785E-01
           HessRho_EigVec2 =  5.2356709883E-01  2.5925846136E-01  8.1158027529E-01
           HessRho_EigVec3 =  8.3587340163E-01  2.8064796611E-02 -5.4820436303E-01
           DelSqRho = -4.5053652221E+06
           Bond Ellipticity = NA
           V = -1.1264910800E+06
           G =  7.4887240320E+01
           K =  1.1264161928E+06
           L =  1.1263413055E+06
           Vnuc =  1.4214439654E+06
           Ven = -4.2859455291E+08
           Vrep =  4.2746806183E+08
           DelSqV =  2.1953749529E+11
           DelSqVen =  6.4041242235E+12
           DelSqVrep = -6.1845867262E+12
           DelSqG =  5.6117596482E+09
           DelSqK = -2.2514925494E+11
           Stress_EigVals = -3.7550051624E+05 -3.7549770384E+05 -3.7549285993E+05
           Stress_EigVec1 =  8.1867906261E-01  2.0289357247E-02 -5.7389279001E-01
           Stress_EigVec2 =  5.4776989109E-01  2.7239244753E-01  7.9104393111E-01
           Stress_EigVec3 = -1.7237383461E-01  9.6197229508E-01 -2.1188809460E-01
           -DivStress = -2.4988720626E+05 -9.8495703320E+04 -3.0587941506E+05
           ESP =  -2.2295575877E+01     ESP at Nucleus =  -2.2295576124E+01
           ESPe = -3.4984599933E+01     ESPe at Nucleus = -3.4984594598E+01
           ESPn =  1.2689024056E+01     ESPn at Nucleus =  1.2689018474E+01

CP# 2      Coords =  3.71642139392639E+00  1.98249336419201E+00  1.26750653602572E+00
           Type = (3,-3) NACP O2
           Rho =  3.0178433373E+02     Rho at Nucleus =  3.0178430853E+02
           GradRho =  2.4077095873E-10  3.3844482772E-11  1.4964030015E-11
           HessRho_EigVals = -1.5031969898E+06 -1.5031906121E+06 -1.5031675181E+06
           HessRho_EigVec1 =  7.3900626732E-01 -7.8542226888E-02 -6.6910451759E-01
           HessRho_EigVec2 =  6.5883464542E-01  2.9173133211E-01  6.9341887764E-01
           HessRho_EigVec3 = -1.4073608942E-01  9.5327013404E-01 -2.6733762300E-01
           DelSqRho = -4.5095551200E+06
           Bond Ellipticity = NA
           V = -1.1275375851E+06
           G =  7.4402525448E+01
           K =  1.1274631825E+06
           L =  1.1273887800E+06
           Vnuc =  1.3814881682E+06
           Ven = -4.1691148640E+08
           Vrep =  4.1578394882E+08
           DelSqV =  2.1974150542E+11
           DelSqVen =  6.2298970450E+12
           DelSqVrep = -6.0101555406E+12
           DelSqG =  5.6173020419E+09
           DelSqK = -2.2535880746E+11
           Stress_EigVals = -3.7585041107E+05 -3.7584406435E+05 -3.7584310963E+05
           Stress_EigVec1 = -1.3907523229E-01  9.5394240171E-01 -2.6580439045E-01
           Stress_EigVec2 =  6.5284252564E-01  2.9014697211E-01  6.9972235300E-01
           Stress_EigVec3 =  7.4461716101E-01 -7.6214360809E-02 -6.6312642439E-01
           -DivStress =  2.8205233560E+05  1.1407794941E+05  2.8841528907E+05
           ESP =  -2.2358995330E+01     ESP at Nucleus =  -2.2358995559E+01
           ESPe = -3.4516267175E+01     ESPe at Nucleus = -3.4516253367E+01
           ESPn =  1.2157271845E+01     ESPn at Nucleus =  1.2157257808E+01

CP# 3      Coords = -3.31281069176150E+00  1.68337856597207E+00  1.88305868557603E+00
           Type = (3,-3) NACP O3
           Rho =  3.0174749584E+02     Rho at Nucleus =  3.0174747044E+02
           GradRho = -2.3723911724E-10  1.0242318105E-10  9.0242036066E-11
           HessRho_EigVals = -1.5030070463E+06 -1.5030038201E+06 -1.5029772733E+06
           HessRho_EigVec1 =  5.7400739535E-01  4.9300253656E-01 -6.5380731797E-01
           HessRho_EigVec2 = -9.1227669527E-02  8.3197710002E-01  5.4725827299E-01
           HessRho_EigVec3 =  8.1375243311E-01 -2.5448497793E-01  5.2253648066E-01
           DelSqRho = -4.5089881397E+06
           Bond Ellipticity = NA
           V = -1.1273957978E+06
           G =  7.4381421143E+01
           K =  1.1273214163E+06
           L =  1.1272470349E+06
           Vnuc =  1.3762308740E+06
           Ven = -4.1527421992E+08
           Vrep =  4.1414682412E+08
           DelSqV =  2.1971390271E+11
           DelSqVen =  6.2054086959E+12
           DelSqVrep = -5.9856947932E+12
           DelSqG =  5.6165730607E+09
           DelSqK = -2.2533047577E+11
           Stress_EigVals = -3.7580346785E+05 -3.7579624082E+05 -3.7579608908E+05
           Stress_EigVec1 =  8.1416216316E-01 -2.5695816367E-01  5.2068462068E-01
           Stress_EigVec2 = -2.7545403138E-04  8.9657534070E-01  4.4289116334E-01
           Stress_EigVec3 = -5.8063749122E-01 -3.6072865227E-01  7.2988693866E-01
           -DivStress = -3.8961851573E+04  3.4194434725E+05  2.4208514174E+05
           ESP =  -2.2385980812E+01     ESP at Nucleus =  -2.2385981043E+01
           ESPe = -3.4549403491E+01     ESPe at Nucleus = -3.4549391100E+01
           ESPn =  1.2163422680E+01     ESPn at Nucleus =  1.2163410057E+01

CP# 4      Coords =  3.41660223454723E+00 -3.20437540628834E+00 -1.62010608668554E-01
           Type = (3,-3) NACP N4
           Rho =  1.9822567037E+02     Rho at Nucleus =  1.9822565677E+02
           GradRho =  2.6969870781E-11 -4.8530623964E-13 -9.5122798527E-12
           HessRho_EigVals = -7.3755356699E+05 -7.3755128464E+05 -7.3753719253E+05
           HessRho_EigVec1 =  8.9685248563E-01 -4.0290678625E-01  1.8254243510E-01
           HessRho_EigVec2 = -1.9244613074E-01  1.6158060407E-02  9.8117450224E-01
           HessRho_EigVec3 =  3.9827139714E-01  9.1509837650E-01  6.3046455423E-02
           DelSqRho = -2.2126420442E+06
           Bond Ellipticity = NA
           V = -5.5321595527E+05
           G =  2.7722117198E+01
           K =  5.5318823316E+05
           L =  5.5316051104E+05
           Vnuc =  1.1526487090E+06
           Ven = -2.2848456305E+08
           Vrep =  2.2793134709E+08
           DelSqV =  7.8771679987E+10
           DelSqVen =  2.5503989944E+12
           DelSqVrep = -2.4716273144E+12
           DelSqG =  2.0586952328E+09
           DelSqK = -8.0830375220E+10
           Stress_EigVals = -1.8440735728E+05 -1.8440461299E+05 -1.8440398501E+05
           Stress_EigVec1 =  4.2642420230E-01  9.0121161881E-01  7.7330574869E-02
           Stress_EigVec2 = -2.1171326309E-01  1.6325324606E-02  9.7719546561E-01
           Stress_EigVec3 =  8.7939746072E-01 -4.3307170526E-01  1.9775996608E-01
           -DivStress = -3.9048104936E+04 -1.5264416434E+05 -3.6482766915E+01
           ESP =  -1.8382942063E+01     ESP at Nucleus =  -1.8382942271E+01
           ESPe = -3.0465483355E+01     ESPe at Nucleus = -3.0465476027E+01
           ESPn =  1.2082541292E+01     ESPn at Nucleus =  1.2082533755E+01

CP# 5      Coords = -4.64364263594219E+00 -8.27345218203169E-01 -1.29201494993885E+00
           Type = (3,-3) NACP N5
           Rho =  1.9799036862E+02     Rho at Nucleus =  1.9799036857E+02
           GradRho = -2.1336388212E-10 -1.2585932296E-10 -2.8661073515E-10
           HessRho_EigVals = -7.3659844630E+05 -7.3659813317E+05 -7.3658554056E+05
           HessRho_EigVec1 =  4.5626485688E-01  4.4606143434E-01  7.6996855596E-01
           HessRho_EigVec2 =  6.6986592134E-01 -7.4175847138E-01  3.2772207062E-02
           HessRho_EigVec3 =  5.8574911677E-01  5.0082288978E-01 -6.3723967647E-01
           DelSqRho = -2.2097821200E+06
           Bond Ellipticity = NA
           V = -5.5250293777E+05
           G =  2.8703882172E+01
           K =  5.5247423389E+05
           L =  5.5244553001E+05
           Vnuc =  2.0244093560E+07
           Ven = -4.0081355462E+09
           Vrep =  4.0075830433E+09
           DelSqV =  7.8670020373E+10
           DelSqVen =  4.4735070732E+13
           DelSqVrep = -4.4656400712E+13
           DelSqG =  2.0558118630E+09
           DelSqK = -8.0725832236E+10
           Stress_EigVals = -1.8416938959E+05 -1.8416680178E+05 -1.8416674640E+05
           Stress_EigVec1 =  5.8571426657E-01  5.0178284285E-01 -6.3651612435E-01
           Stress_EigVec2 = -6.0059011875E-01  7.9604244499E-01  7.4886147172E-02
           Stress_EigVec3 =  5.4427043572E-01  3.3842340994E-01  7.6761923400E-01
           -DivStress = -2.1733566592E+03  3.3208418318E+03  8.0374172078E+03
           ESP =  -1.8346625347E+01     ESP at Nucleus =  -1.8346625349E+01
           ESPe = -3.0477428592E+01     ESPe at Nucleus = -3.0477428844E+01
           ESPn =  1.2130803245E+01     ESPn at Nucleus =  1.2130803495E+01

CP# 6      Coords =  1.41987785282265E+00 -1.41501620552281E+00 -7.11906939813681E-01
           Type = (3,-3) NACP C6
           Rho =  1.2194263989E+02     Rho at Nucleus =  1.2194263952E+02
           GradRho =  4.7687699900E-09 -2.3974657815E-09  7.2558923314E-09
           HessRho_EigVals = -3.2230202190E+05 -3.2230110819E+05 -3.2230026900E+05
           HessRho_EigVec1 = -6.6847929428E-01  7.4339857289E-01 -2.2225997063E-02
           HessRho_EigVec2 =  7.3325990623E-01  6.5377653000E-01 -1.8683189965E-01
           HessRho_EigVec3 =  1.2435973234E-01  1.4119068895E-01  9.8214044124E-01
           DelSqRho = -9.6690339909E+05
           Bond Ellipticity = NA
           V = -2.4174258842E+05
           G =  8.3693242452E+00
           K =  2.4173421910E+05
           L =  2.4172584977E+05
           Vnuc =  3.9862970648E+06
           Ven = -4.8609958747E+08
           Vrep =  4.8585784488E+08
           DelSqV =  2.3715876548E+10
           DelSqVen =  3.8543641805E+12
           DelSqVrep = -3.8306483039E+12
           DelSqG =  6.3901745064E+08
           DelSqK = -2.4354893998E+10
           Stress_EigVals = -8.0581088788E+04 -8.0580853488E+04 -8.0580646147E+04
           Stress_EigVec1 =  1.2265621798E-01  1.3016771986E-01  9.8387591540E-01
           Stress_EigVec2 =  7.4280321549E-01  6.4541638802E-01 -1.7799176702E-01
           Stress_EigVec3 = -6.5817842204E-01  7.5265799058E-01 -1.7524667690E-02
           -DivStress = -6.2700832282E+03  3.0906406222E+03 -9.4492005465E+03
           ESP =  -1.4698483327E+01     ESP at Nucleus =  -1.4698483335E+01
           ESPe = -3.0575478333E+01     ESPe at Nucleus = -3.0575477789E+01
           ESPn =  1.5876995005E+01     ESPn at Nucleus =  1.5876994454E+01

CP# 7      Coords = -8.49669495182108E-01 -2.00427635717434E+00  1.00825817562001E+00
           Type = (3,-3) NACP C7
           Rho =  1.2198342113E+02     Rho at Nucleus =  1.2198342092E+02
           GradRho =  3.2783464832E-10  2.3912599678E-09 -3.1099000042E-09
           HessRho_EigVals = -3.2240719516E+05 -3.2240677528E+05 -3.2240596044E+05
           HessRho_EigVec1 =  8.5014379766E-01  2.2920392075E-01 -4.7404755670E-01
           HessRho_EigVec2 = -4.5927832076E-01  7.6309463874E-01 -4.5469769782E-01
           HessRho_EigVec3 =  2.5752465393E-01  6.0427819341E-01  7.5400856599E-01
           DelSqRho = -9.6721993088E+05
           Bond Ellipticity = NA
           V = -2.4182219282E+05
           G =  8.6050474339E+00
           K =  2.4181358777E+05
           L =  2.4180498272E+05
           Vnuc =  5.2762936411E+06
           Ven = -6.4362034921E+08
           Vrep =  6.4337852702E+08
           DelSqV =  2.3723644106E+10
           DelSqVen =  5.1033362924E+12
           DelSqVrep = -5.0796126482E+12
           DelSqG =  6.3922463409E+08
           DelSqK = -2.4362868740E+10
           Stress_EigVals = -8.0607581692E+04 -8.0607362614E+04 -8.0607248509E+04
           Stress_EigVec1 =  2.5597023045E-01  6.0949294383E-01  7.5033165503E-01
           Stress_EigVec2 = -4.6192658950E-01  7.5895870622E-01 -4.5891775753E-01
           Stress_EigVec3 =  8.4917787715E-01  2.2912885825E-01 -4.7581183180E-01
           -DivStress = -7.4059146483E+02 -5.3322309926E+03  7.0630668723E+03
           ESP =  -1.4742042766E+01     ESP at Nucleus =  -1.4742042766E+01
           ESPe = -2.9727745420E+01     ESPe at Nucleus = -2.9727743824E+01
           ESPn =  1.4985702654E+01     ESPn at Nucleus =  1.4985701058E+01

CP# 8      Coords =  2.20561074768895E+00  1.32109430366989E+00 -2.82494645304556E-01
           Type = (3,-3) NACP C8
           Rho =  1.2223769167E+02     Rho at Nucleus =  1.2223768999E+02
           GradRho = -4.8777704098E-11 -2.8116842188E-11  6.0239591093E-12
           HessRho_EigVals = -3.2313665272E+05 -3.2313431146E+05 -3.2313182384E+05
           HessRho_EigVec1 =  7.2747597450E-01 -7.6519089218E-02 -6.8185301606E-01
           HessRho_EigVec2 =  4.7187820246E-01 -6.6563685353E-01  5.7815096755E-01
           HessRho_EigVec3 =  4.9810608164E-01  7.4234251408E-01  4.4812712841E-01
           DelSqRho = -9.6940278802E+05
           Bond Ellipticity = NA
           V = -2.4236681154E+05
           G =  8.0572663525E+00
           K =  2.4235875427E+05
           L =  2.4235069700E+05
           Vnuc =  1.8607662276E+06
           Ven = -2.2745576840E+08
           Vrep =  2.2721340159E+08
           DelSqV =  2.3777150443E+10
           DelSqVen =  1.8038319852E+12
           DelSqVrep = -1.7800548337E+12
           DelSqG =  6.4077892413E+08
           DelSqK = -2.4417929368E+10
           Stress_EigVals = -8.0789762132E+04 -8.0788939393E+04 -8.0788110013E+04
           Stress_EigVec1 =  5.5129437377E-01  6.5870005032E-01  5.1204370629E-01
           Stress_EigVec2 =  4.0547730449E-01 -7.4791097942E-01  5.2556381383E-01
           Stress_EigVec3 =  7.2915202050E-01 -8.2118271810E-02 -6.7940703591E-01
           -DivStress =  9.4896002431E+03 -1.9676107526E+04  1.2645028102E+04
           ESP =  -1.4632855373E+01     ESP at Nucleus =  -1.4632855424E+01
           ESPe = -3.1099367913E+01     ESPe at Nucleus = -3.1099368286E+01
           ESPn =  1.6466512540E+01     ESPn at Nucleus =  1.6466512862E+01

CP# 9      Coords = -3.04293849890265E+00 -2.01689338451537E-01  6.15898995717909E-01
           Type = (3,-3) NACP C9
           Rho =  1.2217009676E+02     Rho at Nucleus =  1.2217009620E+02
           GradRho = -4.7414017157E-11 -7.0901617910E-13 -6.1549654262E-12
           HessRho_EigVals = -3.2294745840E+05 -3.2294467756E+05 -3.2294334778E+05
           HessRho_EigVec1 =  5.6100745174E-01  5.2006457261E-01 -6.4405238872E-01
           HessRho_EigVec2 =  6.8465210563E-01  1.4583420152E-01  7.1413155645E-01
           HessRho_EigVec3 = -4.6531938854E-01  8.4158494876E-01  2.7424923093E-01
           DelSqRho = -9.6883548375E+05
           Bond Ellipticity = NA
           V = -2.4222513605E+05
           G =  8.1325564280E+00
           K =  2.4221700349E+05
           L =  2.4220887094E+05
           Vnuc =  3.2274315183E+06
           Ven = -3.9429562087E+08
           Vrep =  3.9405339574E+08
           DelSqV =  2.3763249793E+10
           DelSqVen =  3.1268502241E+12
           DelSqVrep = -3.1030869743E+12
           DelSqG =  6.4038180138E+08
           DelSqK = -2.4403631594E+10
           Stress_EigVals = -8.0742360849E+04 -8.0741874179E+04 -8.0740901023E+04
           Stress_EigVec1 = -3.4366000240E-01  8.5346560237E-01  3.9178344570E-01
           Stress_EigVec2 =  7.5504579331E-01  3.0468173241E-03  6.5566498069E-01
           Stress_EigVec3 =  5.5839381511E-01  5.2114027140E-01 -6.4545268206E-01
           -DivStress =  7.9745036350E+03  5.3863382464E+03  1.0909377741E+04
           ESP =  -1.4656335683E+01     ESP at Nucleus =  -1.4656335701E+01
           ESPe = -3.0409035069E+01     ESPe at Nucleus = -3.0409035943E+01
           ESPn =  1.5752699386E+01     ESPn at Nucleus =  1.5752700242E+01

CP# 10     Coords =  8.59448776282859E-01 -1.61056537677034E+00 -2.65739594139816E+00
           Type = (3,-3) NACP H10
           Rho =  4.3706683767E-01     Rho at Nucleus =  4.3362915571E-01
           GradRho =  4.1366649689E-15  2.2013640910E-15  1.5798126696E-14
           HessRho_EigVals = -8.8028958364E+00 -8.7966649761E+00 -8.0683746207E+00
           HessRho_EigVec1 = -4.7409894788E-01  8.7915785636E-01  4.8079634135E-02
           HessRho_EigVec2 =  8.3572691444E-01  4.6652069028E-01 -2.8968771121E-01
           HessRho_EigVec3 =  2.7711137130E-01  9.7159194813E-02  9.5591285103E-01
           DelSqRho = -2.5667935433E+01
           Bond Ellipticity = NA
           V = -6.4315758464E+00
           G =  7.2959940609E-03
           K =  6.4242798524E+00
           L =  6.4169838583E+00
           Vnuc =  5.0357839234E+01
           Ven = -2.2009741546E+01
           Vrep =  1.5578165700E+01
           DelSqV =  1.6678780313E+03
           DelSqVen =  1.2925817660E+03
           DelSqVrep =  3.7529626528E+02
           DelSqG =  1.2622542104E+02
           DelSqK = -1.7941034523E+03
           Stress_EigVals = -2.2055342834E+00 -2.2051011306E+00 -2.0209404324E+00
           Stress_EigVec1 = -1.0952904361E-01  9.9166988929E-01 -6.7780670418E-02
           Stress_EigVec2 =  9.5446920765E-01  8.5894306920E-02 -2.8567586474E-01
           Stress_EigVec3 =  2.7747417945E-01  9.5984367034E-02  9.5592629477E-01
           -DivStress = -4.3169419126E+00 -1.5014050468E+00 -1.4893654191E+01
           ESP =  -1.0886893318E+00     ESP at Nucleus =  -1.0899192668E+00
           ESPe = -1.6646874826E+01     ESPe at Nucleus = -1.6565865018E+01
           ESPn =  1.5558185494E+01     ESPn at Nucleus =  1.5475945751E+01

CP# 11     Coords = -1.38773686820402E+00 -3.93287524248293E+00  6.64090582682283E-01
           Type = (3,-3) NACP H11
           Rho =  4.3098637008E-01     Rho at Nucleus =  4.2763692403E-01
           GradRho =  3.5303791140E-15  1.1613973672E-14  1.6783449630E-15
           HessRho_EigVals = -8.6907244418E+00 -8.6888930334E+00 -7.9788551681E+00
           HessRho_EigVec1 =  8.2704714288E-01 -1.3063478150E-01 -5.4674269755E-01
           HessRho_EigVec2 =  5.0234367796E-01 -2.6474323257E-01  8.2314145202E-01
           HessRho_EigVec3 =  2.5227733286E-01  9.5542952366E-01  1.5333157749E-01
           DelSqRho = -2.5358472643E+01
           Bond Ellipticity = NA
           V = -6.3553224730E+00
           G =  7.8521560683E-03
           K =  6.3474703169E+00
           L =  6.3396181608E+00
           Vnuc =  4.9451346139E+01
           Ven = -2.1312856168E+01
           Vrep =  1.4957533695E+01
           DelSqV =  1.6491992818E+03
           DelSqVen =  1.2540106082E+03
           DelSqVrep =  3.9518867359E+02
           DelSqG =  1.2495699047E+02
           DelSqK = -1.7741562723E+03
           Stress_EigVals = -2.1787164748E+00 -2.1782178388E+00 -1.9983881593E+00
           Stress_EigVec1 = -5.8081732620E-01  2.2326688208E-02  8.1372768945E-01
           Stress_EigVec2 =  7.7393588076E-01 -2.9472254824E-01  5.6050144695E-01
           Stress_EigVec3 =  2.5233803925E-01  9.5532200778E-01  1.5390053734E-01
           -DivStress = -3.7216079412E+00 -1.4655227436E+01 -2.2678595835E+00
           ESP =  -1.0898669329E+00     ESP at Nucleus =  -1.0910805537E+00
           ESPe = -1.5490348059E+01     ESPe at Nucleus = -1.5409398337E+01
           ESPn =  1.4400481126E+01     ESPn at Nucleus =  1.4318317783E+01

CP# 12     Coords = -2.59198693807098E-01 -1.82185906178263E+00  2.94323010190043E+00
           Type = (3,-3) NACP H12
           Rho =  4.2963357618E-01     Rho at Nucleus =  4.2618776708E-01
           GradRho = -5.7731597281E-15 -1.9081958236E-15 -1.8744120839E-14
           HessRho_EigVals = -8.6619163945E+00 -8.6591028299E+00 -7.9355075703E+00
           HessRho_EigVec1 = -4.9776882536E-01  8.6455876650E-01  6.9024168028E-02
           HessRho_EigVec2 =  8.1974854043E-01  4.9497236516E-01 -2.8812269642E-01
           HessRho_EigVec3 =  2.8326405872E-01  8.6836035163E-02  9.5510259974E-01
           DelSqRho = -2.5256526795E+01
           Bond Ellipticity = NA
           V = -6.3292399730E+00
           G =  7.5541371477E-03
           K =  6.3216858358E+00
           L =  6.3141316987E+00
           Vnuc =  4.9606986165E+01
           Ven = -2.1312826869E+01
           Vrep =  1.4983586896E+01
           DelSqV =  1.6410229298E+03
           DelSqVen =  1.2529001753E+03
           DelSqVrep =  3.8812275454E+02
           DelSqG =  1.2434672069E+02
           DelSqK = -1.7653696505E+03
           Stress_EigVals = -2.1710309194E+00 -2.1707285140E+00 -1.9874805396E+00
           Stress_EigVec1 = -2.4047299904E-01  9.7049861846E-01 -1.7469067115E-02
           Stress_EigVec2 =  9.2845232710E-01  2.2473098971E-01 -2.9575709386E-01
           Stress_EigVec3 =  2.8310601024E-01  8.7340791363E-02  9.5510343583E-01
           -DivStress =  4.3157434065E+00  1.4070346368E+00  1.4797057580E+01
           ESP =  -1.0950208184E+00     ESP at Nucleus =  -1.0962536219E+00
           ESPe = -1.6220438914E+01     ESPe at Nucleus = -1.6143222192E+01
           ESPn =  1.5125418096E+01     ESPn at Nucleus =  1.5046968570E+01

CP# 13     Coords =  4.11777225958213E+00 -2.82612954024214E+00  1.54398042378983E+00
           Type = (3,-3) NACP H13
           Rho =  4.2614203082E-01     Rho at Nucleus =  4.2079637052E-01
           GradRho = -1.1752751550E-16  8.4405139128E-16 -9.1940344227E-16
           HessRho_EigVals = -8.5031647751E+00 -8.4865973076E+00 -7.3949527650E+00
           HessRho_EigVec1 = -8.8272507060E-01  3.7045997910E-01  2.8906029409E-01
           HessRho_EigVec2 =  2.8306580000E-01  9.1025738160E-01 -3.0216758945E-01
           HessRho_EigVec3 =  3.7506026530E-01  1.8490782334E-01  9.0837156179E-01
           DelSqRho = -2.4384714848E+01
           Bond Ellipticity = NA
           V = -6.1311480331E+00
           G =  1.7484660575E-02
           K =  6.1136633725E+00
           L =  6.0961787119E+00
           Vnuc =  4.1134018168E+01
           Ven = -1.7528934038E+01
           Vrep =  1.1397786005E+01
           DelSqV =  1.5596101831E+03
           DelSqVen =  1.0030413036E+03
           DelSqVrep =  5.5656887957E+02
           DelSqG =  1.1753270605E+02
           DelSqK = -1.6771428892E+03
           Stress_EigVals = -2.1399432427E+00 -2.1353262385E+00 -1.8558785519E+00
           Stress_EigVec1 =  2.7013537780E-01  9.1792343615E-01 -2.9059153985E-01
           Stress_EigVec2 =  8.8750106453E-01 -3.5441469045E-01 -2.9450311993E-01
           Stress_EigVec3 =  3.7332122645E-01  1.7834458939E-01  9.1039797304E-01
           -DivStress =  7.1485047482E+00  3.3744204569E+00  1.7417249945E+01
           ESP =  -1.0490411153E+00     ESP at Nucleus =  -1.0511448613E+00
           ESPe = -1.5155882966E+01     ESPe at Nucleus = -1.5057281578E+01
           ESPn =  1.4106841851E+01     ESPn at Nucleus =  1.4006136717E+01

CP# 14     Coords =  4.83691860700535E+00 -2.98933878496508E+00 -1.37279989061236E+00
           Type = (3,-3) NACP H14
           Rho =  4.3030814182E-01     Rho at Nucleus =  4.2501572267E-01
           GradRho = -6.4458681448E-13 -6.8268307674E-14  5.4912151215E-13
           HessRho_EigVals = -8.5854458731E+00 -8.5670735325E+00 -7.4812106168E+00
           HessRho_EigVec1 =  6.3498777480E-01 -3.1471339395E-01  7.0551116612E-01
           HessRho_EigVec2 =  1.3843697913E-01  9.4482994118E-01  2.9686964321E-01
           HessRho_EigVec3 =  7.6001692656E-01  9.0839759564E-02 -6.4352343346E-01
           DelSqRho = -2.4633730022E+01
           Bond Ellipticity = NA
           V = -6.1940788214E+00
           G =  1.7823157927E-02
           K =  6.1762556635E+00
           L =  6.1584325056E+00
           Vnuc =  4.0641517957E+01
           Ven = -1.7488376073E+01
           Vrep =  1.1294297251E+01
           DelSqV =  1.5768496306E+03
           DelSqVen =  1.0011521811E+03
           DelSqVrep =  5.7569744954E+02
           DelSqG =  1.1877490531E+02
           DelSqK = -1.6956245359E+03
           Stress_EigVals = -2.1606294587E+00 -2.1561452485E+00 -1.8773041143E+00
           Stress_EigVec1 =  1.4748825672E-01  9.4367030968E-01  2.9619851581E-01
           Stress_EigVec2 =  6.3378417281E-01 -3.2008200137E-01  7.0417692002E-01
           Stress_EigVec3 =  7.5931866592E-01  8.3868104973E-02 -6.4529164302E-01
           -DivStress =  1.4537305504E+01  1.4553548862E+00 -1.2338593708E+01
           ESP =  -1.0463817867E+00     ESP at Nucleus =  -1.0484773457E+00
           ESPe = -1.4382851120E+01     ESPe at Nucleus = -1.4275196001E+01
           ESPn =  1.3336469334E+01     ESPn at Nucleus =  1.3226718655E+01

CP# 15     Coords = -4.41687702928908E+00 -2.36352453426752E+00 -2.30981632262882E+00
           Type = (3,-3) NACP H15
           Rho =  4.2392115786E-01     Rho at Nucleus =  4.1795930630E-01
           GradRho = -2.5157827210E-15  1.2620113288E-16 -6.9041994344E-16
           HessRho_EigVals = -8.4141180969E+00 -8.3904791762E+00 -7.2055497718E+00
           HessRho_EigVec1 =  7.9651985226E-01 -2.5286971601E-01  5.4919307323E-01
           HessRho_EigVec2 = -5.9317218401E-01 -5.0269268212E-01  6.2884563087E-01
           HessRho_EigVec3 = -1.1705932289E-01  8.2665408368E-01  5.5039998261E-01
           DelSqRho = -2.4010147045E+01
           Bond Ellipticity = NA
           V = -6.0372974314E+00
           G =  1.7380335099E-02
           K =  6.0199170963E+00
           L =  6.0025367612E+00
           Vnuc =  3.8907649826E+01
           Ven = -1.6493775964E+01
           Vrep =  1.0456478533E+01
           DelSqV =  1.5257793058E+03
           DelSqVen =  9.3417839351E+02
           DelSqVrep =  5.9160091229E+02
           DelSqG =  1.1464990173E+02
           DelSqK = -1.6404292075E+03
           Stress_EigVals = -2.1182849265E+00 -2.1121415606E+00 -1.8068709444E+00
           Stress_EigVec1 =  5.8525584081E-01  5.0486210317E-01 -6.3449969077E-01
           Stress_EigVec2 =  8.0236990545E-01 -2.4772332385E-01  5.4298774355E-01
           Stress_EigVec3 = -1.1695356183E-01  8.2689020529E-01  5.5006768018E-01
           -DivStress =  2.3245361869E+00 -1.6594388431E+01 -1.1040783354E+01
           ESP =  -9.9696775303E-01     ESP at Nucleus =  -9.9933742976E-01
           ESPe = -1.4542765151E+01     ESPe at Nucleus = -1.4431286302E+01
           ESPn =  1.3545797398E+01     ESPn at Nucleus =  1.3431948872E+01

CP# 16     Coords = -6.03822412438783E+00  3.36385080402899E-01 -1.69899394325099E+00
           Type = (3,-3) NACP H16
           Rho =  4.1950629770E-01     Rho at Nucleus =  4.1352496302E-01
           GradRho =  5.4489212621E-12 -4.6114631211E-12  1.5319715982E-12
           HessRho_EigVals = -8.3347058407E+00 -8.3122908745E+00 -7.1244743107E+00
           HessRho_EigVec1 =  2.9607458282E-01  6.0231197054E-01  7.4132323014E-01
           HessRho_EigVec2 =  5.9492290141E-01  4.9090647385E-01 -6.3645704907E-01
           HessRho_EigVec3 =  7.4726607229E-01 -6.2946892224E-01  2.1298425562E-01
           DelSqRho = -2.3771471026E+01
           Bond Ellipticity = NA
           V = -5.9757504240E+00
           G =  1.6441333763E-02
           K =  5.9593090902E+00
           L =  5.9428677565E+00
           Vnuc =  3.8210841479E+01
           Ven = -1.6029688641E+01
           Vrep =  1.0053938217E+01
           DelSqV =  1.5095905654E+03
           DelSqVen =  9.0832791110E+02
           DelSqVrep =  6.0126265428E+02
           DelSqG =  1.1354816846E+02
           DelSqK = -1.6231387338E+03
           Stress_EigVals = -2.0972921853E+00 -2.0917280544E+00 -1.7867301843E+00
           Stress_EigVec1 = -5.9469506537E-01 -4.9105642120E-01  6.3655429495E-01
           Stress_EigVec2 =  2.9682129743E-01  6.0173168484E-01  7.4149585087E-01
           Stress_EigVec3 =  7.4715118725E-01 -6.2990679522E-01  2.1209085960E-01
           -DivStress = -1.4922240698E+01  1.2650900121E+01 -4.1768365167E+00
