AIMSum (Version 17.01.25, Professional)
Copyright (c) 1997-2017 by Todd A. Keith
AIMSum is a component of the AIMAll package ( http://aim.tkgristmill.com )

TP:  64-bit Linux

Licensed To:  Research Group of Fernando Cortes Guzman, UNAM, fercor@unam.mx

Much of the Quantum Theory of Atoms in Molecules (QTAIM) is described in the book:
  "Atoms in Molecules - A Quantum Theory"
  R.F.W. Bader, Oxford University Press, Oxford, 1990

For additional references see:  http://aim.tkgristmill.com/references.html

Wfn File:  /home/alejandro/wd/aimqb_inps/aspargine_b3lyp_def2TZVP.wfn
Sum File:  /home/alejandro/wd/aimqb_inps/aspargine_b3lyp_def2TZVP.sum

SumViz File:  /home/alejandro/wd/aimqb_inps/aspargine_b3lyp_def2TZVP.sumviz

Wfn Title:   opt aspargine M062X def2TZVP                                                  
 
Total memory allocated for AIMSum =        0.869 Megabytes

Atomic units (a.u.) used throughout, except where stated otherwise

Model:  Restricted SCF
 
Restricted, closed-shell, single-determinant wavefunction.
  Number of electrons (from MO Occs)                   =          70.0000000000
  Number of Alpha electrons (from MO Occs)             =          35.0000000000
  Number of Beta electrons (from MO Occs)              =          35.0000000000
  Number of electron pairs (N*(N-1)/2)                 =        2415.0000000000
  Number of electron pairs (from Muller 2EDM)          =        2415.0000000000
 
Nuclear Charges and Cartesian Coordinates:
-------------------------------------------------------------------------------
Atom      Charge                X                  Y                  Z
-------------------------------------------------------------------------------
O1         8.0           9.8263318000E-01   2.9133845700E+00  -1.8245214100E+00
O2         8.0           3.7164252900E+00   1.9824949400E+00   1.2675105200E+00
O3         8.0          -3.3128112300E+00   1.6833832900E+00   1.8830620300E+00
N4         7.0           3.4166007300E+00  -3.2043812900E+00  -1.6201061000E-01
N5         7.0          -4.6436427200E+00  -8.2734509000E-01  -1.2920146400E+00
C6         6.0           1.4198770500E+00  -1.4150158100E+00  -7.1190815000E-01
C7         6.0          -8.4966959000E-01  -2.0042770400E+00   1.0082590800E+00
C8         6.0           2.2056119600E+00   1.3210917900E+00  -2.8249303000E-01
C9         6.0          -3.0429374800E+00  -2.0168865000E-01   6.1590039000E-01
H10        1.0           8.5148688000E-01  -1.6133311300E+00  -2.6848679600E+00
H11        1.0          -1.3946777100E+00  -3.9602229100E+00   6.5986107000E-01
H12        1.0          -2.5111506000E-01  -1.8192200800E+00   2.9709564200E+00
H13        1.0           4.1316040600E+00  -2.8195836700E+00   1.5776674800E+00
H14        1.0           4.8647610100E+00  -2.9865405900E+00  -1.3964268700E+00
H15        1.0          -4.4123072900E+00  -2.3961315600E+00  -2.3315089200E+00
H16        1.0          -6.0678344600E+00   3.6149724000E-01  -1.7072783100E+00
H17        1.0           1.3801068800E+00   4.6208532200E+00  -1.2971850700E+00
 
Some Atomic Properties:
----------------------
  q(A) = Net Charge of Atom A
  L(A) = Lagrangian of Atom A = -(1/4) Times Atomic Integral of the Laplacian of the Electron Density
  K(A) = Electronic Kinetic Energy of Atom A (Hamiltonian Form)
  K_Scaled(A) = K(A) * E(Mol)/K(Mol) = Approximation to Virial-Based Total Energy of Atom A.
  |Mu_Intra(A)| = Magnitude of Intraatomic Dipole Moment of Atom A
--------------------------------------------------------------------------------------------------
Atom A          q(A)              L(A)              K(A)          K_Scaled(A)      |Mu_Intra(A)|
--------------------------------------------------------------------------------------------------
O1       -1.1237931043E+00  2.6464128983E-05  7.5595454308E+01 -7.5915614664E+01  2.3960305706E-01
O2       -1.1998262798E+00  4.0741003656E-05  7.5687203876E+01 -7.6007752808E+01  4.8581573567E-01
O3       -1.1948109682E+00  8.1315747358E-06  7.5647333450E+01 -7.5967713523E+01  4.2845877612E-01
N4       -9.9221364760E-01  2.0106115509E-04  5.4903659868E+01 -5.5136186750E+01  2.8283608550E-01
N5       -1.1637651303E+00  1.6137492706E-04  5.5115199254E+01 -5.5348622044E+01  8.9960258967E-02
C6        3.8675191170E-01 -6.7711646852E-05  3.7681451436E+01 -3.7841039165E+01  3.8625007139E-01
C7        1.1879405000E-02 -2.6696854573E-04  3.7898966234E+01 -3.8059475177E+01  7.9424783635E-02
C8        1.5839634918E+00  1.0448481647E-05  3.6944322326E+01 -3.7100788181E+01  8.2605864037E-01
C9        1.4734446639E+00  6.2651245403E-04  3.7009668897E+01 -3.7166411506E+01  7.4330748244E-01
H10       2.5360666000E-02  4.9387164853E-05  6.2359691891E-01 -6.2623796411E-01  1.4687227116E-01
H11       2.5065804270E-02  2.6904254249E-05  6.1485280468E-01 -6.1745681698E-01  1.5193190939E-01
H12       4.6551987840E-02  2.8995999666E-05  6.0724869428E-01 -6.0982050181E-01  1.4621298789E-01
H13       3.5939297855E-01  3.5953462464E-05  4.8465921268E-01 -4.8671183168E-01  1.8449466981E-01
H14       3.4316505175E-01  2.8824184842E-05  4.9355517003E-01 -4.9564546502E-01  1.9075489637E-01
H15       4.0379080507E-01  3.5141951866E-05  4.6189217787E-01 -4.6384837438E-01  1.7413220321E-01
H16       4.1828586420E-01  2.2752563199E-05  4.5206155202E-01 -4.5397611407E-01  1.7204290677E-01
H17       5.9748213861E-01  2.2489090454E-05  3.5807150539E-01 -3.5958800267E-01  1.5653739457E-01
--------------------------------------------------------------------------------------------------
Total     7.2563849000E-04  9.9050220421E-04  4.9057919768E+02 -4.9265688889E+02
 
Molecular charge q(Mol) from the wfn file:   0.0000000000E+00
Molecular energy E(Mol) from the wfn file:  -4.9265676068E+02
Molecular virial ratio (-V(Mol)/T(Mol)) from the wfn file:   2.0042351800E+00
Note.  K_Scaled(A) = (1+V(Mol)/T(Mol))*K(A) = (E(Mol)/T(Mol))*K(A)
       Only use K_Scaled(A) data with caution.
 
N_AIMInt(SumA)     =         69.999274
N_Analytic(Mol)    =         69.999992
 
G_AIMInt(SumA)     =        490.578207
G_Analytic(Mol)    =        490.579055
 
K_AIMInt(SumA)     =        490.579198
K_Analytic(Mol)    =        490.579055
 
L_AIMInt(SumA)     =          0.000991
L_Analytic(Mol)    =          0.000000
 
VenT_AIMInt(SumA)  =      -2111.809899
VenT_Analytic(Mol) =      -2111.820445
 
Some Information About the Atomic Calculations:
----------------------------------------------
  Time(sec) = "Elapsed User Time", in Seconds, for Atom A by AIMInt and, if used, by TWOe
  NProc = Number of Processors Used for AIMInt Job
  BIM = Basin Integration Method
  OAQ = Angular Quadrature Outside of Beta Sphere
  ORQ = Multiple of Default for Radial Quadrature Outside of Beta Sphere
  IAQ = Multiple of Default for Angular Quadrature Inside of Beta Sphere
  IRQ = Multiple of Default for Radial Quadrature Inside of Beta Sphere
  MIR = Maximum Integration Radius
------------------------------------------------------------------------------------------------------
Atom A     Time(sec)   NProc      BIM              OAQ                 ORQ      IAQ      IRQ      MIR
------------------------------------------------------------------------------------------------------
O1             64       16     Proaim(5)    4334      (Very High)      1.00     1.00     1.00    13.00
O2             39       16     Proaim(5)    3074      (Very High)      1.00     1.00     1.00    13.00
O3             31       16     Proaim(5)    3074      (Very High)      1.00     1.00     1.00    13.00
N4             49       16     Proaim(5)    4334      (Very High)      1.00     1.00     1.00    13.00
N5             37       16     Proaim(5)    4334      (Very High)      1.00     1.00     1.00    13.00
C6            162       16     Proaim(5)    4334      (Very High)      1.00     1.00     1.00    13.00
C7            137       16     Proaim(5)    4334      (Very High)      1.00     1.00     1.00    13.00
C8            109       16     Proaim(5)    4334      (Very High)      1.00     1.00     1.00    13.00
C9             93       16     Proaim(5)    4334      (Very High)      1.00     1.00     1.00    13.00
H10            12       16     Proaim(5)    2030      (Very High)      1.00     1.00     1.00    13.00
H11            19       16     Proaim(5)    2030      (Very High)      1.00     1.00     1.00    13.00
H12            18       16     Proaim(5)    2030      (Very High)      1.00     1.00     1.00    13.00
H13            11       16     Proaim(5)    2030      (Very High)      1.00     1.00     1.00    13.00
H14            14       16     Proaim(5)    2030      (Very High)      1.00     1.00     1.00    13.00
H15             9       16     Proaim(5)    2030      (Very High)      1.00     1.00     1.00    13.00
H16             9       16     Proaim(5)    2030      (Very High)      1.00     1.00     1.00    13.00
H17            14       16     Proaim(5)    2030      (Very High)      1.00     1.00     1.00    13.00
------------------------------------------------------------------------------------------------------
Total         827
Note:  Total wall clock time is less than total of atomic times if more than one atom
       was calculated at a time
 
Electron Density Critical Point Analysis of Molecular Structure:               
---------------------------------------------------------------                
  NACP = Nuclear Attractor Critical Point                                      
  NNACP = Non-Nuclear Attractor Critical Point                                 
  BCP = Bond Critical Point                                                    
  RCP = Ring Critical Point                                                    
  CCP = Cage Critical Point                                                    
  Rho = Electron Density                                                       
  GradRho = Gradient of Electron Density                                       
  HessRho_EigVals = Eigenvalues of the Hessian of Rho, Ascending Order         
  HessRho_EigVecs = Eigenvectors of the Hessian of Rho                         
  DelSqRho = Laplacian of Rho = Trace of Hessian of Rho                        
  Bond Ellipticity = (HessRho_EigVal(1) / HessRho_EigVal(2)) - 1               
  V = Virial Field = Potential Energy Density = Trace of Stress Tensor         
  G = Lagrangian Form of Kinetic Energy Density                                
  K = Hamiltonian Form of Kinetic Energy Density                               
  L = K - G = Lagrangian Density = (-1/4)DelSqRho                              
  Vnuc = Electrostatic Potential from Nuclei                                   
  Ven = Electron-nuclear attractive contribution to Virial Field V             
  Vrep = V - Ven = Repulsive contribution to Virial Field V                    
  DelSqV = Laplacian of V                                                      
  DelSqVen = Laplacian of Ven                                                  
  DelSqVrep = Laplacian of Vrep                                                
  DelSqG = Laplacian of G                                                      
  DelSqK = Laplacian of K                                                      
  Stress_EigVals = Eigenvalues of Stress Tensor, Ascending Order               
  Stress_EigVecs = Eigenvectors of Stress Tensor                               
  -DivStress = Ehrenfest Force Density = Minus Divergence of Stress Tensor     
  ESP = Total Electrostatic Potential                                          
  ESPe = Electrostatic Potential from Electrons                                
  ESPn = Electrostatic Potential from Nuclei                                   
  BP = Bond Path                                                               
  BPL = Bond Path Length                                                       
  GBL = Geometric Bond Length                                                  
  GBL_I = Distance Between Nuclear Attractors                                  
  GBL_II = Distance Between Nuclei                                             
  GBL_III = Sum of Distances Between BCP and Nuclear Attractors                
  GBL_IV = Sum of Distances Between BCP and Nuclei                             

CP# 1      Coords =  9.82636582850892E-01  2.91338592745412E+00 -1.82451725465741E+00
           Type = (3,-3) NACP O1
           Rho =  3.0141364379E+02     Rho at Nucleus =  3.0141362075E+02
           GradRho =  4.0040859517E-11  2.4472268656E-10  1.0671463713E-11
           HessRho_EigVals = -1.5014959991E+06 -1.5014706854E+06 -1.5014627266E+06
           HessRho_EigVec1 = -1.6038320272E-01  9.6748602950E-01 -1.9557098713E-01
           HessRho_EigVec2 =  5.1895703446E-01  2.5119235752E-01  8.1705935886E-01
           HessRho_EigVec3 =  8.3961945229E-01  2.9549657278E-02 -5.4237071555E-01
           DelSqRho = -4.5044294111E+06
           Bond Ellipticity = NA
           V = -1.1262613731E+06
           G =  7.7010149175E+01
           K =  1.1261843629E+06
           L =  1.1261073528E+06
           Vnuc =  1.4441184050E+06
           Ven = -4.3527699051E+08
           Vrep =  4.3415072914E+08
           DelSqV =  2.1949312929E+11
           DelSqVen =  6.5049294111E+12
           DelSqVrep = -6.2854362818E+12
           DelSqG =  5.6115473357E+09
           DelSqK = -2.2510467663E+11
           Stress_EigVals = -3.7542393686E+05 -3.7542120888E+05 -3.7541622734E+05
           Stress_EigVec1 =  8.2153958664E-01  2.1594667967E-02 -5.6974237854E-01
           Stress_EigVec2 =  5.4547106344E-01  2.6105662870E-01  7.9643628469E-01
           Stress_EigVec3 = -1.6593380169E-01  9.6508191721E-01 -2.0268908833E-01
           -DivStress = -2.4608456008E+05 -9.8193825235E+04 -3.0050654071E+05
           ESP =  -2.2308939107E+01     ESP at Nucleus =  -2.2308939334E+01
           ESPe = -3.4997963043E+01     ESPe at Nucleus = -3.4997957808E+01
           ESPn =  1.2689023936E+01     ESPn at Nucleus =  1.2689018474E+01

CP# 2      Coords =  3.71642142766325E+00  1.98249338521792E+00  1.26750657534018E+00
           Type = (3,-3) NACP O2
           Rho =  3.0164939822E+02     Rho at Nucleus =  3.0164937350E+02
           GradRho = -3.2581048970E-11  1.1572331982E-10 -2.1882051726E-11
           HessRho_EigVals = -1.5027369645E+06 -1.5027302928E+06 -1.5027071769E+06
           HessRho_EigVec1 =  7.3999543948E-01 -7.7569811270E-02 -6.6812399593E-01
           HessRho_EigVec2 =  6.5751371569E-01  2.9270947077E-01  6.9425995089E-01
           HessRho_EigVec3 = -1.4171260789E-01  9.5304988857E-01 -2.6760688829E-01
           DelSqRho = -4.5081744342E+06
           Bond Ellipticity = NA
           V = -1.1271965631E+06
           G =  7.6477265561E+01
           K =  1.1271200858E+06
           L =  1.1270436086E+06
           Vnuc =  1.3948471685E+06
           Ven = -4.2075480897E+08
           Vrep =  4.1962761241E+08
           DelSqV =  2.1967545489E+11
           DelSqVen =  6.2882143468E+12
           DelSqVrep = -6.0685388919E+12
           DelSqG =  5.6165032908E+09
           DelSqK = -2.2529195818E+11
           Stress_EigVals = -3.7573675717E+05 -3.7573042711E+05 -3.7572937881E+05
           Stress_EigVec1 = -1.3981589999E-01  9.5381475698E-01 -2.6587388643E-01
           Stress_EigVec2 =  6.5148818753E-01  2.9081909987E-01  7.0070492553E-01
           Stress_EigVec3 =  7.4566390258E-01 -7.5244006591E-02 -6.6206018144E-01
           -DivStress =  2.7954685228E+05  1.1253017291E+05  2.8550342321E+05
           ESP =  -2.2371759591E+01     ESP at Nucleus =  -2.2371759798E+01
           ESPe = -3.4529031301E+01     ESPe at Nucleus = -3.4529017606E+01
           ESPn =  1.2157271710E+01     ESPn at Nucleus =  1.2157257808E+01

CP# 3      Coords = -3.31281070417520E+00  1.68337862147649E+00  1.88305871752208E+00
           Type = (3,-3) NACP O3
           Rho =  3.0161136908E+02     Rho at Nucleus =  3.0161134426E+02
           GradRho = -4.7238657430E-11 -1.3551115785E-10 -5.9863225488E-12
           HessRho_EigVals = -1.5025419155E+06 -1.5025383733E+06 -1.5025117195E+06
           HessRho_EigVec1 =  5.7480018309E-01  4.8873850962E-01 -6.5630741176E-01
           HessRho_EigVec2 = -8.8171855218E-02  8.3436592343E-01  5.4411325086E-01
           HessRho_EigVec3 =  8.1352963896E-01 -2.5488855413E-01  5.2268666666E-01
           DelSqRho = -4.5075920083E+06
           Bond Ellipticity = NA
           V = -1.1270509305E+06
           G =  7.6464227856E+01
           K =  1.1269744663E+06
           L =  1.1268980021E+06
           Vnuc =  1.3917035352E+06
           Ven = -4.1975360863E+08
           Vrep =  4.1862655769E+08
           DelSqV =  2.1964710707E+11
           DelSqVen =  6.2732317347E+12
           DelSqVrep = -6.0535846277E+12
           DelSqG =  5.6157576297E+09
           DelSqK = -2.2526286470E+11
           Stress_EigVals = -3.7568854625E+05 -3.7568131892E+05 -3.7568106535E+05
           Stress_EigVec1 =  8.1398047369E-01 -2.5754580401E-01  5.2067835301E-01
           Stress_EigVec2 = -2.6287714429E-02  8.7909247689E-01  4.7592580635E-01
           Stress_EigVec3 =  5.8029711745E-01  4.0108175714E-01 -7.0879382021E-01
           -DivStress = -3.8054462873E+04  3.3784838379E+05  2.3971700914E+05
           ESP =  -2.2398679085E+01     ESP at Nucleus =  -2.2398679294E+01
           ESPe = -3.4562101621E+01     ESPe at Nucleus = -3.4562089350E+01
           ESPn =  1.2163422536E+01     ESPn at Nucleus =  1.2163410057E+01

CP# 4      Coords =  3.41660224549409E+00 -3.20437538915960E+00 -1.62010602134855E-01
           Type = (3,-3) NACP N4
           Rho =  1.9815553698E+02     Rho at Nucleus =  1.9815552329E+02
           GradRho = -1.6365020450E-10 -1.3643175478E-10  8.8404700227E-12
           HessRho_EigVals = -7.3742629292E+05 -7.3742414177E+05 -7.3740952598E+05
           HessRho_EigVec1 =  8.9926940318E-01 -3.9932317001E-01  1.7848122144E-01
           HessRho_EigVec2 = -1.8894122631E-01  1.3375546448E-02  9.8189730001E-01
           HessRho_EigVec3 =  3.9448162633E-01  9.1671265981E-01  6.3420389765E-02
           DelSqRho = -2.2122599607E+06
           Bond Ellipticity = NA
           V = -5.5312271069E+05
           G =  2.8860261047E+01
           K =  5.5309385043E+05
           L =  5.5306499017E+05
           Vnuc =  1.1489944195E+06
           Ven = -2.2767960617E+08
           Vrep =  2.2712648346E+08
           DelSqV =  7.8758594359E+10
           DelSqVen =  2.5418743450E+12
           DelSqVrep = -2.4631157506E+12
           DelSqG =  2.0587630540E+09
           DelSqK = -8.0817357413E+10
           Stress_EigVals = -1.8437635111E+05 -1.8437347575E+05 -1.8437288382E+05
           Stress_EigVec1 =  4.2083412062E-01  9.0383881428E-01  7.7291918939E-02
           Stress_EigVec2 = -2.0886175945E-01  1.3626582075E-02  9.7785023480E-01
           Stress_EigVec3 =  8.8276577209E-01 -4.2765606984E-01  1.9451189569E-01
           -DivStress = -3.9335245669E+04 -1.5307237485E+05 -2.0680030301E+02
           ESP =  -1.8397674356E+01     ESP at Nucleus =  -1.8397674546E+01
           ESPe = -3.0480215663E+01     ESPe at Nucleus = -3.0480208302E+01
           ESPn =  1.2082541307E+01     ESPn at Nucleus =  1.2082533755E+01

CP# 5      Coords = -4.64364263504816E+00 -8.27345225813779E-01 -1.29201495606186E+00
           Type = (3,-3) NACP N5
           Rho =  1.9792155454E+02     Rho at Nucleus =  1.9792155449E+02
           GradRho = -1.1355388851E-10 -1.4724069186E-10 -4.2838887993E-10
           HessRho_EigVals = -7.3647664522E+05 -7.3647644375E+05 -7.3646349692E+05
           HessRho_EigVec1 =  2.9647771379E-01  5.9929645851E-01  7.4360252826E-01
           HessRho_EigVec2 =  7.5427729564E-01 -6.2451869427E-01  2.0258865167E-01
           HessRho_EigVec3 =  5.8580434149E-01  5.0081948377E-01 -6.3719158671E-01
           DelSqRho = -2.2094165859E+06
           Bond Ellipticity = NA
           V = -5.5241382304E+05
           G =  2.9838282700E+01
           K =  5.5238398475E+05
           L =  5.5235414647E+05
           Vnuc =  1.9755013242E+07
           Ven = -3.9099429308E+09
           Vrep =  3.9093905170E+09
           DelSqV =  7.8657524021E+10
           DelSqVen =  4.3647051497E+13
           DelSqVrep = -4.3568393973E+13
           DelSqG =  2.0558952163E+09
           DelSqK = -8.0713419237E+10
           Stress_EigVals = -1.8413973904E+05 -1.8413705370E+05 -1.8413703030E+05
           Stress_EigVec1 =  5.8600997297E-01  5.0169871813E-01 -6.3631022922E-01
           Stress_EigVec2 =  7.2280438175E-01 -6.7859396828E-01  1.3062944517E-01
           Stress_EigVec3 =  3.6625965831E-01  5.3647797946E-01  7.6029286479E-01
           -DivStress = -2.1925150890E+03  3.5186215436E+03  8.1999676986E+03
           ESP =  -1.8359897279E+01     ESP at Nucleus =  -1.8359897282E+01
           ESPe = -3.0490700516E+01     ESPe at Nucleus = -3.0490700777E+01
           ESPn =  1.2130803237E+01     ESPn at Nucleus =  1.2130803495E+01

CP# 6      Coords =  1.41987787755993E+00 -1.41501620002933E+00 -7.11906965826127E-01
           Type = (3,-3) NACP C6
           Rho =  1.2190193910E+02     Rho at Nucleus =  1.2190193874E+02
           GradRho =  4.8644559492E-09 -2.2746116102E-09  7.0043797984E-09
           HessRho_EigVals = -3.2228009444E+05 -3.2227911712E+05 -3.2227833862E+05
           HessRho_EigVec1 = -6.6285323069E-01  7.4810463559E-01 -3.1065234019E-02
           HessRho_EigVec2 =  7.4175578090E-01  6.5043911715E-01 -1.6348491179E-01
           HessRho_EigVec3 =  1.0209777697E-01  1.3140931887E-01  9.8605660834E-01
           DelSqRho = -9.6683755017E+05
           Bond Ellipticity = NA
           V = -2.4172712256E+05
           G =  8.8675060758E+00
           K =  2.4171825505E+05
           L =  2.4170938754E+05
           Vnuc =  4.0096093266E+06
           Ven = -4.8877915194E+08
           Vrep =  4.8853742481E+08
           DelSqV =  2.3714468115E+10
           DelSqVen =  3.8766410138E+12
           DelSqVrep = -3.8529265784E+12
           DelSqG =  6.3916012110E+08
           DelSqK = -2.4353628236E+10
           Stress_EigVals = -8.0575930141E+04 -8.0575712337E+04 -8.0575480078E+04
           Stress_EigVec1 =  9.3847273227E-02  1.2076094173E-01  9.8823554088E-01
           Stress_EigVec2 =  7.5339818390E-01  6.4027730364E-01 -1.4978701863E-01
           Stress_EigVec3 = -6.5083320890E-01  7.5859196502E-01 -3.0892795133E-02
           -DivStress = -6.4643186050E+03  3.0490913449E+03 -9.2460198490E+03
           ESP =  -1.4709654930E+01     ESP at Nucleus =  -1.4709654937E+01
           ESPe = -3.0586649914E+01     ESPe at Nucleus = -3.0586649391E+01
           ESPn =  1.5876994984E+01     ESPn at Nucleus =  1.5876994454E+01

CP# 7      Coords = -8.49669509258153E-01 -2.00427636373048E+00  1.00825820359153E+00
           Type = (3,-3) NACP C7
           Rho =  1.2194035992E+02     Rho at Nucleus =  1.2194035972E+02
           GradRho =  2.5268181991E-10  2.2625470386E-09 -2.8391972107E-09
           HessRho_EigVals = -3.2237680259E+05 -3.2237639560E+05 -3.2237559201E+05
           HessRho_EigVec1 =  8.1156594612E-01  2.9743734978E-01 -5.0288342392E-01
           HessRho_EigVec2 = -5.3066848745E-01  7.3536195494E-01 -4.2146619277E-01
           HessRho_EigVec3 =  2.4444155032E-01  6.0891199543E-01  7.5463534922E-01
           DelSqRho = -9.6712879020E+05
           Bond Ellipticity = NA
           V = -2.4180035247E+05
           G =  9.0774607451E+00
           K =  2.4179127501E+05
           L =  2.4178219755E+05
           Vnuc =  5.4057461364E+06
           Ven = -6.5917862951E+08
           Vrep =  6.5893682916E+08
           DelSqV =  2.3721609662E+10
           DelSqVen =  5.2280525455E+12
           DelSqVrep = -5.2043309359E+12
           DelSqG =  6.3934622439E+08
           DelSqK = -2.4360955886E+10
           Stress_EigVals = -8.0600297216E+04 -8.0600081430E+04 -8.0599973825E+04
           Stress_EigVec1 =  2.4389300306E-01  6.1107898688E-01  7.5305954270E-01
           Stress_EigVec2 = -5.2518502475E-01  7.3601493333E-01 -4.2715653769E-01
           Stress_EigVec3 =  8.1528945341E-01  2.9131510382E-01 -5.0043842523E-01
           -DivStress = -6.3064111197E+02 -5.2801823421E+03  6.8440879003E+03
           ESP =  -1.4751974996E+01     ESP at Nucleus =  -1.4751974995E+01
           ESPe = -2.9737677616E+01     ESPe at Nucleus = -2.9737676053E+01
           ESPn =  1.4985702620E+01     ESPn at Nucleus =  1.4985701058E+01

CP# 8      Coords =  2.20561097418752E+00  1.32109452468002E+00 -2.82494449857738E-01
           Type = (3,-3) NACP C8
           Rho =  1.2219188998E+02     Rho at Nucleus =  1.2219188829E+02
           GradRho =  6.3160587871E-13  2.6823931965E-11 -6.7534866588E-13
           HessRho_EigVals = -3.2311353509E+05 -3.2311120728E+05 -3.2310858050E+05
           HessRho_EigVec1 =  7.2660320000E-01 -7.9087141550E-02 -6.8249030308E-01
           HessRho_EigVec2 =  4.8096380497E-01 -6.5081185449E-01  5.8746723173E-01
           HessRho_EigVec3 =  4.9063388393E-01  7.5510870349E-01  4.3484392355E-01
           DelSqRho = -9.6933332287E+05
           Bond Ellipticity = NA
           V = -2.4235039052E+05
           G =  8.5299021572E+00
           K =  2.4234186062E+05
           L =  2.4233333072E+05
           Vnuc =  1.8546355386E+06
           Ven = -2.2662142169E+08
           Vrep =  2.2637907130E+08
           DelSqV =  2.3775678300E+10
           DelSqVen =  1.7977600317E+12
           DelSqVrep = -1.7739843534E+12
           DelSqG =  6.4094392279E+08
           DelSqK = -2.4416622223E+10
           Stress_EigVals = -8.0784294787E+04 -8.0783445109E+04 -8.0782650626E+04
           Stress_EigVec1 =  5.3920183364E-01  6.8260552130E-01  4.9326573455E-01
           Stress_EigVec2 =  4.2292344757E-01 -7.2596579649E-01  5.4231855936E-01
           Stress_EigVec3 =  7.2828369479E-01 -8.3805516603E-02 -6.8013196903E-01
           -DivStress =  7.7180105618E+03 -2.1407564260E+04  1.1117321864E+04
           ESP =  -1.4643295290E+01     ESP at Nucleus =  -1.4643295347E+01
           ESPe = -3.1109807774E+01     ESPe at Nucleus = -3.1109808209E+01
           ESPn =  1.6466512484E+01     ESPn at Nucleus =  1.6466512862E+01

CP# 9      Coords = -3.04293863359538E+00 -2.01689037983955E-01  6.15899112134575E-01
           Type = (3,-3) NACP C9
           Rho =  1.2212219212E+02     Rho at Nucleus =  1.2212219162E+02
           GradRho =  1.3608891791E-11  1.3645404251E-12  5.5117299613E-12
           HessRho_EigVals = -3.2291826821E+05 -3.2291548076E+05 -3.2291410433E+05
           HessRho_EigVec1 =  5.5963540673E-01  5.2096383926E-01 -6.4451911508E-01
           HessRho_EigVec2 = -6.6631476171E-01 -1.7958821261E-01 -7.2372143275E-01
           HessRho_EigVec3 = -4.9278073203E-01  8.3447273896E-01  2.4662197401E-01
           DelSqRho = -9.6874785330E+05
           Bond Ellipticity = NA
           V = -2.4220419470E+05
           G =  8.6156849184E+00
           K =  2.4219557901E+05
           L =  2.4218696333E+05
           Vnuc =  3.3999791522E+06
           Ven = -4.1521290722E+08
           Vrep =  4.1497070303E+08
           DelSqV =  2.3761333110E+10
           DelSqVen =  3.2937225093E+12
           DelSqVrep = -3.2699611598E+12
           DelSqG =  6.4053343638E+08
           DelSqK = -2.4401866547E+10
           Stress_EigVals = -8.0735368958E+04 -8.0734888095E+04 -8.0733937642E+04
           Stress_EigVec1 = -3.8279481121E-01  8.5174038268E-01  3.5777989467E-01
           Stress_EigVec2 =  7.3699741208E-01  4.8029017051E-02  6.7418693855E-01
           Stress_EigVec3 =  5.5704842437E-01  5.2175811833E-01 -6.4611571631E-01
           -DivStress =  9.0291167278E+03  3.0372276504E+03  9.9998320959E+03
           ESP =  -1.4667612246E+01     ESP at Nucleus =  -1.4667612265E+01
           ESPe = -3.0420311694E+01     ESPe at Nucleus = -3.0420312507E+01
           ESPn =  1.5752699447E+01     ESPn at Nucleus =  1.5752700242E+01

CP# 10     Coords =  8.58988299541716E-01 -1.61071058824411E+00 -2.65887345310157E+00
           Type = (3,-3) NACP H10
           Rho =  4.5147389769E-01     Rho at Nucleus =  4.4821437319E-01
           GradRho =  9.3675067703E-17  7.4159428598E-16  4.1442543841E-15
           HessRho_EigVals = -9.3071842284E+00 -9.3009182180E+00 -8.5790348755E+00
           HessRho_EigVec1 = -4.7055574541E-01  8.8113034822E-01  4.6761094004E-02
           HessRho_EigVec2 =  8.3789170865E-01  4.6282133742E-01 -2.8936809466E-01
           HessRho_EigVec3 =  2.7661304207E-01  9.6983086524E-02  9.5607505243E-01
           DelSqRho = -2.7187137322E+01
           Bond Ellipticity = NA
           V = -6.8104163764E+00
           G =  6.8160229749E-03
           K =  6.8036003535E+00
           L =  6.7967843305E+00
           Vnuc =  5.2342979466E+01
           Ven = -2.3631488956E+01
           Vrep =  1.6821072580E+01
           DelSqV =  1.7754551684E+03
           DelSqVen =  1.4230557706E+03
           DelSqVrep =  3.5239939782E+02
           DelSqG =  1.3692964602E+02
           DelSqK = -1.9123848144E+03
           Stress_EigVals = -2.3314453337E+00 -2.3309519418E+00 -2.1480191009E+00
           Stress_EigVec1 = -1.4563004676E-01  9.8770840293E-01 -5.6780280519E-02
           Stress_EigVec2 =  9.4977451387E-01  1.2350770893E-01 -2.8753124811E-01
           Stress_EigVec3 =  2.7698422750E-01  9.5801652435E-02  9.5608670167E-01
           -DivStress = -4.3170490983E+00 -1.5092792746E+00 -1.4955655460E+01
           ESP =  -1.0948718319E+00     ESP at Nucleus =  -1.0961001773E+00
           ESPe = -1.6648595551E+01     ESPe at Nucleus = -1.6572045929E+01
           ESPn =  1.5553723719E+01     ESPn at Nucleus =  1.5475945751E+01

CP# 11     Coords = -1.38811607364617E+00 -3.93437616544671E+00  6.63827638835905E-01
           Type = (3,-3) NACP H11
           Rho =  4.4575438322E-01     Rho at Nucleus =  4.4258003003E-01
           GradRho =  2.1510571102E-16  1.1557595159E-15  9.0205620751E-17
           HessRho_EigVals = -9.2028890894E+00 -9.2008148392E+00 -8.4968558255E+00
           HessRho_EigVec1 =  8.2738052509E-01 -1.3139156128E-01 -5.4605652118E-01
           HessRho_EigVec2 =  5.0152519557E-01 -2.6479862631E-01  8.2362258694E-01
           HessRho_EigVec3 =  2.5281207430E-01  9.5531039203E-01  1.5319304801E-01
           DelSqRho = -2.6900559754E+01
           Bond Ellipticity = NA
           V = -6.7398135354E+00
           G =  7.3367984333E-03
           K =  6.7324767370E+00
           L =  6.7251399385E+00
           Vnuc =  5.1487895803E+01
           Ven = -2.2950955237E+01
           Vrep =  1.6211141702E+01
           DelSqV =  1.7582687682E+03
           DelSqVen =  1.3850532177E+03
           DelSqVrep =  3.7321555058E+02
           DelSqG =  1.3579543380E+02
           DelSqK = -1.8940642020E+03
           Stress_EigVals = -2.3065070706E+00 -2.3059923934E+00 -2.1273140714E+00
           Stress_EigVec1 = -6.4141253606E-01  4.6433848792E-02  7.6578969455E-01
           Stress_EigVec2 =  7.2428496324E-01 -2.9249819793E-01  6.2438457399E-01
           Stress_EigVec3 =  2.5298468454E-01  9.5513805384E-01  1.5398067246E-01
           -DivStress = -3.7394636540E+00 -1.4721644648E+01 -2.2614778072E+00
           ESP =  -1.0970161473E+00     ESP at Nucleus =  -1.0982336319E+00
           ESPe = -1.5492958112E+01     ESPe at Nucleus = -1.5416551415E+01
           ESPn =  1.4395941965E+01     ESPn at Nucleus =  1.4318317783E+01

CP# 12     Coords = -2.58720504944994E-01 -1.82168364784323E+00  2.94472954314196E+00
           Type = (3,-3) NACP H12
           Rho =  4.4437428064E-01     Rho at Nucleus =  4.4110553242E-01
           GradRho = -9.8011876393E-16  6.5052130349E-16 -1.2108369862E-15
           HessRho_EigVals = -9.1716571656E+00 -9.1687903734E+00 -8.4513346828E+00
           HessRho_EigVec1 = -5.2114010057E-01  8.4994322680E-01  7.7521008774E-02
           HessRho_EigVec2 =  8.0529822281E-01  5.1977655912E-01 -2.8517906818E-01
           HessRho_EigVec3 =  2.8267962063E-01  8.6190717678E-02  9.5533417832E-01
           DelSqRho = -2.6791782222E+01
           Bond Ellipticity = NA
           V = -6.7119771557E+00
           G =  7.0158001244E-03
           K =  6.7049613556E+00
           L =  6.6979455555E+00
           Vnuc =  5.1593193661E+01
           Ven = -2.2926688319E+01
           Vrep =  1.6214711163E+01
           DelSqV =  1.7496176622E+03
           DelSqVen =  1.3822736087E+03
           DelSqVrep =  3.6734405356E+02
           DelSqG =  1.3512124760E+02
           DelSqK = -1.8847389099E+03
           Stress_EigVals = -2.2982236098E+00 -2.2979229409E+00 -2.1158306050E+00
           Stress_EigVec1 = -3.2914343812E-01  9.4420912921E-01  1.1563626425E-02
           Stress_EigVec2 =  9.0101286549E-01  3.1770288769E-01 -2.9536535238E-01
           Stress_EigVec3 =  2.8256045967E-01  8.6798591402E-02  9.5531439388E-01
           -DivStress =  4.3162630094E+00  1.3968258760E+00  1.4876208229E+01
           ESP =  -1.1017826063E+00     ESP at Nucleus =  -1.1030150828E+00
           ESPe = -1.6222932880E+01     ESPe at Nucleus = -1.6149983653E+01
           ESPn =  1.5121150274E+01     ESPn at Nucleus =  1.5046968570E+01

CP# 13     Coords =  4.11857278512485E+00 -2.82569078587024E+00  1.54599708352910E+00
           Type = (3,-3) NACP H13
           Rho =  4.3829420212E-01     Rho at Nucleus =  4.3329035855E-01
           GradRho = -7.6309233325E-10 -3.6247042173E-10 -1.8520538818E-09
           HessRho_EigVals = -8.9616678355E+00 -8.9455500703E+00 -7.8824576240E+00
           HessRho_EigVec1 = -8.8142883922E-01  3.7416076669E-01  2.8824802177E-01
           HessRho_EigVec2 =  2.8659840681E-01  9.0878553785E-01 -3.0326588895E-01
           HessRho_EigVec3 =  3.7542583102E-01  1.8469587667E-01  9.0826366136E-01
           DelSqRho = -2.5789675530E+01
           Bond Ellipticity = NA
           V = -6.4808773656E+00
           G =  1.6729241578E-02
           K =  6.4641481240E+00
           L =  6.4474188825E+00
           Vnuc =  4.2847306759E+01
           Ven = -1.8779726129E+01
           Vrep =  1.2298848764E+01
           DelSqV =  1.6621491039E+03
           DelSqVen =  1.1050181420E+03
           DelSqVrep =  5.5713096186E+02
           DelSqG =  1.2760235788E+02
           DelSqK = -1.7897514617E+03
           Stress_EigVals = -2.2541623531E+00 -2.2496462353E+00 -1.9770687773E+00
           Stress_EigVec1 =  2.6432067701E-01  9.2026672437E-01 -2.8851990524E-01
           Stress_EigVec2 =  8.8911970504E-01 -3.4841689562E-01 -2.9676896226E-01
           Stress_EigVec3 =  3.7363181050E-01  1.7808656003E-01  9.1032106826E-01
           -DivStress =  7.1403902713E+00  3.3392726884E+00  1.7361547786E+01
           ESP =  -1.0528661707E+00     ESP at Nucleus =  -1.0549995465E+00
           ESPe = -1.5153679023E+01     ESPe at Nucleus = -1.5061136263E+01
           ESPn =  1.4100812852E+01     ESPn at Nucleus =  1.4006136717E+01

CP# 14     Coords =  4.83858277875451E+00 -2.98914323729047E+00 -1.37421516071529E+00
           Type = (3,-3) NACP H14
           Rho =  4.4242745980E-01     Rho at Nucleus =  4.3747520131E-01
           GradRho = -8.2016858582E-14 -7.5894152074E-15  6.6711393354E-14
           HessRho_EigVals = -9.0468388736E+00 -9.0289792194E+00 -7.9717431470E+00
           HessRho_EigVec1 =  6.3532392283E-01 -3.1350169564E-01  7.0574797195E-01
           HessRho_EigVec2 =  1.3732169983E-01  9.4518861253E-01  2.9624523203E-01
           HessRho_EigVec3 =  7.5993832897E-01  9.1297171772E-02 -6.4355152287E-01
           DelSqRho = -2.6047561240E+01
           Bond Ellipticity = NA
           V = -6.5459271286E+00
           G =  1.7018409307E-02
           K =  6.5289087193E+00
           L =  6.5118903100E+00
           Vnuc =  4.2374170730E+01
           Ven = -1.8747496717E+01
           Vrep =  1.2201569588E+01
           DelSqV =  1.6800457388E+03
           DelSqVen =  1.1037438071E+03
           DelSqVrep =  5.7630193175E+02
           DelSqG =  1.2893920772E+02
           DelSqK = -1.8089849465E+03
           Stress_EigVals = -2.2755707323E+00 -2.2711740564E+00 -1.9991823399E+00
           Stress_EigVec1 =  1.4514476249E-01  9.4465473920E-01  2.9421152532E-01
           Stress_EigVec2 =  6.3447454969E-01 -3.1703641373E-01  7.0493259122E-01
           Stress_EigVec3 =  7.5919367998E-01  8.4352451517E-02 -6.4537556524E-01
           -DivStress =  1.4489378710E+01  1.4361091257E+00 -1.2296061736E+01
           ESP =  -1.0504201643E+00     ESP at Nucleus =  -1.0525536611E+00
           ESPe = -1.4380259403E+01     ESPe at Nucleus = -1.4279272316E+01
           ESPn =  1.3329839239E+01     ESPn at Nucleus =  1.3226718655E+01

CP# 15     Coords = -4.41659463394764E+00 -2.36543439836127E+00 -2.31108417723856E+00
           Type = (3,-3) NACP H15
           Rho =  4.3555882678E-01     Rho at Nucleus =  4.2996741805E-01
           GradRho = -1.3406484256E-11  9.5561988878E-11  6.3585050419E-11
           HessRho_EigVals = -8.8575209993E+00 -8.8350375448E+00 -7.6817235953E+00
           HessRho_EigVec1 =  7.9636713925E-01 -2.5305747667E-01  5.4932803772E-01
           HessRho_EigVec2 = -5.9339609134E-01 -5.0256087646E-01  6.2873972694E-01
           HessRho_EigVec3 = -1.1696349132E-01  8.2667676812E-01  5.5038628503E-01
           DelSqRho = -2.5374282139E+01
           Bond Ellipticity = NA
           V = -6.3766512382E+00
           G =  1.6540351675E-02
           K =  6.3601108865E+00
           L =  6.3435705348E+00
           Vnuc =  4.0478969603E+01
           Ven = -1.7630972510E+01
           Vrep =  1.1254321271E+01
           DelSqV =  1.6259537138E+03
           DelSqVen =  1.0271247956E+03
           DelSqVrep =  5.9882891822E+02
           DelSqG =  1.2439479272E+02
           DelSqK = -1.7503485065E+03
           Stress_EigVals = -2.2287255744E+00 -2.2227237055E+00 -1.9252019583E+00
           Stress_EigVec1 =  5.8494439265E-01  5.0490121145E-01 -6.3475572008E-01
           Stress_EigVec2 =  8.0258750102E-01 -2.4741158149E-01  5.4280826499E-01
           Stress_EigVec3 = -1.1701863401E-01  8.2695965803E-01  5.4994941883E-01
           -DivStress =  2.3114227297E+00 -1.6552381976E+01 -1.1013706695E+01
           ESP =  -1.0008589972E+00     ESP at Nucleus =  -1.0032651300E+00
           ESPe = -1.4539907210E+01     ESPe at Nucleus = -1.4435214002E+01
           ESPn =  1.3539048213E+01     ESPn at Nucleus =  1.3431948872E+01

CP# 16     Coords = -6.03995168642208E+00  3.37855084578717E-01 -1.69948008222446E+00
           Type = (3,-3) NACP H16
           Rho =  4.3091986616E-01     Rho at Nucleus =  4.2530913098E-01
           GradRho =  9.2334993818E-13 -7.8097597833E-13  2.5904885875E-13
           HessRho_EigVals = -8.7724426043E+00 -8.7511043239E+00 -7.5951792976E+00
           HessRho_EigVec1 =  2.9638834352E-01  6.0272837525E-01  7.4085926835E-01
           HessRho_EigVec2 =  5.9467199030E-01  4.9053299760E-01 -6.3697927927E-01
           HessRho_EigVec3 =  7.4734140376E-01 -6.2936148908E-01  2.1303741992E-01
           DelSqRho = -2.5118726226E+01
           Bond Ellipticity = NA
           V = -6.3109140555E+00
           G =  1.5616249498E-02
           K =  6.2952978060E+00
           L =  6.2796815565E+00
           Vnuc =  3.9766923613E+01
           Ven = -1.7136357401E+01
           Vrep =  1.0825443345E+01
           DelSqV =  1.6086412593E+03
           DelSqVen =  9.9889446707E+02
           DelSqVrep =  6.0974679226E+02
           DelSqG =  1.2319887996E+02
           DelSqK = -1.7318401393E+03
           Stress_EigVals = -2.2063377478E+00 -2.2008865744E+00 -1.9036897332E+00
           Stress_EigVec1 = -5.9451591565E-01 -4.9084807324E-01  6.3688224581E-01
           Stress_EigVec2 =  2.9709793115E-01  6.0191691437E-01  7.4123467775E-01
           Stress_EigVec3 =  7.4718380961E-01 -6.2989221077E-01  2.1201923842E-01
           -DivStress = -1.4886206095E+01  1.2618168075E+01 -4.1648130007E+00
           ESP =  -1.0069243152E+00     ESP at Nucleus =  -1.0093447568E+00
