AIMSum (Version 17.01.25, Professional)
Copyright (c) 1997-2017 by Todd A. Keith
AIMSum is a component of the AIMAll package ( http://aim.tkgristmill.com )

TP:  64-bit Linux

Licensed To:  Research Group of Fernando Cortes Guzman, UNAM, fercor@unam.mx

Much of the Quantum Theory of Atoms in Molecules (QTAIM) is described in the book:
  "Atoms in Molecules - A Quantum Theory"
  R.F.W. Bader, Oxford University Press, Oxford, 1990

For additional references see:  http://aim.tkgristmill.com/references.html

Wfn File:  /home/alejandro/wd/aimqb_inps/cystine_pbe0_def2QZVP.wfn
Sum File:  /home/alejandro/wd/aimqb_inps/cystine_pbe0_def2QZVP.sum

SumViz File:  /home/alejandro/wd/aimqb_inps/cystine_pbe0_def2QZVP.sumviz

Wfn Title:   opt cystine M062X def2TZVP                                                    
 
Total memory allocated for AIMSum =       29.457 Megabytes

Atomic units (a.u.) used throughout, except where stated otherwise

Model:  Unknown
 
Restricted, natural orbital wavefunction.
  Number of electrons (from MO Occs)                   =         125.9999993000
  Number of Alpha electrons (from MO Occs)             =          62.9999996500
  Number of Beta electrons (from MO Occs)              =          62.9999996500
  Number of electron pairs (N*(N-1)/2)                 =        7874.9999121500
  Number of electron pairs (from Muller 2EDM)          =        7874.9999115385
  Number of electron pairs (from Muller 2EDM, no SOSI) =        7875.3239746639
 
Nuclear Charges and Cartesian Coordinates:
-------------------------------------------------------------------------------
Atom      Charge                X                  Y                  Z
-------------------------------------------------------------------------------
S1        16.0           8.5789267000E-01  -1.1002275000E+00  -1.2167867700E+00
S2        16.0          -1.1480754000E+00   2.0462070000E-02   1.8843142700E+00
O3         8.0           8.8814505800E+00  -1.3919429800E+00   1.5224311600E+00
O4         8.0          -6.6312796100E+00  -3.4767641500E+00  -3.9398263000E-01
O5         8.0           6.8400224000E+00  -2.3975208100E+00  -2.0337100600E+00
O6         8.0          -8.0733190200E+00  -5.4147810000E-01   2.2770594100E+00
N7         7.0           6.8643920500E+00   3.3773123700E+00   5.7236792000E-01
N8         7.0          -7.3323782000E+00   2.4958425800E+00  -2.1973308500E+00
C9         6.0           5.3150896700E+00   1.0912587200E+00   5.1556623000E-01
C10        6.0          -5.4357129800E+00   8.0809554000E-01  -1.1411411800E+00
C11        6.0           3.2211664700E+00   1.3765161800E+00  -1.4253187000E+00
C12        6.0          -3.4851998700E+00   2.1368890000E+00   5.2662638000E-01
C13        6.0           7.0318463400E+00  -1.0945523600E+00  -1.9811188000E-01
C14        6.0          -6.8560455400E+00  -1.1105641700E+00   4.5033302000E-01
H15        1.0           4.4766372100E+00   6.2261989000E-01   2.3563174400E+00
H16        1.0          -4.4807732900E+00  -1.7429661000E-01  -2.6778405600E+00
H17        1.0           2.2893914000E+00   3.1992885800E+00  -1.2007182300E+00
H18        1.0           4.0046027500E+00   1.2692560600E+00  -3.3276411200E+00
H19        1.0          -2.5343848500E+00   3.6182489000E+00  -5.4641296000E-01
H20        1.0          -4.4405221300E+00   2.9949226800E+00   2.1442283500E+00
H21        1.0           8.3579705800E+00   3.1369197200E+00   1.7467553300E+00
H22        1.0           5.8337675000E+00   4.8448663200E+00   1.2421805100E+00
H23        1.0          -6.5205057400E+00   3.8413193500E+00  -3.2880421300E+00
H24        1.0          -8.3045646300E+00   3.3556141900E+00  -7.8633337000E-01
H25        1.0           9.9424511400E+00  -2.7708222500E+00   9.5631087000E-01
H26        1.0          -7.5871026100E+00  -4.5579835900E+00   7.3339008000E-01
 
Some Atomic Properties:
----------------------
  q(A) = Net Charge of Atom A
  L(A) = Lagrangian of Atom A = -(1/4) Times Atomic Integral of the Laplacian of the Electron Density
  K(A) = Electronic Kinetic Energy of Atom A (Hamiltonian Form)
  K_Scaled(A) = K(A) * E(Mol)/K(Mol) = Approximation to Virial-Based Total Energy of Atom A.
  |Mu_Intra(A)| = Magnitude of Intraatomic Dipole Moment of Atom A
--------------------------------------------------------------------------------------------------
Atom A          q(A)              L(A)              K(A)          K_Scaled(A)      |Mu_Intra(A)|
--------------------------------------------------------------------------------------------------
S1       -3.8719250000E-03  6.2080924602E-05  3.9757734809E+02 -3.9858707130E+02  5.7293303671E-01
S2       -4.1098567000E-02  2.1763589455E-04  3.9758887823E+02 -3.9859863073E+02  6.0125369382E-01
O3       -1.2221692240E+00  8.5111174246E-05  7.5618270237E+01 -7.5810317202E+01  3.3921017645E-01
O4       -1.2162581494E+00 -2.2843541293E-07  7.5628425084E+01 -7.5820497839E+01  3.6233431574E-01
O5       -1.2493158971E+00  5.7077739803E-05  7.5711719594E+01 -7.5904003891E+01  6.0059296602E-01
O6       -1.2619413872E+00  4.6409376917E-05  7.5702289875E+01 -7.5894550223E+01  5.7463242383E-01
N7       -1.0732030379E+00 -3.2864979842E-04  5.4892296478E+01 -5.5031705894E+01  2.1815982408E-01
N8       -1.0768931797E+00 -3.4494273656E-04  5.4896861591E+01 -5.5036282601E+01  2.0127286535E-01
C9        4.1031670940E-01  1.2291713805E-03  3.7639224523E+01 -3.7734816485E+01  3.9529923691E-01
C10       4.2864662520E-01  8.1681803116E-04  3.7634289593E+01 -3.7729869022E+01  4.0242248584E-01
C11      -2.9388693500E-02  6.7219131305E-04  3.7831456262E+01 -3.7927536433E+01  1.1585661249E-01
C12      -5.0806128900E-02  4.5778082656E-04  3.7839576924E+01 -3.7935677719E+01  8.7837888280E-02
C13       1.7056798233E+00 -1.5343406194E-03  3.6791357184E+01 -3.6884795826E+01  8.5787044537E-01
C14       1.7207782104E+00  8.1975498641E-05  3.6784017887E+01 -3.6877437889E+01  8.4621281937E-01
H15       1.3210051070E-02  3.3387358105E-05  6.2633318517E-01 -6.2792387729E-01  1.3022268118E-01
H16       3.6593702070E-02  3.4734144911E-05  6.2105821609E-01 -6.2263551143E-01  1.2170689346E-01
H17       1.3848036730E-02  3.2677372340E-05  6.2203077559E-01 -6.2361054093E-01  1.3247179283E-01
H18       5.6369172410E-02  2.7585017311E-05  6.0279189402E-01 -6.0432279856E-01  1.2765968736E-01
H19       1.0058768940E-02  3.1149005668E-05  6.2191641628E-01 -6.2349589118E-01  1.3632162750E-01
H20       3.9322622980E-02  2.6107551843E-05  6.0817724862E-01 -6.0972183029E-01  1.2944919429E-01
H21       3.9087226450E-01  2.9779687078E-05  4.6734115204E-01 -4.6852805369E-01  1.7951702725E-01
H22       3.7117104460E-01  3.0491303272E-05  4.7606178170E-01 -4.7727083105E-01  1.8922486170E-01
H23       3.7370093313E-01  3.2505120096E-05  4.7403472621E-01 -4.7523862746E-01  1.8963683412E-01
H24       3.8663047188E-01  3.4926765550E-05  4.6707132445E-01 -4.6825754082E-01  1.8496649831E-01
H25       6.3651422000E-01  2.2012675355E-05  3.2957204774E-01 -3.3040905857E-01  1.4834176624E-01
H26       6.3312605515E-01  2.1004248506E-05  3.3145349310E-01 -3.3229528222E-01  1.4973001899E-01
--------------------------------------------------------------------------------------------------
Total     1.8925220600E-03  1.8744508203E-03  1.4383838538E+03 -1.4420369029E+03
 
Molecular charge q(Mol) from the wfn file:   7.0000001859E-07
Molecular energy E(Mol) from the wfn file:  -1.4420365429E+03
Molecular virial ratio (-V(Mol)/T(Mol)) from the wfn file:   2.0025396900E+00
Note.  K_Scaled(A) = (1+V(Mol)/T(Mol))*K(A) = (E(Mol)/T(Mol))*K(A)
       Only use K_Scaled(A) data with caution.
 
N_AIMInt(SumA)     =        125.998107
N_Analytic(Mol)    =        125.999995
 
G_AIMInt(SumA)     =       1438.381979
G_Analytic(Mol)    =       1438.383537
 
K_AIMInt(SumA)     =       1438.383854
K_Analytic(Mol)    =       1438.383537
 
L_AIMInt(SumA)     =          0.001874
L_Analytic(Mol)    =          0.000000
 
VenT_AIMInt(SumA)  =      -5746.727453
VenT_Analytic(Mol) =      -5746.771121
 
Some Information About the Atomic Calculations:
----------------------------------------------
  Time(sec) = "Elapsed User Time", in Seconds, for Atom A by AIMInt and, if used, by TWOe
  NProc = Number of Processors Used for AIMInt Job
  BIM = Basin Integration Method
  OAQ = Angular Quadrature Outside of Beta Sphere
  ORQ = Multiple of Default for Radial Quadrature Outside of Beta Sphere
  IAQ = Multiple of Default for Angular Quadrature Inside of Beta Sphere
  IRQ = Multiple of Default for Radial Quadrature Inside of Beta Sphere
  MIR = Maximum Integration Radius
------------------------------------------------------------------------------------------------------
Atom A     Time(sec)   NProc      BIM              OAQ                 ORQ      IAQ      IRQ      MIR
------------------------------------------------------------------------------------------------------
S1            401       16     Proaim(5)    4334      (Very High)      1.00     1.00     1.00    13.00
S2            427       16     Proaim(5)    4334      (Very High)      1.00     1.00     1.00    13.00
O3            284       16     Proaim(5)    4334      (Very High)      1.00     1.00     1.00    13.00
O4            310       16     Proaim(5)    4334      (Very High)      1.00     1.00     1.00    13.00
O5            217       16     Proaim(5)    3074      (Very High)      1.00     1.00     1.00    13.00
O6            231       16     Proaim(5)    3074      (Very High)      1.00     1.00     1.00    13.00
N7            323       16     Proaim(5)    4334      (Very High)      1.00     1.00     1.00    13.00
N8            304       16     Proaim(5)    4334      (Very High)      1.00     1.00     1.00    13.00
C9            443       16     Proaim(5)    4334      (Very High)      1.00     1.00     1.00    13.00
C10           422       16     Proaim(5)    4334      (Very High)      1.00     1.00     1.00    13.00
C11           402       16     Proaim(5)    4334      (Very High)      1.00     1.00     1.00    13.00
C12           426       16     Proaim(5)    4334      (Very High)      1.00     1.00     1.00    13.00
C13           303       16     Proaim(5)    4334      (Very High)      1.00     1.00     1.00    13.00
C14           261       16     Proaim(5)    4334      (Very High)      1.00     1.00     1.00    13.00
H15           132       16     Proaim(5)    2030      (Very High)      1.00     1.00     1.00    13.00
H16           119       16     Proaim(5)    2030      (Very High)      1.00     1.00     1.00    13.00
H17           124       16     Proaim(5)    2030      (Very High)      1.00     1.00     1.00    13.00
H18           161       16     Proaim(5)    2030      (Very High)      1.00     1.00     1.00    13.00
H19           152       16     Proaim(5)    2030      (Very High)      1.00     1.00     1.00    13.00
H20           161       16     Proaim(5)    2030      (Very High)      1.00     1.00     1.00    13.00
H21           141       16     Proaim(5)    2030      (Very High)      1.00     1.00     1.00    13.00
H22            99       16     Proaim(5)    2030      (Very High)      1.00     1.00     1.00    13.00
H23           146       16     Proaim(5)    2030      (Very High)      1.00     1.00     1.00    13.00
H24           130       16     Proaim(5)    2030      (Very High)      1.00     1.00     1.00    13.00
H25            94       16     Proaim(5)    2030      (Very High)      1.00     1.00     1.00    13.00
H26           111       16     Proaim(5)    2030      (Very High)      1.00     1.00     1.00    13.00
------------------------------------------------------------------------------------------------------
Total        6324
Note:  Total wall clock time is less than total of atomic times if more than one atom
       was calculated at a time
 
Electron Density Critical Point Analysis of Molecular Structure:               
---------------------------------------------------------------                
  NACP = Nuclear Attractor Critical Point                                      
  NNACP = Non-Nuclear Attractor Critical Point                                 
  BCP = Bond Critical Point                                                    
  RCP = Ring Critical Point                                                    
  CCP = Cage Critical Point                                                    
  Rho = Electron Density                                                       
  GradRho = Gradient of Electron Density                                       
  HessRho_EigVals = Eigenvalues of the Hessian of Rho, Ascending Order         
  HessRho_EigVecs = Eigenvectors of the Hessian of Rho                         
  DelSqRho = Laplacian of Rho = Trace of Hessian of Rho                        
  Bond Ellipticity = (HessRho_EigVal(1) / HessRho_EigVal(2)) - 1               
  V = Virial Field = Potential Energy Density = Trace of Stress Tensor         
  G = Lagrangian Form of Kinetic Energy Density                                
  K = Hamiltonian Form of Kinetic Energy Density                               
  L = K - G = Lagrangian Density = (-1/4)DelSqRho                              
  Vnuc = Electrostatic Potential from Nuclei                                   
  Ven = Electron-nuclear attractive contribution to Virial Field V             
  Vrep = V - Ven = Repulsive contribution to Virial Field V                    
  DelSqV = Laplacian of V                                                      
  DelSqVen = Laplacian of Ven                                                  
  DelSqVrep = Laplacian of Vrep                                                
  DelSqG = Laplacian of G                                                      
  DelSqK = Laplacian of K                                                      
  Stress_EigVals = Eigenvalues of Stress Tensor, Ascending Order               
  Stress_EigVecs = Eigenvectors of Stress Tensor                               
  -DivStress = Ehrenfest Force Density = Minus Divergence of Stress Tensor     
  ESP = Total Electrostatic Potential                                          
  ESPe = Electrostatic Potential from Electrons                                
  ESPn = Electrostatic Potential from Nuclei                                   
  BP = Bond Path                                                               
  BPL = Bond Path Length                                                       
  GBL = Geometric Bond Length                                                  
  GBL_I = Distance Between Nuclear Attractors                                  
  GBL_II = Distance Between Nuclei                                             
  GBL_III = Sum of Distances Between BCP and Nuclear Attractors                
  GBL_IV = Sum of Distances Between BCP and Nuclei                             

CP# 1      Coords =  8.57892687345437E-01 -1.10022735050452E+00 -1.21678666193971E+00
           Type = (3,-3) NACP S1
           Rho =  2.6497329951E+03     Rho at Nucleus =  2.6497329920E+03
           GradRho = -2.5558399841E-09  5.7051323665E-09 -7.9686799381E-09
           HessRho_EigVals = -1.8337675958E+08 -1.8337657536E+08 -1.8337629275E+08
           HessRho_EigVec1 =  7.4035707377E-01  1.0212891081E-01 -6.6441033172E-01
           HessRho_EigVec2 =  2.9490430910E-01  8.3885224904E-01  4.5755693935E-01
           HessRho_EigVec3 = -6.0407189290E-01  5.3469298653E-01 -5.9093194054E-01
           DelSqRho = -5.5012962769E+08
           Bond Ellipticity = NA
           V = -1.3755449417E+08
           G =  1.1043624740E+04
           K =  1.3754345055E+08
           L =  1.3753240692E+08
           Vnuc =  8.6358180686E+07
           Ven = -2.2882612076E+11
           Vrep =  2.2868856627E+11
           DelSqV =  1.2301063005E+15
           DelSqVen =  4.7508193693E+16
           DelSqVrep = -4.6278087393E+16
           DelSqG =  9.5196113455E+12
           DelSqK = -1.2396259118E+15
           Stress_EigVals = -4.5851562014E+07 -4.5851486514E+07 -4.5851445643E+07
           Stress_EigVec1 = -6.0428959604E-01  5.3307988265E-01 -5.9216545225E-01
           Stress_EigVec2 =  3.1603903659E-01  8.4261377700E-01  4.3602907031E-01
           Stress_EigVec3 =  7.3140509396E-01  7.6340431724E-02 -6.7765679146E-01
           -DivStress = -7.0831535801E+06 -6.1048569087E+07 -4.4127992713E+07
           ESP =  -5.9213683834E+01     ESP at Nucleus =  -5.9213683835E+01
           ESPe = -7.7471891690E+01     ESPe at Nucleus = -7.7471891413E+01
           ESPn =  1.8258207856E+01     ESPn at Nucleus =  1.8258207578E+01

CP# 2      Coords = -1.14807541745189E+00  2.04621169466352E-02  1.88431409638820E+00
           Type = (3,-3) NACP S2
           Rho =  2.6496734951E+03     Rho at Nucleus =  2.6496734921E+03
           GradRho =  1.8291915538E-08 -2.1842083697E-10 -1.5221502281E-08
           HessRho_EigVals = -1.8337261377E+08 -1.8337243613E+08 -1.8337215904E+08
           HessRho_EigVec1 =  7.3329650408E-01 -5.2344645064E-01 -4.3391249166E-01
           HessRho_EigVec2 =  2.7162276273E-01 -3.5951585948E-01  8.9273143865E-01
           HessRho_EigVec3 =  6.2329552532E-01  7.7249735281E-01  1.2145175186E-01
           DelSqRho = -5.5011720893E+08
           Bond Ellipticity = NA
           V = -1.3755139230E+08
           G =  1.1045030929E+04
           K =  1.3754034726E+08
           L =  1.3752930223E+08
           Vnuc =  8.8548471007E+07
           Ven = -2.3462453666E+11
           Vrep =  2.3448698527E+11
           DelSqV =  1.2300785695E+15
           DelSqVen =  4.8712033013E+16
           DelSqVrep = -4.7481954443E+16
           DelSqG =  9.5193954990E+12
           DelSqK = -1.2395979650E+15
           Stress_EigVals = -4.5850526513E+07 -4.5850452566E+07 -4.5850413216E+07
           Stress_EigVec1 =  6.2336805819E-01  7.7218090880E-01  1.2308090072E-01
           Stress_EigVec2 =  2.9066155213E-01 -3.7495973960E-01  8.8029600464E-01
           Stress_EigVec3 =  7.2589815136E-01 -5.1297352540E-01 -4.5818122625E-01
           -DivStress =  7.1265045018E+06 -1.9170796861E+07  7.0895245188E+07
           ESP =  -5.9212084621E+01     ESP at Nucleus =  -5.9212084622E+01
           ESPe = -7.7340816182E+01     ESPe at Nucleus = -7.7340815895E+01
           ESPn =  1.8128731562E+01     ESPn at Nucleus =  1.8128731274E+01

CP# 3      Coords =  8.88145024704895E+00 -1.39194457461554E+00  1.52242867997475E+00
           Type = (3,-3) NACP O3
           Rho =  3.0668719065E+02     Rho at Nucleus =  3.0668717655E+02
           GradRho = -8.3027851261E-10 -2.0301516024E-10  1.1061107585E-10
           HessRho_EigVals = -3.2027528232E+06 -3.2027206568E+06 -3.2027138330E+06
           HessRho_EigVec1 =  8.0974857452E-01 -5.3653402167E-01  2.3756786326E-01
           HessRho_EigVec2 = -1.1534564578E-01 -5.4251634609E-01 -8.3208857474E-01
           HessRho_EigVec3 =  5.7532827852E-01  6.4638011867E-01 -5.0118870112E-01
           DelSqRho = -9.6081873130E+06
           Bond Ellipticity = NA
           V = -2.4022255831E+06
           G =  8.9377417587E+01
           K =  2.4021362057E+06
           L =  2.4020468282E+06
           Vnuc =  2.6961747944E+06
           Ven = -8.2688227321E+08
           Vrep =  8.2448004763E+08
           DelSqV =  1.9789360259E+12
           DelSqVen =  2.5905352442E+13
           DelSqVrep = -2.3926416432E+13
           DelSqG =  2.5086502519E+10
           DelSqK = -2.0040225285E+12
           Stress_EigVals = -8.0074630974E+05 -8.0074230549E+05 -8.0073696785E+05
           Stress_EigVec1 =  5.7600332985E-01  6.4927924480E-01 -4.9664537275E-01
           Stress_EigVec2 =  1.0653839567E-01  5.4274729339E-01  8.3311160463E-01
           Stress_EigVec3 =  8.1047500532E-01 -5.3278685963E-01  2.4345107917E-01
           -DivStress =  2.1817775340E+05  1.0449125331E+06  1.6251108223E+06
           ESP =  -2.2288042734E+01     ESP at Nucleus =  -2.2288042803E+01
           ESPe = -3.7946599454E+01     ESPe at Nucleus = -3.7946596149E+01
           ESPn =  1.5658556720E+01     ESPn at Nucleus =  1.5658553346E+01

CP# 4      Coords = -6.63128121629159E+00 -3.47676326604144E+00 -3.93980167804289E-01
           Type = (3,-3) NACP O4
           Rho =  3.0673152243E+02     Rho at Nucleus =  3.0673150733E+02
           GradRho = -6.0497384879E-11  1.6955814530E-10 -7.3998585037E-11
           HessRho_EigVals = -3.2032202380E+06 -3.2031874105E+06 -3.2031823375E+06
           HessRho_EigVec1 =  2.5908944956E-01  9.5218826082E-01 -1.6189556230E-01
           HessRho_EigVec2 = -5.1321620303E-01  2.7772000617E-01  8.1208418721E-01
           HessRho_EigVec3 =  8.1821866642E-01 -1.2731501929E-01  5.6063276731E-01
           DelSqRho = -9.6095899859E+06
           Bond Ellipticity = NA
           V = -2.4025759483E+06
           G =  8.9225910908E+01
           K =  2.4024867224E+06
           L =  2.4023974965E+06
           Vnuc =  2.6060094436E+06
           Ven = -7.9934524411E+08
           Vrep =  7.9694266816E+08
           DelSqV =  1.9792242733E+12
           DelSqVen =  2.5042682184E+13
           DelSqVrep = -2.3063457910E+13
           DelSqG =  2.5090197931E+10
           DelSqK = -2.0043144712E+12
           Stress_EigVals = -8.0086291844E+05 -8.0085917827E+05 -8.0085385161E+05
           Stress_EigVec1 =  8.1289106314E-01 -1.2447263999E-01  5.6895929675E-01
           Stress_EigVec2 = -5.2375373428E-01  2.7104092537E-01  8.0760067026E-01
           Stress_EigVec3 =  2.5473544177E-01  9.5448592377E-01 -1.5513373597E-01
           -DivStress =  1.0527220798E+06 -5.7932876938E+05 -1.6136592170E+06
           ESP =  -2.2294483487E+01     ESP at Nucleus =  -2.2294483561E+01
           ESPe = -3.9019740582E+01     ESPe at Nucleus = -3.9019737826E+01
           ESPn =  1.6725257095E+01     ESPn at Nucleus =  1.6725254265E+01

CP# 5      Coords =  6.84002274615692E+00 -2.39751909077556E+00 -2.03370754588879E+00
           Type = (3,-3) NACP O5
           Rho =  3.0698646166E+02     Rho at Nucleus =  3.0698644660E+02
           GradRho = -1.3192048565E-09  5.4937698835E-10  5.6026761008E-10
           HessRho_EigVals = -3.2058705235E+06 -3.2058590383E+06 -3.2058336366E+06
           HessRho_EigVec1 =  5.8031146102E-01  6.1946090567E-01 -5.2868402146E-01
           HessRho_EigVec2 =  9.2538491399E-02  5.9481319300E-01  7.9851981381E-01
           HessRho_EigVec3 =  8.0912003795E-01 -5.1231382158E-01  2.8785293537E-01
           DelSqRho = -9.6175631983E+06
           Bond Ellipticity = NA
           V = -2.4045679141E+06
           G =  8.8557241720E+01
           K =  2.4044793568E+06
           L =  2.4043907996E+06
           Vnuc =  2.6098411333E+06
           Ven = -8.0118589500E+08
           Vrep =  7.9878132709E+08
           DelSqV =  1.9808632837E+12
           DelSqVen =  2.5100311970E+13
           DelSqVrep = -2.3119448670E+13
           DelSqG =  2.5110967967E+10
           DelSqK = -2.0059742516E+12
           Stress_EigVals = -8.0152858401E+05 -8.0151999050E+05 -8.0151933955E+05
           Stress_EigVec1 =  8.0807697801E-01 -5.1873147958E-01  2.7915810879E-01
           Stress_EigVec2 =  1.4019453845E-01  6.2962365568E-01  7.6414628416E-01
           Stress_EigVec3 = -5.7215128156E-01 -5.7835257784E-01  5.8150770133E-01
           -DivStress = -2.2704755917E+05 -1.1276810464E+06 -1.6490604670E+06
           ESP =  -2.2351701249E+01     ESP at Nucleus =  -2.2351701321E+01
           ESPe = -3.9235235332E+01     ESPe at Nucleus = -3.9235228327E+01
           ESPn =  1.6883534083E+01     ESPn at Nucleus =  1.6883527005E+01

CP# 6      Coords = -8.07331740558786E+00 -5.41478908355740E-01  2.27705697146306E+00
           Type = (3,-3) NACP O6
           Rho =  3.0695786906E+02     Rho at Nucleus =  3.0695785430E+02
           GradRho = -1.4189929232E-09  1.4178658247E-10 -1.8066614871E-10
           HessRho_EigVals = -3.2055702833E+06 -3.2055608684E+06 -3.2055359216E+06
           HessRho_EigVec1 =  8.0204185275E-01 -1.3930509586E-01  5.8079510733E-01
           HessRho_EigVec2 = -5.3733346557E-01  2.5627070919E-01  8.0349117630E-01
           HessRho_EigVec3 =  2.6077118939E-01  9.5651419952E-01 -1.3068654448E-01
           DelSqRho = -9.6166670734E+06
           Bond Ellipticity = NA
           V = -2.4043439817E+06
           G =  8.8606689497E+01
           K =  2.4042553750E+06
           L =  2.4041667683E+06
           Vnuc =  2.6366460407E+06
           Ven = -8.0933925009E+08
           Vrep =  8.0693490611E+08
           DelSqV =  1.9806790874E+12
           DelSqVen =  2.5355747246E+13
           DelSqVrep = -2.3375068159E+13
           DelSqG =  2.5108628072E+10
           DelSqK = -2.0057877154E+12
           Stress_EigVals = -8.0145367968E+05 -8.0144523434E+05 -8.0144506769E+05
           Stress_EigVec1 =  2.6192799126E-01  9.5593519046E-01 -1.3259577310E-01
           Stress_EigVec2 = -5.6768167852E-01  2.6371928414E-01  7.7986514927E-01
           Stress_EigVec3 =  7.8046860236E-01 -1.2899632096E-01  6.1174235583E-01
           -DivStress = -1.0588318701E+06  5.3016074611E+05  1.5993445181E+06
           ESP =  -2.2358388759E+01     ESP at Nucleus =  -2.2358388830E+01
           ESPe = -3.8794987809E+01     ESPe at Nucleus = -3.8794979968E+01
           ESPn =  1.6436599050E+01     ESPn at Nucleus =  1.6436591138E+01

CP# 7      Coords =  6.86439088103585E+00  3.37731155068151E+00  5.72370700625489E-01
           Type = (3,-3) NACP N7
           Rho =  2.0188979170E+02     Rho at Nucleus =  2.0188978374E+02
           GradRho = -6.1519944694E-10  2.1212520629E-10  7.4066530686E-11
           HessRho_EigVals = -1.6290475936E+06 -1.6290444423E+06 -1.6290264652E+06
           HessRho_EigVec1 =  4.3988722734E-01  8.4839962799E-01  2.9447801014E-01
           HessRho_EigVec2 =  8.4742265887E-01 -5.0068248107E-01  1.7661226000E-01
           HessRho_EigVec3 = -2.9727775642E-01 -1.7185786097E-01  9.3919689691E-01
           DelSqRho = -4.8871185011E+06
           Bond Ellipticity = NA
           V = -1.2218460927E+06
           G =  3.3233699189E+01
           K =  1.2218128590E+06
           L =  1.2217796253E+06
           Vnuc =  2.2395566566E+06
           Ven = -4.5214362690E+08
           Vrep =  4.5092178081E+08
           DelSqV =  7.8414159280E+11
           DelSqVen =  1.0944978780E+13
           DelSqVrep = -1.0160837187E+13
           DelSqG =  9.8590499419E+09
           DelSqK = -7.9400064274E+11
           Stress_EigVals = -4.0728441008E+05 -4.0728128603E+05 -4.0728039656E+05
           Stress_EigVec1 = -2.6875621459E-01 -1.4055496415E-01  9.5289789546E-01
           Stress_EigVec2 =  8.4606770020E-01 -5.0728602075E-01  1.6379969425E-01
           Stress_EigVec3 =  4.6036892142E-01  8.5023831671E-01  2.5525528592E-01
           -DivStress =  3.0353432437E+05  2.1274650564E+05 -7.2201281666E+05
           ESP =  -1.8375138279E+01     ESP at Nucleus =  -1.8375138333E+01
           ESPe = -3.5141886686E+01     ESPe at Nucleus = -3.5141883978E+01
           ESPn =  1.6766748408E+01     ESPn at Nucleus =  1.6766745644E+01

CP# 8      Coords = -7.33237609337511E+00  2.49584400379429E+00 -2.19732912641066E+00
           Type = (3,-3) NACP N8
           Rho =  2.0187604915E+02     Rho at Nucleus =  2.0187604146E+02
           GradRho =  6.4887648032E-10  3.5898052586E-10  3.6389669056E-11
           HessRho_EigVals = -1.6289363718E+06 -1.6289334524E+06 -1.6289152808E+06
           HessRho_EigVec1 = -5.0862893247E-01  8.1986350663E-01 -2.6290766354E-01
           HessRho_EigVec2 = -6.0367024001E-01 -1.2185954958E-01  7.8786578267E-01
           HessRho_EigVec3 =  6.1390459388E-01  5.5944086432E-01  5.5690849243E-01
           DelSqRho = -4.8867851050E+06
           Bond Ellipticity = NA
           V = -1.2217628197E+06
           G =  3.3271710058E+01
           K =  1.2217295480E+06
           L =  1.2216962763E+06
           Vnuc =  2.2788271949E+06
           Ven = -4.6004063079E+08
           Vrep =  4.5881886797E+08
           DelSqV =  7.8408822944E+11
           DelSqVen =  1.1136138792E+13
           DelSqVrep = -1.0352050564E+13
           DelSqG =  9.8583762741E+09
           DelSqK = -7.9394660571E+11
           Stress_EigVals = -4.0725667414E+05 -4.0725348546E+05 -4.0725266007E+05
           Stress_EigVec1 =  5.8763361625E-01  5.8907668813E-01  5.5468494531E-01
           Stress_EigVec2 = -6.0138314165E-01 -1.4065556346E-01  7.8648224990E-01
           Stress_EigVec3 = -5.4131788257E-01  7.9574158366E-01 -2.7160685198E-01
           -DivStress = -5.4696534598E+05 -3.6967120971E+05 -4.4751379191E+05
           ESP =  -1.8378896865E+01     ESP at Nucleus =  -1.8378896918E+01
           ESPe = -3.4910876856E+01     ESPe at Nucleus = -3.4910873169E+01
           ESPn =  1.6531979991E+01     ESPn at Nucleus =  1.6531976251E+01

CP# 9      Coords =  5.31509047881980E+00  1.09125923007390E+00  5.15565914688004E-01
           Type = (3,-3) NACP C9
           Rho =  1.2443556396E+02     Rho at Nucleus =  1.2443556359E+02
           GradRho = -1.2156786688E-10 -6.0447147288E-11  2.1042501075E-11
           HessRho_EigVals = -7.4000911751E+05 -7.4000773719E+05 -7.4000675650E+05
           HessRho_EigVec1 =  3.9592201888E-01  9.1245565462E-01  1.0329778952E-01
           HessRho_EigVec2 =  9.0037943445E-01 -4.0784366546E-01  1.5159293708E-01
           HessRho_EigVec3 = -1.8045118176E-01 -3.2988223615E-02  9.8303059368E-01
           DelSqRho = -2.2200236112E+06
           Bond Ellipticity = NA
           V = -5.5502582964E+05
           G =  9.9634215921E+00
           K =  5.5501586622E+05
           L =  5.5500590280E+05
           Vnuc =  5.9590846031E+06
           Ven = -7.4152205330E+08
           Vrep =  7.4096702747E+08
           DelSqV =  2.6315453151E+11
           DelSqVen =  1.3229309100E+13
           DelSqVrep = -1.2966154569E+13
           DelSqG =  3.3006976935E+09
           DelSqK = -2.6645522921E+11
           Stress_EigVals = -1.8500891238E+05 -1.8500864188E+05 -1.8500827538E+05
           Stress_EigVec1 = -1.4407530611E-01 -5.0777416124E-02  9.8826310271E-01
           Stress_EigVec2 =  9.0071990563E-01 -4.2031643925E-01  1.0971664639E-01
           Stress_EigVec3 =  4.0981210056E-01  9.0595570803E-01  1.0629344911E-01
           -DivStress = -7.0479336670E+04 -4.4449322053E+04  2.7477746366E+04
           ESP =  -1.4698394168E+01     ESP at Nucleus =  -1.4698394172E+01
           ESPe = -3.6044109464E+01     ESPe at Nucleus = -3.6044109786E+01
           ESPn =  2.1345715296E+01     ESPn at Nucleus =  2.1345715614E+01

CP# 10     Coords = -5.43571380606765E+00  8.08096159428637E-01 -1.14114093198866E+00
           Type = (3,-3) NACP C10
           Rho =  1.2443773507E+02     Rho at Nucleus =  1.2443773466E+02
           GradRho =  1.7792434193E-10  1.5868528713E-11  4.8631432215E-11
           HessRho_EigVals = -7.4002397407E+05 -7.4002277395E+05 -7.4002129532E+05
           HessRho_EigVec1 =  6.2631355128E-01 -5.5787799127E-01  5.4452133323E-01
           HessRho_EigVec2 =  7.0501791589E-01  7.0342497352E-01 -9.0238821475E-02
           HessRho_EigVec3 = -3.3268765195E-01  4.4041509225E-01  8.3387857195E-01
           DelSqRho = -2.2200680433E+06
           Bond Ellipticity = NA
           V = -5.5503696271E+05
           G =  9.9759352762E+00
           K =  5.5502698677E+05
           L =  5.5501701084E+05
           Vnuc =  5.6503770783E+06
           Ven = -7.0312012594E+08
           Vrep =  7.0256508897E+08
           DelSqV =  2.6315981346E+11
           DelSqVen =  1.2544221118E+13
           DelSqVrep = -1.2281061305E+13
           DelSqG =  3.3007724788E+09
           DelSqK = -2.6646058594E+11
           Stress_EigVals = -1.8501269359E+05 -1.8501228998E+05 -1.8501197914E+05
           Stress_EigVec1 = -3.2395518975E-01  4.3588404891E-01  8.3967739695E-01
           Stress_EigVec2 =  6.9509582234E-01  7.1174459860E-01 -1.0129868770E-01
           Stress_EigVec3 =  6.4179033398E-01 -5.5084001514E-01  5.3355453791E-01
           -DivStress =  7.1985958560E+04 -5.3980432384E+04 -2.1612088639E+04
           ESP =  -1.4704036219E+01     ESP at Nucleus =  -1.4704036222E+01
           ESPe = -3.6043669338E+01     ESPe at Nucleus = -3.6043669561E+01
           ESPn =  2.1339633119E+01     ESPn at Nucleus =  2.1339633339E+01

CP# 11     Coords =  3.22116589431045E+00  1.37651543087750E+00 -1.42531833864420E+00
           Type = (3,-3) NACP C11
           Rho =  1.2449505459E+02     Rho at Nucleus =  1.2449505421E+02
           GradRho =  8.1268713981E-11 -6.7543970417E-11  7.9986260670E-11
           HessRho_EigVals = -7.4035898472E+05 -7.4035703500E+05 -7.4035610016E+05
           HessRho_EigVec1 = -7.1146948394E-01 -7.0226910813E-01 -2.5085318162E-02
           HessRho_EigVec2 = -5.0232531386E-01  5.3322089918E-01 -6.8069431593E-01
           HessRho_EigVec3 = -4.9140660606E-01  4.7169224335E-01  7.3213794812E-01
           DelSqRho = -2.2210721199E+06
           Bond Ellipticity = NA
           V = -5.5528813284E+05
           G =  1.0051432318E+01
           K =  5.5527808140E+05
           L =  5.5526802997E+05
           Vnuc =  5.9316647737E+06
           Ven = -7.3846292983E+08
           Vrep =  7.3790764169E+08
           DelSqV =  2.6327863817E+11
           DelSqVen =  1.3174655418E+13
           DelSqVrep = -1.2911376780E+13
           DelSqG =  3.3022386106E+09
           DelSqK = -2.6658087678E+11
           Stress_EigVals = -1.8509641956E+05 -1.8509616408E+05 -1.8509554919E+05
           Stress_EigVec1 = -4.9358286966E-01  4.9806259248E-01  7.1295834714E-01
           Stress_EigVec2 =  5.0957081885E-01 -4.9870397346E-01  7.0116469352E-01
           Stress_EigVec3 =  7.0477906564E-01  7.0938565029E-01 -7.6464247597E-03
           -DivStress =  5.0185904162E+04  6.5308209179E+04 -3.1506627836E+04
           ESP =  -1.4721286705E+01     ESP at Nucleus =  -1.4721286709E+01
           ESPe = -3.6295085777E+01     ESPe at Nucleus = -3.6295084199E+01
           ESPn =  2.1573799072E+01     ESPn at Nucleus =  2.1573797489E+01

CP# 12     Coords = -3.48519920889320E+00  2.13688833752157E+00  5.26626702265228E-01
           Type = (3,-3) NACP C12
           Rho =  1.2451874426E+02     Rho at Nucleus =  1.2451874390E+02
           GradRho = -9.2844704147E-11 -1.9117762928E-11  1.5578427437E-11
           HessRho_EigVals = -7.4049975772E+05 -7.4049779063E+05 -7.4049708840E+05
           HessRho_EigVec1 =  7.0005636475E-01 -5.8196942310E-01  4.1380270269E-01
           HessRho_EigVec2 =  4.3818267325E-01  8.0765374867E-01  3.9457745391E-01
           HessRho_EigVec3 = -5.6384131725E-01 -9.4905283535E-02  8.2041206483E-01
           DelSqRho = -2.2214946368E+06
           Bond Ellipticity = NA
           V = -5.5539367144E+05
           G =  1.0006127348E+01
           K =  5.5538366532E+05
           L =  5.5537365919E+05
           Vnuc =  6.0615714898E+06
           Ven = -7.5477927017E+08
           Vrep =  7.5422387650E+08
           DelSqV =  2.6332862589E+11
           DelSqVen =  1.3465748570E+13
           DelSqVrep = -1.3202419944E+13
           DelSqG =  3.3028661775E+09
           DelSqK = -2.6663149207E+11
           Stress_EigVals = -1.8513156611E+05 -1.8513136548E+05 -1.8513073986E+05
           Stress_EigVec1 = -5.7147940693E-01 -1.3210059558E-01  8.0991402019E-01
           Stress_EigVec2 =  4.2360587823E-01  7.9780710321E-01  4.2902434196E-01
           Stress_EigVec3 =  7.0282952939E-01 -5.8826291632E-01  3.9997174138E-01
           -DivStress = -5.7644922534E+04  5.7766666981E+04 -2.8097768637E+04
           ESP =  -1.4719027031E+01     ESP at Nucleus =  -1.4719027035E+01
           ESPe = -3.6138090451E+01     ESPe at Nucleus = -3.6138089087E+01
           ESPn =  2.1419063420E+01     ESPn at Nucleus =  2.1419062052E+01

CP# 13     Coords =  7.03184764675537E+00 -1.09455274526764E+00 -1.98110724413570E-01
           Type = (3,-3) NACP C13
           Rho =  1.2469754833E+02     Rho at Nucleus =  1.2469754715E+02
           GradRho =  1.8742585262E-10 -2.3389373771E-11  3.6443070783E-14
           HessRho_EigVals = -7.4152779348E+05 -7.4152512675E+05 -7.4152222015E+05
           HessRho_EigVec1 =  5.9415219387E-01  6.1858111267E-01 -5.1414062041E-01
           HessRho_EigVec2 =  7.4271289522E-01 -1.7651293094E-01  6.4592626551E-01
           HessRho_EigVec3 = -3.0880532020E-01  7.6563737647E-01  5.6430371429E-01
           DelSqRho = -2.2245751404E+06
           Bond Ellipticity = NA
           V = -5.5616281556E+05
           G =  9.5152333967E+00
           K =  5.5615330033E+05
           L =  5.5614378509E+05
           Vnuc =  3.3586279825E+06
           Ven = -4.1881267519E+08
           Vrep =  4.1825651238E+08
           DelSqV =  2.6369265683E+11
           DelSqVen =  7.4715203174E+12
           DelSqVrep = -7.2078276524E+12
           DelSqG =  3.3072771259E+09
           DelSqK = -2.6699993396E+11
           Stress_EigVals = -1.8538863520E+05 -1.8538754950E+05 -1.8538663086E+05
           Stress_EigVec1 =  2.2780241661E-01 -7.4025365535E-01 -6.3255875990E-01
           Stress_EigVec2 = -7.7590570463E-01  2.5448745949E-01 -5.7724039228E-01
           Stress_EigVec3 =  5.8828258219E-01  6.2230270665E-01 -5.1639417580E-01
           -DivStress = -1.1410139843E+05  3.3631692513E+04 -1.0091295015E+05
           ESP =  -1.4621595761E+01     ESP at Nucleus =  -1.4621595772E+01
           ESPe = -3.5380311960E+01     ESPe at Nucleus = -3.5380313296E+01
           ESPn =  2.0758716199E+01     ESPn at Nucleus =  2.0758717524E+01

CP# 14     Coords = -6.85604547405097E+00 -1.11056582914127E+00  4.50332601513588E-01
           Type = (3,-3) NACP C14
           Rho =  1.2469416862E+02     Rho at Nucleus =  1.2469416754E+02
           GradRho = -1.6378837175E-10  2.1379953363E-11 -1.5305173795E-11
           HessRho_EigVals = -7.4150613170E+05 -7.4150321014E+05 -7.4150052151E+05
           HessRho_EigVec1 =  8.0890130331E-01 -1.1880228134E-01  5.7581655018E-01
           HessRho_EigVec2 = -6.6826896562E-02  9.5444752455E-01  2.9079905224E-01
           HessRho_EigVec3 = -5.8413427173E-01 -2.7370776540E-01  7.6411465878E-01
           DelSqRho = -2.2245098633E+06
           Bond Ellipticity = NA
           V = -5.5614649020E+05
           G =  9.5121800666E+00
           K =  5.5613697802E+05
           L =  5.5612746584E+05
           Vnuc =  3.5039254233E+06
           Ven = -4.3691906757E+08
           Vrep =  4.3636292108E+08
           DelSqV =  2.6368491910E+11
           DelSqVen =  7.7945164431E+12
           DelSqVrep = -7.5308315240E+12
           DelSqG =  3.3071725246E+09
           DelSqK = -2.6699209162E+11
           Stress_EigVals = -1.8538314968E+05 -1.8538218087E+05 -1.8538115965E+05
           Stress_EigVec1 = -5.8846049429E-01 -1.5803474838E-01  7.9293080718E-01
           Stress_EigVec2 =  5.7914596011E-03  9.7986255877E-01  1.9958914028E-01
           Stress_EigVec3 =  8.0850522921E-01 -1.2204255088E-01  5.7569515380E-01
           -DivStress = -5.7668229678E+03  1.4486897141E+05  3.6551230947E+04
           ESP =  -1.4626923022E+01     ESP at Nucleus =  -1.4626923032E+01
           ESPe = -3.5713837312E+01     ESPe at Nucleus = -3.5713837904E+01
           ESPn =  2.1086914290E+01     ESPn at Nucleus =  2.1086914872E+01

CP# 15     Coords =  4.48163068198008E+00  6.25310784821688E-01  2.34549263115843E+00
           Type = (3,-3) NACP H15
           Rho =  4.5896974535E-01     Rho at Nucleus =  4.5732636791E-01
           GradRho =  8.0603818758E-10  4.3483639779E-10 -1.7473824939E-09
           HessRho_EigVals = -2.2670823553E+01 -2.2664783376E+01 -2.1340872722E+01
           HessRho_EigVec1 =  6.2221028682E-01  6.4112298096E-01  4.4923900348E-01
           HessRho_EigVec2 = -6.6774707773E-01  7.3417130410E-01 -1.2290783709E-01
           HessRho_EigVec3 = -4.0861742394E-01 -2.2350351121E-01  8.8491693471E-01
           DelSqRho = -6.6676479652E+01
           Bond Ellipticity = NA
           V = -1.6686862708E+01
           G =  8.8713976830E-03
