AIMSum (Version 17.01.25, Professional)
Copyright (c) 1997-2017 by Todd A. Keith
AIMSum is a component of the AIMAll package ( http://aim.tkgristmill.com )

TP:  64-bit Linux

Licensed To:  Research Group of Fernando Cortes Guzman, UNAM, fercor@unam.mx

Much of the Quantum Theory of Atoms in Molecules (QTAIM) is described in the book:
  "Atoms in Molecules - A Quantum Theory"
  R.F.W. Bader, Oxford University Press, Oxford, 1990

For additional references see:  http://aim.tkgristmill.com/references.html

Wfn File:  /home/alejandro/wd/aimqb_inps/cystine_b2plyp_def2TZVP.wfn
Sum File:  /home/alejandro/wd/aimqb_inps/cystine_b2plyp_def2TZVP.sum

SumViz File:  /home/alejandro/wd/aimqb_inps/cystine_b2plyp_def2TZVP.sumviz

Wfn Title:   opt cystine M062X def2TZVP                                                    
 
Total memory allocated for AIMSum =        6.771 Megabytes

Atomic units (a.u.) used throughout, except where stated otherwise

Model:  Unknown
 
Restricted, natural orbital wavefunction.
  Number of electrons (from MO Occs)                   =         126.0000000000
  Number of Alpha electrons (from MO Occs)             =          63.0000000000
  Number of Beta electrons (from MO Occs)              =          63.0000000000
  Number of electron pairs (N*(N-1)/2)                 =        7875.0000000000
  Number of electron pairs (from Muller 2EDM)          =        7874.9999975499
  Number of electron pairs (from Muller 2EDM, no SOSI) =        7875.6536201435
 
Nuclear Charges and Cartesian Coordinates:
-------------------------------------------------------------------------------
Atom      Charge                X                  Y                  Z
-------------------------------------------------------------------------------
S1        16.0           8.5789267000E-01  -1.1002275000E+00  -1.2167867700E+00
S2        16.0          -1.1480754000E+00   2.0462070000E-02   1.8843142700E+00
O3         8.0           8.8814505800E+00  -1.3919429800E+00   1.5224311600E+00
O4         8.0          -6.6312796100E+00  -3.4767641500E+00  -3.9398263000E-01
O5         8.0           6.8400224000E+00  -2.3975208100E+00  -2.0337100600E+00
O6         8.0          -8.0733190200E+00  -5.4147810000E-01   2.2770594100E+00
N7         7.0           6.8643920500E+00   3.3773123700E+00   5.7236792000E-01
N8         7.0          -7.3323782000E+00   2.4958425800E+00  -2.1973308500E+00
C9         6.0           5.3150896700E+00   1.0912587200E+00   5.1556623000E-01
C10        6.0          -5.4357129800E+00   8.0809554000E-01  -1.1411411800E+00
C11        6.0           3.2211664700E+00   1.3765161800E+00  -1.4253187000E+00
C12        6.0          -3.4851998700E+00   2.1368890000E+00   5.2662638000E-01
C13        6.0           7.0318463400E+00  -1.0945523600E+00  -1.9811188000E-01
C14        6.0          -6.8560455400E+00  -1.1105641700E+00   4.5033302000E-01
H15        1.0           4.4766372100E+00   6.2261989000E-01   2.3563174400E+00
H16        1.0          -4.4807732900E+00  -1.7429661000E-01  -2.6778405600E+00
H17        1.0           2.2893914000E+00   3.1992885800E+00  -1.2007182300E+00
H18        1.0           4.0046027500E+00   1.2692560600E+00  -3.3276411200E+00
H19        1.0          -2.5343848500E+00   3.6182489000E+00  -5.4641296000E-01
H20        1.0          -4.4405221300E+00   2.9949226800E+00   2.1442283500E+00
H21        1.0           8.3579705800E+00   3.1369197200E+00   1.7467553300E+00
H22        1.0           5.8337675000E+00   4.8448663200E+00   1.2421805100E+00
H23        1.0          -6.5205057400E+00   3.8413193500E+00  -3.2880421300E+00
H24        1.0          -8.3045646300E+00   3.3556141900E+00  -7.8633337000E-01
H25        1.0           9.9424511400E+00  -2.7708222500E+00   9.5631087000E-01
H26        1.0          -7.5871026100E+00  -4.5579835900E+00   7.3339008000E-01
 
Some Atomic Properties:
----------------------
  q(A) = Net Charge of Atom A
  L(A) = Lagrangian of Atom A = -(1/4) Times Atomic Integral of the Laplacian of the Electron Density
  K(A) = Electronic Kinetic Energy of Atom A (Hamiltonian Form)
  K_Scaled(A) = K(A) * E(Mol)/K(Mol) = Approximation to Virial-Based Total Energy of Atom A.
  |Mu_Intra(A)| = Magnitude of Intraatomic Dipole Moment of Atom A
--------------------------------------------------------------------------------------------------
Atom A          q(A)              L(A)              K(A)          K_Scaled(A)      |Mu_Intra(A)|
--------------------------------------------------------------------------------------------------
S1        8.7780460000E-03  2.6928206599E-04  3.9766827094E+02 -3.9833730009E+02  6.0865731937E-01
S2       -2.7247827000E-02  1.7343818930E-04  3.9768084901E+02 -3.9834989931E+02  6.3559409711E-01
O3       -1.1566569674E+00  1.4044963873E-04  7.5685984387E+01 -7.5813316974E+01  2.5530304423E-01
O4       -1.1509909114E+00  5.1601082905E-05  7.5695697433E+01 -7.5823046361E+01  2.7638396755E-01
O5       -1.2054477833E+00  6.3050732275E-05  7.5794950749E+01 -7.5922466659E+01  5.3215114090E-01
O6       -1.2181565344E+00  4.5064501457E-05  7.5785030694E+01 -7.5912529914E+01  5.0765012811E-01
N7       -1.0283684775E+00  1.9370894460E-05  5.4979513594E+01 -5.5072010028E+01  2.5102251958E-01
N8       -1.0317473992E+00 -8.1416828009E-05  5.4982742431E+01 -5.5075244297E+01  2.3230717142E-01
C9        3.8089243330E-01  1.1248106860E-03  3.7743018089E+01 -3.7806516188E+01  4.0061793074E-01
C10       3.9833599700E-01  8.3837575080E-04  3.7738065609E+01 -3.7801555376E+01  4.0386970539E-01
C11      -7.3855059300E-02  7.4506461796E-04  3.7947018467E+01 -3.8010859771E+01  1.3322674194E-01
C12      -9.6645983100E-02  2.4035863220E-04  3.7956981714E+01 -3.8020839781E+01  9.4837406579E-02
C13       1.6239301008E+00 -1.2271183481E-03  3.6940091240E+01 -3.7002238511E+01  8.3224177392E-01
C14       1.6396594018E+00  1.4965974284E-04  3.6932540716E+01 -3.6994675284E+01  8.1966400257E-01
H15       2.8418969790E-02  3.2586445439E-05  6.1895543530E-01 -6.1999675354E-01  1.5375827655E-01
H16       5.3465066670E-02  3.3482365739E-05  6.1235341294E-01 -6.1338362408E-01  1.4432404054E-01
H17       3.1031572220E-02  3.2984719344E-05  6.1341521355E-01 -6.1444721104E-01  1.5587182181E-01
H18       7.2807569960E-02  2.6440571641E-05  5.9422726353E-01 -5.9522697959E-01  1.4993616125E-01
H19       2.6830851170E-02  2.8177262061E-05  6.1320137467E-01 -6.1423301240E-01  1.6067290583E-01
H20       5.5864155450E-02  2.5055839720E-05  5.9953633147E-01 -6.0054497940E-01  1.5327069924E-01
H21       3.7447682687E-01  3.9472815232E-05  4.7668694605E-01 -4.7748891463E-01  1.8351498770E-01
H22       3.5449034971E-01  3.2364409677E-05  4.8518295505E-01 -4.8599921715E-01  1.9399949005E-01
H23       3.5732098104E-01  3.3843788904E-05  4.8294060831E-01 -4.8375309793E-01  1.9413421040E-01
H24       3.6963892836E-01  3.5838595494E-05  4.7652123361E-01 -4.7732292340E-01  1.8932037971E-01
H25       6.0972261144E-01  2.3674196342E-05  3.4791784422E-01 -3.4850317424E-01  1.5598811089E-01
H26       6.0629363153E-01  1.9392711225E-05  3.4977883085E-01 -3.5036729176E-01  1.5729605353E-01
--------------------------------------------------------------------------------------------------
Total     2.8405505100E-03  2.9153050796E-03  1.4398014725E+03 -1.4422237657E+03
 
Molecular charge q(Mol) from the wfn file:   9.1621351619E-15
Molecular energy E(Mol) from the wfn file:  -1.4422234068E+03
Molecular virial ratio (-V(Mol)/T(Mol)) from the wfn file:   2.0016823800E+00
Note.  K_Scaled(A) = (1+V(Mol)/T(Mol))*K(A) = (E(Mol)/T(Mol))*K(A)
       Only use K_Scaled(A) data with caution.
 
Note.  Potentially significant cumulative integration error.
 
N_AIMInt(SumA)     =        125.997159
N_Analytic(Mol)    =        125.999987
 
G_AIMInt(SumA)     =       1439.798557
G_Analytic(Mol)    =       1439.801027
 
K_AIMInt(SumA)     =       1439.801473
K_Analytic(Mol)    =       1439.801027
 
L_AIMInt(SumA)     =          0.002915
L_Analytic(Mol)    =          0.000000
 
VenT_AIMInt(SumA)  =      -5747.701857
VenT_Analytic(Mol) =      -5747.764699
 
Some Information About the Atomic Calculations:
----------------------------------------------
  Time(sec) = "Elapsed User Time", in Seconds, for Atom A by AIMInt and, if used, by TWOe
  NProc = Number of Processors Used for AIMInt Job
  BIM = Basin Integration Method
  OAQ = Angular Quadrature Outside of Beta Sphere
  ORQ = Multiple of Default for Radial Quadrature Outside of Beta Sphere
  IAQ = Multiple of Default for Angular Quadrature Inside of Beta Sphere
  IRQ = Multiple of Default for Radial Quadrature Inside of Beta Sphere
  MIR = Maximum Integration Radius
------------------------------------------------------------------------------------------------------
Atom A     Time(sec)   NProc      BIM              OAQ                 ORQ      IAQ      IRQ      MIR
------------------------------------------------------------------------------------------------------
S1            178       16     Proaim(5)    4334      (Very High)      1.00     1.00     1.00    13.00
S2            130       16     Proaim(5)    4334      (Very High)      1.00     1.00     1.00    13.00
O3             60       16     Proaim(5)    4334      (Very High)      1.00     1.00     1.00    13.00
O4             72       16     Proaim(5)    4334      (Very High)      1.00     1.00     1.00    13.00
O5             57       16     Proaim(5)    3074      (Very High)      1.00     1.00     1.00    13.00
O6             62       16     Proaim(5)    3074      (Very High)      1.00     1.00     1.00    13.00
N7             70       16     Proaim(5)    4334      (Very High)      1.00     1.00     1.00    13.00
N8             84       16     Proaim(5)    4334      (Very High)      1.00     1.00     1.00    13.00
C9            121       16     Proaim(5)    4334      (Very High)      1.00     1.00     1.00    13.00
C10           159       16     Proaim(5)    4334      (Very High)      1.00     1.00     1.00    13.00
C11           122       16     Proaim(5)    4334      (Very High)      1.00     1.00     1.00    13.00
C12           120       16     Proaim(5)    4334      (Very High)      1.00     1.00     1.00    13.00
C13            76       16     Proaim(5)    4334      (Very High)      1.00     1.00     1.00    13.00
C14            80       16     Proaim(5)    4334      (Very High)      1.00     1.00     1.00    13.00
H15            27       16     Proaim(5)    2030      (Very High)      1.00     1.00     1.00    13.00
H16            36       16     Proaim(5)    2030      (Very High)      1.00     1.00     1.00    13.00
H17            35       16     Proaim(5)    2030      (Very High)      1.00     1.00     1.00    13.00
H18            33       16     Proaim(5)    2030      (Very High)      1.00     1.00     1.00    13.00
H19            35       16     Proaim(5)    2030      (Very High)      1.00     1.00     1.00    13.00
H20            34       16     Proaim(5)    2030      (Very High)      1.00     1.00     1.00    13.00
H21            27       16     Proaim(5)    2030      (Very High)      1.00     1.00     1.00    13.00
H22            21       16     Proaim(5)    2030      (Very High)      1.00     1.00     1.00    13.00
H23            27       16     Proaim(5)    2030      (Very High)      1.00     1.00     1.00    13.00
H24            25       16     Proaim(5)    2030      (Very High)      1.00     1.00     1.00    13.00
H25            22       16     Proaim(5)    2030      (Very High)      1.00     1.00     1.00    13.00
H26            20       16     Proaim(5)    2030      (Very High)      1.00     1.00     1.00    13.00
------------------------------------------------------------------------------------------------------
Total        1733
Note:  Total wall clock time is less than total of atomic times if more than one atom
       was calculated at a time
 
Electron Density Critical Point Analysis of Molecular Structure:               
---------------------------------------------------------------                
  NACP = Nuclear Attractor Critical Point                                      
  NNACP = Non-Nuclear Attractor Critical Point                                 
  BCP = Bond Critical Point                                                    
  RCP = Ring Critical Point                                                    
  CCP = Cage Critical Point                                                    
  Rho = Electron Density                                                       
  GradRho = Gradient of Electron Density                                       
  HessRho_EigVals = Eigenvalues of the Hessian of Rho, Ascending Order         
  HessRho_EigVecs = Eigenvectors of the Hessian of Rho                         
  DelSqRho = Laplacian of Rho = Trace of Hessian of Rho                        
  Bond Ellipticity = (HessRho_EigVal(1) / HessRho_EigVal(2)) - 1               
  V = Virial Field = Potential Energy Density = Trace of Stress Tensor         
  G = Lagrangian Form of Kinetic Energy Density                                
  K = Hamiltonian Form of Kinetic Energy Density                               
  L = K - G = Lagrangian Density = (-1/4)DelSqRho                              
  Vnuc = Electrostatic Potential from Nuclei                                   
  Ven = Electron-nuclear attractive contribution to Virial Field V             
  Vrep = V - Ven = Repulsive contribution to Virial Field V                    
  DelSqV = Laplacian of V                                                      
  DelSqVen = Laplacian of Ven                                                  
  DelSqVrep = Laplacian of Vrep                                                
  DelSqG = Laplacian of G                                                      
  DelSqK = Laplacian of K                                                      
  Stress_EigVals = Eigenvalues of Stress Tensor, Ascending Order               
  Stress_EigVecs = Eigenvectors of Stress Tensor                               
  -DivStress = Ehrenfest Force Density = Minus Divergence of Stress Tensor     
  ESP = Total Electrostatic Potential                                          
  ESPe = Electrostatic Potential from Electrons                                
  ESPn = Electrostatic Potential from Nuclei                                   
  BP = Bond Path                                                               
  BPL = Bond Path Length                                                       
  GBL = Geometric Bond Length                                                  
  GBL_I = Distance Between Nuclear Attractors                                  
  GBL_II = Distance Between Nuclei                                             
  GBL_III = Sum of Distances Between BCP and Nuclear Attractors                
  GBL_IV = Sum of Distances Between BCP and Nuclei                             

CP# 1      Coords =  8.57892742799503E-01 -1.10022689924250E+00 -1.21678633894117E+00
           Type = (3,-3) NACP S1
           Rho =  2.5712428612E+03     Rho at Nucleus =  2.5712428507E+03
           GradRho =  6.9932326596E-10 -3.5427945022E-09  4.1865320100E-09
           HessRho_EigVals = -3.8235817159E+07 -3.8235662528E+07 -3.8235394304E+07
           HessRho_EigVec1 =  7.3507377328E-01  9.1251611979E-02 -6.7181819799E-01
           HessRho_EigVec2 =  3.0389270016E-01  8.4144025172E-01  4.4679696684E-01
           HessRho_EigVec3 = -6.0606581707E-01  5.3258937851E-01 -5.9078996206E-01
           DelSqRho = -1.1470687399E+08
           Bond Ellipticity = NA
           V = -2.8696149574E+07
           G =  9.7155380949E+03
           K =  2.8686434036E+07
           L =  2.8676718498E+07
           Vnuc =  2.1534883672E+07
           Ven = -5.5371415909E+10
           Vrep =  5.5342719760E+10
           DelSqV =  1.2697522950E+13
           DelSqVen =  2.4701991449E+15
           DelSqVrep = -2.4575016214E+15
           DelSqG =  4.2674800660E+11
           DelSqK = -1.3124270957E+13
           Stress_EigVals = -9.5654411199E+06 -9.5653731531E+06 -9.5653353008E+06
           Stress_EigVec1 = -6.0596762362E-01  5.3238026127E-01 -5.9107909500E-01
           Stress_EigVec2 =  3.0744874943E-01  8.4203791400E-01  4.4322389134E-01
           Stress_EigVec3 =  7.3367465923E-01  8.6852799594E-02 -6.7392735929E-01
           -DivStress = -3.0220379690E+05 -2.4940790218E+06 -1.7895921101E+06
           ESP =  -5.9217609265E+01     ESP at Nucleus =  -5.9217609291E+01
           ESPe = -7.7475817956E+01     ESPe at Nucleus = -7.7475816870E+01
           ESPn =  1.8258208691E+01     ESPn at Nucleus =  1.8258207578E+01

CP# 2      Coords = -1.14807547283270E+00  2.04622602512760E-02  1.88431357542499E+00
           Type = (3,-3) NACP S2
           Rho =  2.5711916891E+03     Rho at Nucleus =  2.5711916791E+03
           GradRho = -4.0700172121E-09  1.1105782960E-11 -1.5322001445E-09
           HessRho_EigVals = -3.8235036823E+07 -3.8234887938E+07 -3.8234625228E+07
           HessRho_EigVec1 =  7.2810337661E-01 -5.2042202919E-01 -4.4612373227E-01
           HessRho_EigVec2 =  2.8009369723E-01 -3.6813735201E-01  8.8657904940E-01
           HessRho_EigVec3 =  6.2563007739E-01  7.7047764509E-01  1.2227511879E-01
           DelSqRho = -1.1470454999E+08
           Bond Ellipticity = NA
           V = -2.8695571211E+07
           G =  9.7168571365E+03
           K =  2.8685854354E+07
           L =  2.8676137497E+07
           Vnuc =  2.2104556158E+07
           Ven = -5.6835051084E+10
           Vrep =  5.6806355513E+10
           DelSqV =  1.2697267173E+13
           DelSqVen =  2.5354931746E+15
           DelSqVrep = -2.5227958738E+15
           DelSqG =  4.2673925592E+11
           DelSqK = -1.3124006429E+13
           Stress_EigVals = -9.5652469201E+06 -9.5651803674E+06 -9.5651439239E+06
           Stress_EigVec1 =  6.2549765267E-01  7.7052758722E-01  1.2263736723E-01
           Stress_EigVec2 =  2.8357694110E-01 -3.7094670466E-01  8.8429783489E-01
           Stress_EigVec3 =  7.2686780434E-01 -5.1834909052E-01 -4.5053014924E-01
           -DivStress =  3.0234760379E+05 -7.8981298403E+05  2.8835184130E+06
           ESP =  -5.9216190914E+01     ESP at Nucleus =  -5.9216190939E+01
           ESPe = -7.7344923340E+01     ESPe at Nucleus = -7.7344922213E+01
           ESPn =  1.8128732426E+01     ESPn at Nucleus =  1.8128731274E+01

CP# 3      Coords =  8.88144993669490E+00 -1.39194584342441E+00  1.52242665407711E+00
           Type = (3,-3) NACP O3
           Rho =  3.0163708429E+02     Rho at Nucleus =  3.0163706257E+02
           GradRho =  4.0770276044E-11  1.1468062611E-10 -1.2598433408E-10
           HessRho_EigVals = -1.5024804649E+06 -1.5024556644E+06 -1.5024476806E+06
           HessRho_EigVec1 =  8.0735533836E-01 -5.4654872218E-01  2.2240020662E-01
           HessRho_EigVec2 = -1.2790766546E-01 -5.3004837809E-01 -8.3826508099E-01
           HessRho_EigVec3 =  5.7603557767E-01  6.4833109687E-01 -4.9784515875E-01
           DelSqRho = -4.5073838099E+06
           Bond Ellipticity = NA
           V = -1.1269985949E+06
           G =  7.6321232868E+01
           K =  1.1269222737E+06
           L =  1.1268459525E+06
           Vnuc =  1.4877247294E+06
           Ven = -4.4875294961E+08
           Vrep =  4.4762595102E+08
           DelSqV =  2.1963634826E+11
           DelSqVen =  6.7057463603E+12
           DelSqVrep = -6.4861100141E+12
           DelSqG =  5.6146598476E+09
           DelSqK = -2.2525100811E+11
           Stress_EigVals = -3.7566963051E+05 -3.7566693892E+05 -3.7566202550E+05
           Stress_EigVec1 =  5.7659465257E-01  6.4925898109E-01 -4.9598526400E-01
           Stress_EigVec2 =  1.2072535093E-01  5.3269148330E-01  8.3765456679E-01
           Stress_EigVec3 =  8.0806187651E-01 -5.4286513896E-01  2.2876504241E-01
           -DivStress =  4.6532934046E+04  2.0721465133E+05  3.2605669712E+05
           ESP =  -2.2298771264E+01     ESP at Nucleus =  -2.2298771499E+01
           ESPe = -3.7957330821E+01     ESPe at Nucleus = -3.7957324845E+01
           ESPn =  1.5658559557E+01     ESPn at Nucleus =  1.5658553346E+01

CP# 4      Coords = -6.63128251005783E+00 -3.47676250242286E+00 -3.93978177923043E-01
           Type = (3,-3) NACP O4
           Rho =  3.0168251066E+02     Rho at Nucleus =  3.0168248741E+02
           GradRho = -1.2659306936E-10  2.5482016497E-10 -4.1386227778E-11
           HessRho_EigVals = -1.5027217340E+06 -1.5026965608E+06 -1.5026898140E+06
           HessRho_EigVec1 =  2.6782564733E-01  9.4729885182E-01 -1.7576776717E-01
           HessRho_EigVec2 = -5.1180930914E-01  2.9444915570E-01  8.0706314857E-01
           HessRho_EigVec3 =  8.1628466463E-01 -1.2619263071E-01  5.6369740663E-01
           DelSqRho = -4.5081081088E+06
           Bond Ellipticity = NA
           V = -1.1271794702E+06
           G =  7.6221499612E+01
           K =  1.1271032487E+06
           L =  1.1270270272E+06
           Vnuc =  1.4381160540E+06
           Ven = -4.3385446180E+08
           Vrep =  4.3272728233E+08
           DelSqV =  2.1967160370E+11
           DelSqVen =  6.4831826432E+12
           DelSqVrep = -6.2635110375E+12
           DelSqG =  5.6156210188E+09
           DelSqK = -2.2528722472E+11
           Stress_EigVals = -3.7572976698E+05 -3.7572731819E+05 -3.7572238504E+05
           Stress_EigVec1 =  8.1405041078E-01 -1.2463043509E-01  5.6726465019E-01
           Stress_EigVec2 = -5.1722858310E-01  2.8871577874E-01  8.0567846684E-01
           Stress_EigVec3 =  2.6419031310E-01  9.4926837815E-01 -1.7056677493E-01
           -DivStress =  2.0989439977E+05 -1.1922327945E+05 -3.2222226241E+05
           ESP =  -2.2305081147E+01     ESP at Nucleus =  -2.2305081401E+01
           ESPe = -3.9030340630E+01     ESPe at Nucleus = -3.9030335666E+01
           ESPn =  1.6725259483E+01     ESPn at Nucleus =  1.6725254265E+01

CP# 5      Coords =  6.84002305378444E+00 -2.39751765649994E+00 -2.03370543466270E+00
           Type = (3,-3) NACP O5
           Rho =  3.0191746840E+02     Rho at Nucleus =  3.0191744451E+02
           GradRho = -3.2699509767E-10 -1.9345480773E-10 -5.6963322947E-11
           HessRho_EigVals = -1.5039640104E+06 -1.5039566984E+06 -1.5039335220E+06
           HessRho_EigVec1 =  5.7942719310E-01  6.1819668558E-01 -5.3112803149E-01
           HessRho_EigVec2 =  9.5708755846E-02  5.9555248207E-01  7.9759455562E-01
           HessRho_EigVec3 =  8.0938492817E-01 -5.1298157769E-01  2.8591246738E-01
           DelSqRho = -4.5118542308E+06
           Bond Ellipticity = NA
           V = -1.1281152346E+06
           G =  7.5838426875E+01
           K =  1.1280393961E+06
           L =  1.1279635577E+06
           Vnuc =  1.4194354639E+06
           Ven = -4.2855236181E+08
           Vrep =  4.2742424658E+08
           DelSqV =  2.1985404025E+11
           DelSqVen =  6.4042859028E+12
           DelSqVrep = -6.1844318626E+12
           DelSqG =  5.6205943268E+09
           DelSqK = -2.2547463457E+11
           Stress_EigVals = -3.7604303552E+05 -3.7603673121E+05 -3.7603546782E+05
           Stress_EigVec1 =  8.0886151353E-01 -5.1632686418E-01  2.8133542480E-01
           Stress_EigVec2 = -1.0512726091E-01 -5.9774053237E-01 -7.9476695639E-01
           Stress_EigVec3 =  5.7852511695E-01  6.1328038065E-01 -5.3776934068E-01
           -DivStress = -4.7355023644E+04 -2.2841769456E+05 -3.3502831768E+05
           ESP =  -2.2360155942E+01     ESP at Nucleus =  -2.2360156174E+01
           ESPe = -3.9243695941E+01     ESPe at Nucleus = -3.9243683179E+01
           ESPn =  1.6883539998E+01     ESPn at Nucleus =  1.6883527005E+01

CP# 6      Coords = -8.07331605651041E+00 -5.41479597044213E-01  2.27705493393416E+00
           Type = (3,-3) NACP O6
           Rho =  3.0188821853E+02     Rho at Nucleus =  3.0188819517E+02
           GradRho =  8.8431995060E-10 -3.0007551999E-11  2.8080915371E-10
           HessRho_EigVals = -1.5038116976E+06 -1.5038060872E+06 -1.5037833318E+06
           HessRho_EigVec1 =  8.0181282705E-01 -1.3909219140E-01  5.8116224299E-01
           HessRho_EigVec2 = -5.3764539792E-01  2.5658251388E-01  8.0318294283E-01
           HessRho_EigVec3 =  2.6083254489E-01  9.5646159142E-01 -1.3094887424E-01
           DelSqRho = -4.5114011165E+06
           Bond Ellipticity = NA
           V = -1.1280020324E+06
           G =  7.5876659291E+01
           K =  1.1279261558E+06
           L =  1.1278502791E+06
           Vnuc =  1.4355032506E+06
           Ven = -4.3336151901E+08
           Vrep =  4.3223351698E+08
           DelSqV =  2.1983199385E+11
           DelSqVen =  6.4761309737E+12
           DelSqVrep = -6.2562989798E+12
           DelSqG =  5.6200083255E+09
           DelSqK = -2.2545200218E+11
           Stress_EigVals = -3.7600508738E+05 -3.7599890016E+05 -3.7599804491E+05
           Stress_EigVec1 =  2.6146538928E-01  9.5613272754E-01 -1.3208352481E-01
           Stress_EigVec2 = -5.3874144901E-01  2.5811028436E-01  8.0195806139E-01
           Stress_EigVec3 =  8.0087046476E-01 -1.3852540716E-01  5.8259523706E-01
           -DivStress = -2.1463390676E+05  1.0842505583E+05  3.2418411342E+05
           ESP =  -2.2366745481E+01     ESP at Nucleus =  -2.2366745708E+01
           ESPe = -3.8803351145E+01     ESPe at Nucleus = -3.8803336846E+01
           ESPn =  1.6436605664E+01     ESPn at Nucleus =  1.6436591138E+01

CP# 7      Coords =  6.86438977232814E+00  3.37731070232733E+00  5.72373089962571E-01
           Type = (3,-3) NACP N7
           Rho =  1.9832332206E+02     Rho at Nucleus =  1.9832330926E+02
           GradRho =  1.9275642194E-10 -1.3837642143E-10  3.0224267533E-11
           HessRho_EigVals = -7.3797518935E+05 -7.3797276131E+05 -7.3795842011E+05
           HessRho_EigVec1 =  4.3789790413E-01  8.4980566250E-01  2.9338670988E-01
           HessRho_EigVec2 =  8.4933140128E-01 -4.9803911529E-01  1.7490914909E-01
           HessRho_EigVec3 = -2.9475684275E-01 -1.7259019562E-01  9.3985691891E-01
           DelSqRho = -2.2139063708E+06
           Bond Ellipticity = NA
           V = -5.5353354757E+05
           G =  2.8477439376E+01
           K =  5.5350507013E+05
           L =  5.5347659269E+05
           Vnuc =  1.1883804181E+06
           Ven = -2.3568355240E+08
           Vrep =  2.3513001885E+08
           DelSqV =  7.8816895005E+10
           DelSqVen =  2.6309629839E+12
           DelSqVrep = -2.5521460889E+12
           DelSqG =  2.0600495221E+09
           DelSqK = -8.0876944527E+10
           Stress_EigVals = -1.8451328841E+05 -1.8451047170E+05 -1.8450978746E+05
           Stress_EigVec1 = -2.7595751354E-01 -1.5054471609E-01  9.4930697837E-01
           Stress_EigVec2 =  8.4688372539E-01 -5.0518183804E-01  1.6607006408E-01
           Stress_EigVec3 =  4.5457167354E-01  8.4978091234E-01  2.6690259391E-01
           -DivStress =  5.9121318930E+04  4.3280247605E+04 -1.3421730361E+05
           ESP =  -1.8388598905E+01     ESP at Nucleus =  -1.8388599112E+01
           ESPe = -3.5155350058E+01     ESPe at Nucleus = -3.5155344756E+01
           ESPn =  1.6766751153E+01     ESPn at Nucleus =  1.6766745644E+01

CP# 8      Coords = -7.33237416329953E+00  2.49584512628449E+00 -2.19732755788364E+00
           Type = (3,-3) NACP N8
           Rho =  1.9830683701E+02     Rho at Nucleus =  1.9830682460E+02
           GradRho = -2.4423985057E-10  1.5295098521E-11  1.3106948860E-10
           HessRho_EigVals = -7.3791228879E+05 -7.3791007231E+05 -7.3789549958E+05
           HessRho_EigVec1 = -5.0631034305E-01  8.2028721267E-01 -2.6604271321E-01
           HessRho_EigVec2 = -6.0711837003E-01 -1.1997408525E-01  7.8550207106E-01
           HessRho_EigVec3 =  6.1241907326E-01  5.5922724147E-01  5.5875555577E-01
           DelSqRho = -2.2137178607E+06
           Bond Ellipticity = NA
           V = -5.5348650160E+05
           G =  2.8518214081E+01
           K =  5.5345798339E+05
           L =  5.5342946517E+05
           Vnuc =  1.2073340403E+06
           Ven = -2.3942259474E+08
           Vrep =  2.3886910824E+08
           DelSqV =  7.8810199678E+10
           DelSqVen =  2.6726969300E+12
           DelSqVrep = -2.5938867304E+12
           DelSqG =  2.0598697745E+09
           DelSqK = -8.0870069453E+10
           Stress_EigVals = -1.8449761911E+05 -1.8449475459E+05 -1.8449412790E+05
           Stress_EigVec1 =  5.9508900517E-01  5.7968308283E-01  5.5662967888E-01
           Stress_EigVec2 = -6.0182352143E-01 -1.3758487723E-01  7.8668853469E-01
           Stress_EigVec3 = -5.3261386104E-01  8.0314253096E-01 -2.6699166651E-01
           -DivStress = -1.0477806123E+05 -6.6111010387E+04 -8.5452489163E+04
           ESP =  -1.8391831284E+01     ESP at Nucleus =  -1.8391831479E+01
           ESPe = -3.4923814874E+01     ESPe at Nucleus = -3.4923807730E+01
           ESPn =  1.6531983591E+01     ESPn at Nucleus =  1.6531976251E+01

CP# 9      Coords =  5.31509120569356E+00  1.09125958408723E+00  5.15565622252342E-01
           Type = (3,-3) NACP C9
           Rho =  1.2203893684E+02     Rho at Nucleus =  1.2203893628E+02
           GradRho =  3.9359571158E-11  3.0137808915E-11 -1.7153833909E-11
           HessRho_EigVals = -3.2259353946E+05 -3.2259228910E+05 -3.2259155831E+05
           HessRho_EigVec1 =  4.0748011727E-01  9.0824405140E-01  9.5145662727E-02
           HessRho_EigVec2 =  9.0294799531E-01 -4.1628505119E-01  1.0673178497E-01
           HessRho_EigVec3 = -1.3654622587E-01 -4.2420505166E-02  9.8972502693E-01
           DelSqRho = -9.6777738687E+05
           Bond Ellipticity = NA
           V = -2.4196168317E+05
           G =  8.6682256477E+00
           K =  2.4195301494E+05
           L =  2.4194434672E+05
           Vnuc =  3.2189690907E+06
           Ven = -3.9283956554E+08
           Vrep =  3.9259760386E+08
           DelSqV =  2.3737381685E+10
           DelSqVen =  3.1152454861E+12
           DelSqVrep = -3.0915080880E+12
           DelSqG =  6.3967365752E+08
           DelSqK = -2.4377055343E+10
           Stress_EigVals = -8.0654132118E+04 -8.0653938064E+04 -8.0653612988E+04
           Stress_EigVec1 = -1.0929048346E-01 -6.3523130622E-02  9.9197802501E-01
           Stress_EigVec2 =  9.0789486928E-01 -4.1268633590E-01  7.3599554963E-02
           Stress_EigVec3 =  4.0470050229E-01  9.0865549029E-01  1.0277501354E-01
           -DivStress = -1.2002352443E+04 -6.7546818984E+03  4.7504364852E+03
           ESP =  -1.4709332652E+01     ESP at Nucleus =  -1.4709332667E+01
           ESPe = -3.6055047719E+01     ESPe at Nucleus = -3.6055048281E+01
           ESPn =  2.1345715067E+01     ESPn at Nucleus =  2.1345715614E+01

CP# 10     Coords = -5.43571455149536E+00  8.08096612334368E-01 -1.14114067902163E+00
           Type = (3,-3) NACP C10
           Rho =  1.2204129775E+02     Rho at Nucleus =  1.2204129712E+02
           GradRho =  7.3677317719E-11 -7.6327832943E-13  6.2629623709E-12
           HessRho_EigVals = -3.2260088567E+05 -3.2259979736E+05 -3.2259866446E+05
           HessRho_EigVec1 =  6.3189437549E-01 -5.6718569193E-01  5.2821386682E-01
           HessRho_EigVec2 =  7.1060509862E-01  6.9605965492E-01 -1.0267107970E-01
           HessRho_EigVec3 = -3.0943479448E-01  4.4022874471E-01  8.4288122550E-01
           DelSqRho = -9.6779934748E+05
           Bond Ellipticity = NA
           V = -2.4196718589E+05
           G =  8.6745103709E+00
           K =  2.4195851138E+05
           L =  2.4194983687E+05
           Vnuc =  3.0498044085E+06
           Ven = -3.7220208788E+08
           Vrep =  3.7196012070E+08
           DelSqV =  2.3737922355E+10
           DelSqVen =  2.9515986534E+12
           DelSqVrep = -2.9278607311E+12
           DelSqG =  6.3969041089E+08
           DelSqK = -2.4377612766E+10
           Stress_EigVals = -8.0656024866E+04 -8.0655718426E+04 -8.0655442599E+04
           Stress_EigVec1 = -3.1255908590E-01  4.3936528441E-01  8.4217870115E-01
           Stress_EigVec2 =  7.0132096241E-01  7.0471354267E-01 -1.0736726902E-01
           Stress_EigVec3 =  6.4066818674E-01 -5.5707896176E-01  5.2840070484E-01
           -DivStress =  1.2283014516E+04 -8.3819965062E+03 -3.9145390586E+03
           ESP =  -1.4714675608E+01     ESP at Nucleus =  -1.4714675625E+01
           ESPe = -3.6054308584E+01     ESPe at Nucleus = -3.6054308964E+01
           ESPn =  2.1339632975E+01     ESPn at Nucleus =  2.1339633339E+01

CP# 11     Coords =  3.22116540416425E+00  1.37651483981662E+00 -1.42531804472385E+00
           Type = (3,-3) NACP C11
           Rho =  1.2210113746E+02     Rho at Nucleus =  1.2210113692E+02
           GradRho =  2.6901383898E-11 -3.5711988922E-11  3.1720237548E-11
           HessRho_EigVals = -3.2276307122E+05 -3.2276144506E+05 -3.2276073986E+05
           HessRho_EigVec1 =  6.9450815764E-01  7.1942268017E-01  9.4565442233E-03
           HessRho_EigVec2 =  5.2214613552E-01 -5.1301903648E-01  6.8130380990E-01
           HessRho_EigVec3 = -4.9499680013E-01  4.6823335578E-01  7.3193967811E-01
           DelSqRho = -9.6828525614E+05
           Bond Ellipticity = NA
           V = -2.4208870672E+05
           G =  8.6963400397E+00
           K =  2.4208001038E+05
           L =  2.4207131404E+05
           Vnuc =  3.2725672366E+06
           Ven = -3.9958418200E+08
           Vrep =  3.9934209330E+08
           DelSqV =  2.3749828605E+10
           DelSqVen =  3.1687785595E+12
           DelSqVrep = -3.1450287309E+12
           DelSqG =  6.4002130041E+08
           DelSqK = -2.4389849906E+10
           Stress_EigVals = -8.0696517298E+04 -8.0696335652E+04 -8.0695853765E+04
           Stress_EigVec1 = -4.9579121445E-01  4.9149507690E-01  7.1597741659E-01
           Stress_EigVec2 =  5.2276553777E-01 -4.8943210731E-01  6.9797736701E-01
           Stress_EigVec3 =  6.9347477546E-01  7.2033936565E-01 -1.4280549312E-02
           -DivStress =  8.3307864232E+03  1.0476866332E+04 -5.1239825325E+03
           ESP =  -1.4732772799E+01     ESP at Nucleus =  -1.4732772811E+01
           ESPe = -3.6306573144E+01     ESPe at Nucleus = -3.6306570300E+01
           ESPn =  2.1573800345E+01     ESPn at Nucleus =  2.1573797489E+01

CP# 12     Coords = -3.48519863938718E+00  2.13688783719285E+00  5.26626991276219E-01
           Type = (3,-3) NACP C12
           Rho =  1.2212727446E+02     Rho at Nucleus =  1.2212727394E+02
           GradRho = -2.4534485554E-11  2.0999535444E-11  6.7121863623E-12
           HessRho_EigVals = -3.2283568239E+05 -3.2283404050E+05 -3.2283354746E+05
           HessRho_EigVec1 =  6.8604590449E-01 -6.0219567544E-01  4.0829080985E-01
           HessRho_EigVec2 =  4.4894129834E-01  7.9198917392E-01  4.1376908902E-01
           HessRho_EigVec3 = -5.7253185725E-01 -1.0056598266E-01  8.1369143756E-01
           DelSqRho = -9.6850327034E+05
           Bond Ellipticity = NA
           V = -2.4214312991E+05
           G =  8.6561645977E+00
           K =  2.4213447375E+05
           L =  2.4212581759E+05
           Vnuc =  3.3332585627E+06
           Ven = -4.0708178332E+08
           Vrep =  4.0683964019E+08
           DelSqV =  2.3755169556E+10
           DelSqVen =  3.2282719846E+12
           DelSqVrep = -3.2045167987E+12
           DelSqG =  6.4017300493E+08
           DelSqK = -2.4395342561E+10
           Stress_EigVals = -8.0714629631E+04 -8.0714496244E+04 -8.0714004040E+04
           Stress_EigVec1 = -5.7787113984E-01 -1.3960912172E-01  8.0409840124E-01
           Stress_EigVec2 =  4.3132927052E-01  7.8417183085E-01  4.4612733619E-01
           Stress_EigVec3 =  6.9283476106E-01 -6.0463528911E-01  3.9293276909E-01
           -DivStress = -9.6214582562E+03  9.0921529067E+03 -4.7791449569E+03
           ESP =  -1.4730789745E+01     ESP at Nucleus =  -1.4730789756E+01
           ESPe = -3.6149854219E+01     ESPe at Nucleus = -3.6149851808E+01
           ESPn =  2.1419064474E+01     ESPn at Nucleus =  2.1419062052E+01

CP# 13     Coords =  7.03184879264738E+00 -1.09455333720861E+00 -1.98110012580119E-01
           Type = (3,-3) NACP C13
           Rho =  1.2230376985E+02     Rho at Nucleus =  1.2230376815E+02
           GradRho = -3.8458070062E-11 -1.2945977623E-11 -2.8543833963E-13
           HessRho_EigVals = -3.2334895156E+05 -3.2334689713E+05 -3.2334431000E+05
           HessRho_EigVec1 =  5.9370949388E-01  6.1868141583E-01 -5.1453118718E-01
           HessRho_EigVec2 =  7.3682558081E-01 -1.6098865514E-01  6.5663590854E-01
           HessRho_EigVec3 = -3.2341474972E-01  7.6897071376E-01  5.5144078652E-01
           DelSqRho = -9.7004015869E+05
           Bond Ellipticity = NA
           V = -2.4252667548E+05
           G =  8.3179015657E+00
           K =  2.4251835757E+05
           L =  2.4251003967E+05
           Vnuc =  1.8554044066E+06
           Ven = -2.2692295352E+08
           Vrep =  2.2668042684E+08
           DelSqV =  2.3792862503E+10
           DelSqVen =  1.7998167615E+12
           DelSqVrep = -1.7760239011E+12
           DelSqG =  6.4128013874E+08
           DelSqK = -2.4434142641E+10
           Stress_EigVals = -8.0843060436E+04 -8.0842184003E+04 -8.0841431035E+04
           Stress_EigVec1 = -2.4573451962E-01  7.4619640232E-01  6.1871275648E-01
           Stress_EigVec2 =  7.6895288249E-01 -2.3856488129E-01  5.9312583987E-01
           Stress_EigVec3 =  5.9019150314E-01  6.2151245086E-01 -5.1516624797E-01
           -DivStress = -1.9211818539E+04  7.6534798641E+03 -1.4628447369E+04
           ESP =  -1.4631610039E+01     ESP at Nucleus =  -1.4631610093E+01
           ESPe = -3.5390325111E+01     ESPe at Nucleus = -3.5390327617E+01
           ESPn =  2.0758715071E+01     ESPn at Nucleus =  2.0758717524E+01

CP# 14     Coords = -6.85604561755301E+00 -1.11056724772590E+00  4.50332560987042E-01
           Type = (3,-3) NACP C14
           Rho =  1.2229976218E+02     Rho at Nucleus =  1.2229976062E+02
           GradRho =  9.8279745453E-11 -3.1356735351E-11  6.8932637376E-12
           HessRho_EigVals = -3.2333956723E+05 -3.2333731821E+05 -3.2333491209E+05
           HessRho_EigVec1 =  8.0951368815E-01 -1.1792938812E-01  5.7513498252E-01
           HessRho_EigVec2 = -8.0628810050E-02  9.4800526793E-01  3.0787173786E-01
           HessRho_EigVec3 = -5.8153811886E-01 -2.9559883525E-01  7.5791473459E-01
           DelSqRho = -9.7001179752E+05
           Bond Ellipticity = NA
           V = -2.4251959492E+05
           G =  8.3227689335E+00
           K =  2.4251127215E+05
           L =  2.4250294938E+05
           Vnuc =  1.9275878991E+06
           Ven = -2.3574354165E+08
           Vrep =  2.3550102206E+08
           DelSqV =  2.3792171695E+10
           DelSqVen =  1.8697830482E+12
           DelSqVrep = -1.8459908765E+12
           DelSqG =  6.4126362444E+08
           DelSqK = -2.4433435319E+10
           Stress_EigVals = -8.0840665487E+04 -8.0839879385E+04 -8.0839050047E+04
           Stress_EigVec1 = -5.8757730488E-01 -1.8796680257E-01  7.8703328514E-01
           Stress_EigVec2 = -1.2950288425E-02  9.7470495485E-01  2.2312001482E-01
           Stress_EigVec3 =  8.0906439844E-01 -1.2090794893E-01  5.7514873473E-01
           -DivStress =  6.0676195293E+02  2.4106854460E+04  3.5971152645E+03
           ESP =  -1.4636948267E+01     ESP at Nucleus =  -1.4636948317E+01
           ESPe = -3.5723861969E+01     ESPe at Nucleus = -3.5723863189E+01
           ESPn =  2.1086913702E+01     ESPn at Nucleus =  2.1086914872E+01

CP# 15     Coords =  4.48780019530479E+00  6.28632951576658E-01  2.33201000627079E+00
           Type = (3,-3) NACP H15
           Rho =  4.4046007381E-01     Rho at Nucleus =  4.3725356758E-01
           GradRho = -1.5352302762E-15  2.3678975447E-16  5.2475385148E-16
           HessRho_EigVals = -8.9992829221E+00 -8.9939390400E+00 -8.2917059610E+00
           HessRho_EigVec1 =  6.3039629990E-01  6.3151902826E-01  4.5142465819E-01
           HessRho_EigVec2 = -6.6074359716E-01  7.4175411845E-01 -1.1497272096E-01
           HessRho_EigVec3 = -4.0745356040E-01 -2.2579757461E-01  8.8487120612E-01
           DelSqRho = -2.6284927923E+01
           Bond Ellipticity = NA
