AIMSum (Version 17.01.25, Professional)
Copyright (c) 1997-2017 by Todd A. Keith
AIMSum is a component of the AIMAll package ( http://aim.tkgristmill.com )

TP:  64-bit Linux

Licensed To:  Research Group of Fernando Cortes Guzman, UNAM, fercor@unam.mx

Much of the Quantum Theory of Atoms in Molecules (QTAIM) is described in the book:
  "Atoms in Molecules - A Quantum Theory"
  R.F.W. Bader, Oxford University Press, Oxford, 1990

For additional references see:  http://aim.tkgristmill.com/references.html

Wfn File:  /home/alejandro/wd/aimqb_inps/cystine_b2plyp_def2SVP.wfn
Sum File:  /home/alejandro/wd/aimqb_inps/cystine_b2plyp_def2SVP.sum

SumViz File:  /home/alejandro/wd/aimqb_inps/cystine_b2plyp_def2SVP.sumviz

Wfn Title:   opt cystine M062X def2TZVP                                                    
 
Total memory allocated for AIMSum =        2.622 Megabytes

Atomic units (a.u.) used throughout, except where stated otherwise

Model:  Unknown
 
Restricted, natural orbital wavefunction.
  Number of electrons (from MO Occs)                   =         126.0000001000
  Number of Alpha electrons (from MO Occs)             =          63.0000000500
  Number of Beta electrons (from MO Occs)              =          63.0000000500
  Number of electron pairs (N*(N-1)/2)                 =        7875.0000125500
  Number of electron pairs (from Muller 2EDM)          =        7875.0000125500
  Number of electron pairs (from Muller 2EDM, no SOSI) =        7875.5574687386
 
Nuclear Charges and Cartesian Coordinates:
-------------------------------------------------------------------------------
Atom      Charge                X                  Y                  Z
-------------------------------------------------------------------------------
S1        16.0           8.5789267000E-01  -1.1002275000E+00  -1.2167867700E+00
S2        16.0          -1.1480754000E+00   2.0462070000E-02   1.8843142700E+00
O3         8.0           8.8814505800E+00  -1.3919429800E+00   1.5224311600E+00
O4         8.0          -6.6312796100E+00  -3.4767641500E+00  -3.9398263000E-01
O5         8.0           6.8400224000E+00  -2.3975208100E+00  -2.0337100600E+00
O6         8.0          -8.0733190200E+00  -5.4147810000E-01   2.2770594100E+00
N7         7.0           6.8643920500E+00   3.3773123700E+00   5.7236792000E-01
N8         7.0          -7.3323782000E+00   2.4958425800E+00  -2.1973308500E+00
C9         6.0           5.3150896700E+00   1.0912587200E+00   5.1556623000E-01
C10        6.0          -5.4357129800E+00   8.0809554000E-01  -1.1411411800E+00
C11        6.0           3.2211664700E+00   1.3765161800E+00  -1.4253187000E+00
C12        6.0          -3.4851998700E+00   2.1368890000E+00   5.2662638000E-01
C13        6.0           7.0318463400E+00  -1.0945523600E+00  -1.9811188000E-01
C14        6.0          -6.8560455400E+00  -1.1105641700E+00   4.5033302000E-01
H15        1.0           4.4766372100E+00   6.2261989000E-01   2.3563174400E+00
H16        1.0          -4.4807732900E+00  -1.7429661000E-01  -2.6778405600E+00
H17        1.0           2.2893914000E+00   3.1992885800E+00  -1.2007182300E+00
H18        1.0           4.0046027500E+00   1.2692560600E+00  -3.3276411200E+00
H19        1.0          -2.5343848500E+00   3.6182489000E+00  -5.4641296000E-01
H20        1.0          -4.4405221300E+00   2.9949226800E+00   2.1442283500E+00
H21        1.0           8.3579705800E+00   3.1369197200E+00   1.7467553300E+00
H22        1.0           5.8337675000E+00   4.8448663200E+00   1.2421805100E+00
H23        1.0          -6.5205057400E+00   3.8413193500E+00  -3.2880421300E+00
H24        1.0          -8.3045646300E+00   3.3556141900E+00  -7.8633337000E-01
H25        1.0           9.9424511400E+00  -2.7708222500E+00   9.5631087000E-01
H26        1.0          -7.5871026100E+00  -4.5579835900E+00   7.3339008000E-01
 
Some Atomic Properties:
----------------------
  q(A) = Net Charge of Atom A
  L(A) = Lagrangian of Atom A = -(1/4) Times Atomic Integral of the Laplacian of the Electron Density
  K(A) = Electronic Kinetic Energy of Atom A (Hamiltonian Form)
  K_Scaled(A) = K(A) * E(Mol)/K(Mol) = Approximation to Virial-Based Total Energy of Atom A.
  |Mu_Intra(A)| = Magnitude of Intraatomic Dipole Moment of Atom A
--------------------------------------------------------------------------------------------------
Atom A          q(A)              L(A)              K(A)          K_Scaled(A)      |Mu_Intra(A)|
--------------------------------------------------------------------------------------------------
S1       -8.6034800000E-03  1.5926692482E-06  3.9738651414E+02 -3.9884345629E+02  6.4123174948E-01
S2       -4.4347206000E-02  2.5442600098E-06  3.9739574777E+02 -3.9885272378E+02  6.5649191836E-01
O3       -1.1987871969E+00  7.9279660036E-05  7.5419221317E+01 -7.5695731563E+01  3.0788304338E-01
O4       -1.1907936795E+00 -8.3154028923E-07  7.5435652887E+01 -7.5712223376E+01  3.2175233309E-01
O5       -1.2186717578E+00  4.7973571152E-05  7.5507585110E+01 -7.5784419325E+01  5.8053409617E-01
O6       -1.2314497190E+00  4.4382855153E-05  7.5493140339E+01 -7.5769921594E+01  5.6123547556E-01
N7       -1.1643956760E+00 -8.9011299309E-05  5.4781352134E+01 -5.4982197554E+01  1.9580197549E-01
N8       -1.1677069392E+00 -2.3181501200E-04  5.4785070495E+01 -5.4985929547E+01  1.8119521071E-01
C9        4.7276331570E-01  2.9887799410E-04  3.7441529738E+01 -3.7578801993E+01  3.8977494274E-01
C10       4.8881733410E-01 -6.8836677618E-04  3.7437316498E+01 -3.7574573306E+01  4.0198584592E-01
C11       3.4652043800E-02  2.1177967332E-04  3.7656017461E+01 -3.7794076094E+01  9.0884757217E-02
C12       1.2089669100E-02  6.6203372538E-04  3.7668636231E+01 -3.7806741128E+01  7.6044852532E-02
C13       1.6516574516E+00 -7.4545995468E-04  3.6657574557E+01 -3.6791972589E+01  8.4499992292E-01
C14       1.6644294967E+00 -4.1953771457E-04  3.6652372730E+01 -3.6786751691E+01  8.3588978950E-01
H15      -3.4790417600E-02  3.2120569204E-05  6.4159701482E-01 -6.4394930837E-01  1.2672710785E-01
H16      -1.1090409000E-03  1.9935951379E-05  6.3049864614E-01 -6.3281024963E-01  1.2087795973E-01
H17      -2.5024063600E-02  3.5984506949E-05  6.3007860427E-01 -6.3238866776E-01  1.3052028834E-01
H18       2.6203772420E-02  2.7121562440E-05  6.0466725043E-01 -6.0688414802E-01  1.3117876882E-01
H19      -2.9908902500E-02  3.1610005269E-05  6.2930093018E-01 -6.3160814247E-01  1.3479396373E-01
H20       4.0209223100E-03  2.2992805521E-05  6.1276031588E-01 -6.1500688516E-01  1.3205422025E-01
H21       4.3067864463E-01  1.8992850912E-05  4.1887533325E-01 -4.2041106008E-01  2.0310811493E-01
H22       4.0747344050E-01  2.2125263497E-05  4.3062951326E-01 -4.3220833455E-01  2.1253286772E-01
H23       4.1088506045E-01  2.4870490059E-05  4.2804345199E-01 -4.2961279198E-01  2.1213109158E-01
H24       4.2546065875E-01  2.2338638590E-05  4.1882419880E-01 -4.2035973815E-01  2.0917914285E-01
H25       6.4541128705E-01  1.9357812360E-05  3.0226380013E-01 -3.0337199293E-01  1.5678565937E-01
H26       6.4098282368E-01  1.7443234672E-05  3.0513217914E-01 -3.0625088830E-01  1.5857567676E-01
--------------------------------------------------------------------------------------------------
Total    -6.2158210002E-05 -5.3166419778E-04  1.4357704026E+03 -1.4410343820E+03
 
Molecular charge q(Mol) from the wfn file:  -1.0000000226E-07
Molecular energy E(Mol) from the wfn file:  -1.4410345901E+03
Molecular virial ratio (-V(Mol)/T(Mol)) from the wfn file:   2.0036663100E+00
Note.  K_Scaled(A) = (1+V(Mol)/T(Mol))*K(A) = (E(Mol)/T(Mol))*K(A)
       Only use K_Scaled(A) data with caution.
 
N_AIMInt(SumA)     =        126.000062
N_Analytic(Mol)    =        126.000000
 
G_AIMInt(SumA)     =       1435.770934
G_Analytic(Mol)    =       1435.770569
 
K_AIMInt(SumA)     =       1435.770403
K_Analytic(Mol)    =       1435.770569
 
L_AIMInt(SumA)     =         -0.000532
L_Analytic(Mol)    =          0.000000
 
VenT_AIMInt(SumA)  =      -5742.435425
VenT_Analytic(Mol) =      -5742.436689
 
Some Information About the Atomic Calculations:
----------------------------------------------
  Time(sec) = "Elapsed User Time", in Seconds, for Atom A by AIMInt and, if used, by TWOe
  NProc = Number of Processors Used for AIMInt Job
  BIM = Basin Integration Method
  OAQ = Angular Quadrature Outside of Beta Sphere
  ORQ = Multiple of Default for Radial Quadrature Outside of Beta Sphere
  IAQ = Multiple of Default for Angular Quadrature Inside of Beta Sphere
  IRQ = Multiple of Default for Radial Quadrature Inside of Beta Sphere
  MIR = Maximum Integration Radius
------------------------------------------------------------------------------------------------------
Atom A     Time(sec)   NProc      BIM              OAQ                 ORQ      IAQ      IRQ      MIR
------------------------------------------------------------------------------------------------------
S1            106       16     Proaim(5)    4334      (Very High)      1.00     1.00     1.00    13.00
S2             72       16     Proaim(5)    4334      (Very High)      1.00     1.00     1.00    13.00
O3             31       16     Proaim(5)    4334      (Very High)      1.00     1.00     1.00    13.00
O4             37       16     Proaim(5)    4334      (Very High)      1.00     1.00     1.00    13.00
O5             33       16     Proaim(5)    3074      (Very High)      1.00     1.00     1.00    13.00
O6             33       16     Proaim(5)    3074      (Very High)      1.00     1.00     1.00    13.00
N7             46       16     Proaim(5)    4334      (Very High)      1.00     1.00     1.00    13.00
N8             54       16     Proaim(5)    4334      (Very High)      1.00     1.00     1.00    13.00
C9            114       16     Proaim(5)    4334      (Very High)      1.00     1.00     1.00    13.00
C10            86       16     Proaim(5)    4334      (Very High)      1.00     1.00     1.00    13.00
C11            86       16     Proaim(5)    4334      (Very High)      1.00     1.00     1.00    13.00
C12            79       16     Proaim(5)    4334      (Very High)      1.00     1.00     1.00    13.00
C13            50       16     Proaim(5)    4334      (Very High)      1.00     1.00     1.00    13.00
C14            61       16     Proaim(5)    4334      (Very High)      1.00     1.00     1.00    13.00
H15            20       16     Proaim(5)    2030      (Very High)      1.00     1.00     1.00    13.00
H16            26       16     Proaim(5)    2030      (Very High)      1.00     1.00     1.00    13.00
H17            21       16     Proaim(5)    2030      (Very High)      1.00     1.00     1.00    13.00
H18            11       16     Proaim(5)    2030      (Very High)      1.00     1.00     1.00    13.00
H19            13       16     Proaim(5)    2030      (Very High)      1.00     1.00     1.00    13.00
H20            11       16     Proaim(5)    2030      (Very High)      1.00     1.00     1.00    13.00
H21            11       16     Proaim(5)    2030      (Very High)      1.00     1.00     1.00    13.00
H22             9       16     Proaim(5)    2030      (Very High)      1.00     1.00     1.00    13.00
H23            11       16     Proaim(5)    2030      (Very High)      1.00     1.00     1.00    13.00
H24             7       16     Proaim(5)    2030      (Very High)      1.00     1.00     1.00    13.00
H25             5       16     Proaim(5)    2030      (Very High)      1.00     1.00     1.00    13.00
H26             9       16     Proaim(5)    2030      (Very High)      1.00     1.00     1.00    13.00
------------------------------------------------------------------------------------------------------
Total        1042
Note:  Total wall clock time is less than total of atomic times if more than one atom
       was calculated at a time
 
Electron Density Critical Point Analysis of Molecular Structure:               
---------------------------------------------------------------                
  NACP = Nuclear Attractor Critical Point                                      
  NNACP = Non-Nuclear Attractor Critical Point                                 
  BCP = Bond Critical Point                                                    
  RCP = Ring Critical Point                                                    
  CCP = Cage Critical Point                                                    
  Rho = Electron Density                                                       
  GradRho = Gradient of Electron Density                                       
  HessRho_EigVals = Eigenvalues of the Hessian of Rho, Ascending Order         
  HessRho_EigVecs = Eigenvectors of the Hessian of Rho                         
  DelSqRho = Laplacian of Rho = Trace of Hessian of Rho                        
  Bond Ellipticity = (HessRho_EigVal(1) / HessRho_EigVal(2)) - 1               
  V = Virial Field = Potential Energy Density = Trace of Stress Tensor         
  G = Lagrangian Form of Kinetic Energy Density                                
  K = Hamiltonian Form of Kinetic Energy Density                               
  L = K - G = Lagrangian Density = (-1/4)DelSqRho                              
  Vnuc = Electrostatic Potential from Nuclei                                   
  Ven = Electron-nuclear attractive contribution to Virial Field V             
  Vrep = V - Ven = Repulsive contribution to Virial Field V                    
  DelSqV = Laplacian of V                                                      
  DelSqVen = Laplacian of Ven                                                  
  DelSqVrep = Laplacian of Vrep                                                
  DelSqG = Laplacian of G                                                      
  DelSqK = Laplacian of K                                                      
  Stress_EigVals = Eigenvalues of Stress Tensor, Ascending Order               
  Stress_EigVecs = Eigenvectors of Stress Tensor                               
  -DivStress = Ehrenfest Force Density = Minus Divergence of Stress Tensor     
  ESP = Total Electrostatic Potential                                          
  ESPe = Electrostatic Potential from Electrons                                
  ESPn = Electrostatic Potential from Nuclei                                   
  BP = Bond Path                                                               
  BPL = Bond Path Length                                                       
  GBL = Geometric Bond Length                                                  
  GBL_I = Distance Between Nuclear Attractors                                  
  GBL_II = Distance Between Nuclei                                             
  GBL_III = Sum of Distances Between BCP and Nuclear Attractors                
  GBL_IV = Sum of Distances Between BCP and Nuclei                             

CP# 1      Coords =  8.57892861966526E-01 -1.10022608050685E+00 -1.21678580464799E+00
           Type = (3,-3) NACP S1
           Rho =  2.4159409904E+03     Rho at Nucleus =  2.4159409701E+03
           GradRho = -4.2828673941E-10  1.3070007299E-09 -1.1151115586E-09
           HessRho_EigVals = -1.3568402572E+07 -1.3568288809E+07 -1.3568078771E+07
           HessRho_EigVec1 =  7.3686992303E-01  8.3593424902E-02 -6.7084637276E-01
           HessRho_EigVec2 =  3.0727089856E-01  8.4248693714E-01  4.4249333966E-01
           HessRho_EigVec3 = -6.0216883964E-01  5.3219160089E-01 -5.9511745774E-01
           DelSqRho = -4.0704770152E+07
           Bond Ellipticity = NA
           V = -1.0193253889E+07
           G =  8.5306754569E+03
           K =  1.0184723213E+07
           L =  1.0176192538E+07
           Vnuc =  9.2627952314E+06
           Ven = -2.2378366685E+10
           Vrep =  2.2368173431E+10
           DelSqV =  7.3022102644E+11
           DelSqVen =  3.7703995458E+14
           DelSqVrep = -3.7630973368E+14
           DelSqG =  5.7262845631E+10
           DelSqK = -7.8748387208E+11
           Stress_EigVals = -3.3977959271E+06 -3.3977431028E+06 -3.3977148590E+06
           Stress_EigVec1 = -6.0212354781E-01  5.3210653082E-01 -5.9523934097E-01
           Stress_EigVec2 =  3.0879209561E-01  8.4272455274E-01  4.4097933047E-01
           Stress_EigVec3 =  7.3627078909E-01  8.1718835484E-02 -6.7173458826E-01
           -DivStress = -4.4431648452E+04 -3.2858177685E+05 -2.2347302628E+05
           ESP =  -5.9184880834E+01     ESP at Nucleus =  -5.9184880931E+01
           ESPe = -7.7443090981E+01     ESPe at Nucleus = -7.7443088510E+01
           ESPn =  1.8258210148E+01     ESPn at Nucleus =  1.8258207578E+01

CP# 2      Coords = -1.14807560868731E+00  2.04625463784748E-02  1.88431266727952E+00
           Type = (3,-3) NACP S2
           Rho =  2.4158832768E+03     Rho at Nucleus =  2.4158832576E+03
           GradRho =  5.1096549214E-10  2.0492052499E-11  1.4743477550E-09
           HessRho_EigVals = -1.3568062778E+07 -1.3567953321E+07 -1.3567748225E+07
           HessRho_EigVec1 =  7.3282585198E-01 -5.1547385374E-01 -4.4413171107E-01
           HessRho_EigVec2 =  2.7813349781E-01 -3.6877062126E-01  8.8693290969E-01
           HessRho_EigVec3 =  6.2097345198E-01  7.7349527148E-01  1.2687409874E-01
           DelSqRho = -4.0703764324E+07
           Bond Ellipticity = NA
           V = -1.0193004445E+07
           G =  8.5316818548E+03
           K =  1.0184472763E+07
           L =  1.0175941081E+07
           Vnuc =  9.4956092860E+06
           Ven = -2.2940283678E+10
           Vrep =  2.2930090673E+10
           DelSqV =  7.3020315064E+11
           DelSqVen =  3.8650704508E+14
           DelSqVrep = -3.8577684402E+14
           DelSqG =  5.7261394611E+10
           DelSqK = -7.8746454525E+11
           Stress_EigVals = -3.3977115944E+06 -3.3976600140E+06 -3.3976328362E+06
           Stress_EigVec1 =  6.2088593548E-01  7.7354422252E-01  1.2700390128E-01
           Stress_EigVec2 =  2.7956047406E-01 -3.6986168509E-01  8.8602950021E-01
           Stress_EigVec3 =  7.3235687781E-01 -5.1461798425E-01 -4.4589430790E-01
           -DivStress =  4.8296504330E+04 -1.1026118266E+05  3.7100128091E+05
           ESP =  -5.9182945339E+01     ESP at Nucleus =  -5.9182945431E+01
           ESPe = -7.7311679273E+01     ESPe at Nucleus = -7.7311676705E+01
           ESPn =  1.8128733935E+01     ESPn at Nucleus =  1.8128731274E+01

CP# 3      Coords =  8.88144927874483E+00 -1.39195317158909E+00  1.52241611345914E+00
           Type = (3,-3) NACP O3
           Rho =  2.7881439342E+02     Rho at Nucleus =  2.7881432911E+02
           GradRho = -2.6227341132E-10 -8.1534778928E-12 -2.3070212407E-11
           HessRho_EigVals = -3.8748685615E+05 -3.8747022189E+05 -3.8746379778E+05
           HessRho_EigVec1 =  8.0506090627E-01 -5.5230262757E-01  2.1642260688E-01
           HessRho_EigVec2 = -1.3982469612E-01 -5.3124815271E-01 -8.3559826149E-01
           HessRho_EigVec3 =  5.7647722552E-01  6.4244626843E-01 -5.0491266634E-01
           DelSqRho = -1.1624208758E+06
           Bond Ellipticity = NA
           V = -2.9070739955E+05
           G =  5.1090298942E+01
           K =  2.9065630925E+05
           L =  2.9060521895E+05
           Vnuc =  4.3909905418E+05
           Ven = -1.2242713645E+08
           Vrep =  1.2213642905E+08
           DelSqV =  5.1505341464E+09
           DelSqVen =  5.1041790746E+11
           DelSqVrep = -5.0526737331E+11
           DelSqG =  4.0462418819E+08
           DelSqK = -5.5551583345E+09
           Stress_EigVals = -9.6904809363E+04 -9.6903073973E+04 -9.6899516214E+04
           Stress_EigVec1 =  5.7728849758E-01  6.4531479318E-01 -5.0030671418E-01
           Stress_EigVec2 =  1.5064323189E-01  5.1802740113E-01  8.4199419734E-01
           Stress_EigVec3 =  8.0252389824E-01 -5.6144138552E-01  2.0183895407E-01
           -DivStress =  2.1665929072E+03  1.7015046449E+04  2.5116705099E+04
           ESP =  -2.2247147587E+01     ESP at Nucleus =  -2.2247149060E+01
           ESPe = -3.7905719925E+01     ESPe at Nucleus = -3.7905702406E+01
           ESPn =  1.5658572338E+01     ESPn at Nucleus =  1.5658553346E+01

CP# 4      Coords = -6.63128974937828E+00 -3.47675959766809E+00 -3.93967302464821E-01
           Type = (3,-3) NACP O4
           Rho =  2.7888898246E+02     Rho at Nucleus =  2.7888891299E+02
           GradRho =  1.3411938227E-10  2.8020585852E-11  1.0348166768E-11
           HessRho_EigVals = -3.8760681844E+05 -3.8758993373E+05 -3.8758433169E+05
           HessRho_EigVec1 =  2.7146349708E-01  9.4524576824E-01 -1.8115741047E-01
           HessRho_EigVec2 = -5.1301941679E-01  3.0136957486E-01  8.0373344919E-01
           HessRho_EigVec3 =  8.1432097342E-01 -1.2524702377E-01  5.6674027146E-01
           DelSqRho = -1.1627810839E+06
           Bond Ellipticity = NA
           V = -2.9079733787E+05
           G =  5.1033451126E+01
           K =  2.9074630442E+05
           L =  2.9069527097E+05
           Vnuc =  4.2255609670E+05
           Ven = -1.1784623984E+08
           Vrep =  1.1755544250E+08
           DelSqV =  5.1521388631E+09
           DelSqVen =  4.9134023610E+11
           DelSqVrep = -4.8618809723E+11
           DelSqG =  4.0476893079E+08
           DelSqK = -5.5569077939E+09
           Stress_EigVals = -9.6934684521E+04 -9.6933124369E+04 -9.6929528978E+04
           Stress_EigVec1 =  8.1339143499E-01 -1.2443525974E-01  5.6825191563E-01
           Stress_EigVec2 = -5.0942246317E-01  3.1926964720E-01  7.9909676910E-01
           Stress_EigVec3 =  2.8086140265E-01  9.3945875828E-01 -1.9630107996E-01
           -DivStress =  1.6932562671E+04 -7.5970317979E+03 -2.5595428234E+04
           ESP =  -2.2255129949E+01     ESP at Nucleus =  -2.2255131531E+01
           ESPe = -3.8980399843E+01     ESPe at Nucleus = -3.8980385796E+01
           ESPn =  1.6725269894E+01     ESPn at Nucleus =  1.6725254265E+01

CP# 5      Coords =  6.84002455165975E+00 -2.39751001787657E+00 -2.03369432661859E+00
           Type = (3,-3) NACP O5
           Rho =  2.7915987932E+02     Rho at Nucleus =  2.7915980780E+02
           GradRho =  8.0808693070E-11  6.4222283741E-11  6.9172667594E-11
           HessRho_EigVals = -3.8803671832E+05 -3.8803381259E+05 -3.8801590606E+05
           HessRho_EigVec1 = -5.7536453944E-01 -6.0575380710E-01  5.4956161797E-01
           HessRho_EigVec2 =  1.1557385599E-01  6.0496361056E-01  7.8782086398E-01
           HessRho_EigVec3 =  8.0969026829E-01 -5.1679914385E-01  2.7806530590E-01
           DelSqRho = -1.1640864370E+06
           Bond Ellipticity = NA
           V = -2.9112256064E+05
           G =  5.0475699232E+01
           K =  2.9107208494E+05
           L =  2.9102160924E+05
           Vnuc =  4.1668419538E+05
           Ven = -1.1632150970E+08
           Vrep =  1.1603038714E+08
           DelSqV =  5.1579474673E+09
           DelSqVen =  4.8505642010E+11
           DelSqVrep = -4.7989847263E+11
           DelSqG =  4.0529155994E+08
           DelSqK = -5.5632390273E+09
           Stress_EigVals = -9.7044015188E+04 -9.7039683018E+04 -9.7038862433E+04
           Stress_EigVec1 =  8.0952965767E-01 -5.1750201100E-01  2.7722446135E-01
           Stress_EigVec2 =  1.1094700878E-01  5.9855600172E-01  7.9336087252E-01
           Stress_EigVec3 = -5.7650021214E-01 -6.1149193079E-01  5.4196413532E-01
           -DivStress = -3.5986423638E+03 -1.8033839717E+04 -2.6293873568E+04
           ESP =  -2.2307801052E+01     ESP at Nucleus =  -2.2307802636E+01
           ESPe = -3.9191372412E+01     ESPe at Nucleus = -3.9191329642E+01
           ESPn =  1.6883571360E+01     ESPn at Nucleus =  1.6883527005E+01

CP# 6      Coords = -8.07330889137995E+00 -5.41483114290487E-01  2.27704409528653E+00
           Type = (3,-3) NACP O6
           Rho =  2.7910319728E+02     Rho at Nucleus =  2.7910312701E+02
           GradRho =  3.1420965829E-10 -1.8082424447E-11 -7.5985662207E-11
           HessRho_EigVals = -3.8794560437E+05 -3.8794385075E+05 -3.8792623734E+05
           HessRho_EigVec1 =  8.0223220997E-01 -1.3965392557E-01  5.8044832875E-01
           HessRho_EigVec2 = -5.3620108340E-01  2.5896354312E-01  8.0338426764E-01
           HessRho_EigVec3 =  2.6251072253E-01  9.5573775922E-01 -1.3286630931E-01
           DelSqRho = -1.1638156925E+06
           Bond Ellipticity = NA
           V = -2.9105483460E+05
           G =  5.0455743626E+01
           K =  2.9100437886E+05
           L =  2.9095392312E+05
           Vnuc =  4.2032893257E+05
           Ven = -1.1731514899E+08
           Vrep =  1.1702409416E+08
           DelSqV =  5.1567406174E+09
           DelSqVen =  4.8918540768E+11
           DelSqVrep = -4.8402866713E+11
           DelSqG =  4.0518389383E+08
           DelSqK = -5.5619245113E+09
           Stress_EigVals = -9.7021297849E+04 -9.7017036436E+04 -9.7016500318E+04
           Stress_EigVec1 =  2.6218422710E-01  9.5581935618E-01 -1.3292399859E-01
           Stress_EigVec2 = -5.3654550560E-01  2.5887330365E-01  8.0318337450E-01
           Stress_EigVec3 =  8.0210869057E-01 -1.3926223823E-01  5.8071307676E-01
           -DivStress = -1.6922428407E+04  8.3795860354E+03  2.5586993452E+04
           ESP =  -2.2314615377E+01     ESP at Nucleus =  -2.2314616927E+01
           ESPe = -3.8751256169E+01     ESPe at Nucleus = -3.8751208066E+01
           ESPn =  1.6436640792E+01     ESPn at Nucleus =  1.6436591138E+01

CP# 7      Coords =  6.86438555398352E+00  3.37730898083142E+00  5.72386851836463E-01
           Type = (3,-3) NACP N7
           Rho =  1.8288528139E+02     Rho at Nucleus =  1.8288524162E+02
           GradRho = -2.3957447137E-11  1.0167977571E-11 -2.7453039841E-13
           HessRho_EigVals = -1.9301981861E+05 -1.9301847477E+05 -1.9300838021E+05
           HessRho_EigVec1 =  4.2696621860E-01  8.5488636087E-01  2.9473574295E-01
           HessRho_EigVec2 =  8.5375164842E-01 -4.8851550297E-01  1.8016860486E-01
           HessRho_EigVec3 = -2.9800666266E-01 -1.7470521846E-01  9.3844025684E-01
           DelSqRho = -5.7904667358E+05
           Bond Ellipticity = NA
           V = -1.4479909293E+05
           G =  1.8712264713E+01
           K =  1.4478038066E+05
           L =  1.4476166840E+05
           Vnuc =  3.4484053500E+05
           Ven = -6.3066258276E+07
           Vrep =  6.2921459183E+07
           DelSqV =  1.9409528384E+09
           DelSqVen =  1.9967876464E+11
           DelSqVrep = -1.9773781177E+11
           DelSqG =  1.5301826960E+08
           DelSqK = -2.0939711080E+09
           Stress_EigVals = -4.8267876212E+04 -4.8265763276E+04 -4.8265453437E+04
           Stress_EigVec1 = -2.9443448274E-01 -1.7271753422E-01  9.3993456620E-01
           Stress_EigVec2 =  8.5754253742E-01 -4.8186283570E-01  1.8008054891E-01
           Stress_EigVec3 =  4.2181646707E-01  8.5905579618E-01  2.8998966734E-01
           -DivStress =  4.0870260553E+03  2.1349619823E+03 -1.1903307225E+04
           ESP =  -1.8334674439E+01     ESP at Nucleus =  -1.8334675612E+01
           ESPe = -3.5101433420E+01     ESPe at Nucleus = -3.5101421256E+01
           ESPn =  1.6766758980E+01     ESPn at Nucleus =  1.6766745644E+01

CP# 8      Coords = -7.33236570500029E+00  2.49585390028063E+00 -2.19732013126109E+00
           Type = (3,-3) NACP N8
           Rho =  1.8286836629E+02     Rho at Nucleus =  1.8286832777E+02
           GradRho =  7.6443990027E-12 -1.3430576096E-11  8.3163476106E-12
           HessRho_EigVals = -1.9299934298E+05 -1.9299815383E+05 -1.9298792300E+05
           HessRho_EigVec1 = -5.0544506498E-01  8.2139357286E-01 -2.6426858451E-01
           HessRho_EigVec2 = -6.0450068931E-01 -1.1854019963E-01  7.8773544905E-01
           HessRho_EigVec3 =  6.1571438420E-01  5.5790753673E-01  5.5644853989E-01
           DelSqRho = -5.7898541982E+05
           Bond Ellipticity = NA
           V = -1.4478383538E+05
           G =  1.8740212952E+01
           K =  1.4476509517E+05
           L =  1.4474635496E+05
           Vnuc =  3.5038235807E+05
           Ven = -6.4073849396E+07
           Vrep =  6.3929065560E+07
           DelSqV =  1.9407467980E+09
           DelSqVen =  2.0286627690E+11
           DelSqVrep = -2.0092553010E+11
           DelSqG =  1.5299986351E+08
           DelSqK = -2.0937466615E+09
           Stress_EigVals = -4.8262800934E+04 -4.8260652621E+04 -4.8260381826E+04
           Stress_EigVec1 =  6.1399871485E-01  5.5794985944E-01  5.5829878426E-01
           Stress_EigVec2 = -5.9683569168E-01 -1.3468278404E-01  7.9097895346E-01
           Stress_EigVec3 = -5.1651983050E-01  8.1887270197E-01 -2.5030933397E-01
           -DivStress = -7.8591731896E+03 -7.1142590841E+03 -6.7401524834E+03
           ESP =  -1.8337599206E+01     ESP at Nucleus =  -1.8337600331E+01
           ESPe = -3.4869595311E+01     ESPe at Nucleus = -3.4869576581E+01
           ESPn =  1.6531996105E+01     ESPn at Nucleus =  1.6531976251E+01

CP# 9      Coords =  5.31509267636802E+00  1.09126081194744E+00  5.15566418525809E-01
           Type = (3,-3) NACP C9
           Rho =  1.1233337791E+02     Rho at Nucleus =  1.1233337733E+02
           GradRho =  1.5823721777E-09  1.0745122014E-09  9.1888274767E-11
           HessRho_EigVals = -8.6248903831E+04 -8.6248146492E+04 -8.6247842898E+04
           HessRho_EigVec1 =  4.4243157681E-01  8.9469081145E-01  6.1503266181E-02
           HessRho_EigVec2 =  8.8723911044E-01 -4.4667176728E-01  1.1528700367E-01
           HessRho_EigVec3 = -1.3061799546E-01 -3.5614923555E-03  9.9142637399E-01
           DelSqRho = -2.5874489322E+05
           Bond Ellipticity = NA
           V = -6.4697648752E+04
           G =  5.7127232533E+00
           K =  6.4691936028E+04
           L =  6.4686223305E+04
           Vnuc =  1.6360448829E+06
           Ven = -1.8378244811E+08
           Vrep =  1.8371775046E+08
           DelSqV =  6.2780174328E+08
           DelSqVen =  4.2331825357E+11
           DelSqVrep = -4.2269045182E+11
           DelSqG =  4.9726793434E+07
           DelSqK = -6.7752853671E+08
           Stress_EigVals = -2.1565982868E+04 -2.1565933632E+04 -2.1565732251E+04
           Stress_EigVec1 =  3.2238824024E-02 -6.9783327729E-02  9.9704109514E-01
           Stress_EigVec2 =  8.9733117612E-01 -4.3731216284E-01 -5.9622416917E-02
           Stress_EigVec3 =  4.4017884842E-01  8.9659821514E-01  4.8520325683E-02
           -DivStress = -6.1280874951E+02 -4.2726874194E+02 -3.7650609585E+01
           ESP =  -1.4660106055E+01     ESP at Nucleus =  -1.4660106118E+01
           ESPe = -3.6005819364E+01     ESPe at Nucleus = -3.6005821731E+01
           ESPn =  2.1345713309E+01     ESPn at Nucleus =  2.1345715614E+01

CP# 10     Coords = -5.43571599959745E+00  8.08098198600970E-01 -1.14114146049594E+00
           Type = (3,-3) NACP C10
           Rho =  1.1233416125E+02     Rho at Nucleus =  1.1233416055E+02
           GradRho = -1.9155227404E-09  1.6598924735E-09 -1.8551682412E-10
           HessRho_EigVals = -8.6249440126E+04 -8.6248779522E+04 -8.6248251090E+04
           HessRho_EigVec1 =  6.6675155163E-01 -5.4778295234E-01  5.0534760860E-01
           HessRho_EigVec2 =  6.8177034447E-01  7.2220232373E-01 -1.1667476594E-01
           HessRho_EigVec3 = -3.0105076947E-01  4.2232409442E-01  8.5499169205E-01
           DelSqRho = -2.5874647074E+05
           Bond Ellipticity = NA
           V = -6.4698071024E+04
           G =  5.7266698292E+00
           K =  6.4692344354E+04
           L =  6.4686617684E+04
           Vnuc =  1.4877605478E+06
           Ven = -1.6712633328E+08
           Vrep =  1.6706163521E+08
           DelSqV =  6.2780566875E+08
           DelSqVen =  3.8495279923E+11
           DelSqVrep = -3.8432499356E+11
           DelSqG =  4.9727050155E+07
           DelSqK = -6.7753271890E+08
           Stress_EigVals = -2.1566161082E+04 -2.1566037188E+04 -2.1565872754E+04
           Stress_EigVec1 = -3.1849961589E-01  4.1355090936E-01  8.5295582538E-01
           Stress_EigVec2 =  6.6053158350E-01  7.4221375659E-01 -1.1321115991E-01
           Stress_EigVec3 =  6.7989412549E-01 -5.2734655105E-01  5.0955823340E-01
           -DivStress =  6.1537918698E+02 -5.4268919263E+02  5.7019536312E+01
           ESP =  -1.4665935976E+01     ESP at Nucleus =  -1.4665936051E+01
           ESPe = -3.6005567202E+01     ESPe at Nucleus = -3.6005569390E+01
           ESPn =  2.1339631226E+01     ESPn at Nucleus =  2.1339633339E+01

CP# 11     Coords =  3.22116410737488E+00  1.37651570133004E+00 -1.42531901078194E+00
           Type = (3,-3) NACP C11
           Rho =  1.1242693624E+02     Rho at Nucleus =  1.1242693599E+02
           GradRho = -5.2105179893E-10 -1.1322076610E-10 -7.5581013670E-11
           HessRho_EigVals = -8.6331705725E+04 -8.6330887591E+04 -8.6330549517E+04
           HessRho_EigVec1 =  6.5419986354E-01  7.5475300137E-01 -4.8687220756E-02
           HessRho_EigVec2 =  5.8966766295E-01 -4.6867860425E-01  6.5774798608E-01
           HessRho_EigVec3 = -4.7361860797E-01  4.5900792242E-01  7.5166291736E-01
           DelSqRho = -2.5899314283E+05
           Bond Ellipticity = NA
           V = -6.4759715041E+04
           G =  5.7146663265E+00
           K =  6.4754000375E+04
           L =  6.4748285708E+04
           Vnuc =  2.4685705410E+06
           Ven = -2.7753382283E+08
           Vrep =  2.7746906311E+08
           DelSqV =  6.2840772095E+08
           DelSqVen =  6.3934283776E+11
           DelSqVrep = -6.3871443004E+11
           DelSqG =  4.9781738317E+07
           DelSqK = -6.7818945927E+08
           Stress_EigVals = -2.1586696447E+04 -2.1586623763E+04 -2.1586394831E+04
           Stress_EigVec1 = -4.5979842181E-01  4.7422887508E-01  7.5079450274E-01
           Stress_EigVec2 =  6.2033656257E-01 -4.3344853687E-01  6.5368563930E-01
           Stress_EigVec3 =  6.3542738408E-01  7.6630890633E-01 -9.4882557051E-02
           -DivStress =  4.8171079513E+02  9.9018539021E+01  6.1789202945E+01
           ESP =  -1.4680894503E+01     ESP at Nucleus =  -1.4680894539E+01
           ESPe = -3.6254693247E+01     ESPe at Nucleus = -3.6254692029E+01
           ESPn =  2.1573798744E+01     ESPn at Nucleus =  2.1573797489E+01

CP# 12     Coords = -3.48519703727857E+00  2.13688983815108E+00  5.26628487056725E-01
           Type = (3,-3) NACP C12
           Rho =  1.1246098927E+02     Rho at Nucleus =  1.1246098870E+02
           GradRho =  1.4502779533E-09  4.2463055294E-10  1.0785114191E-09
           HessRho_EigVals = -8.6362128729E+04 -8.6361220952E+04 -8.6361088899E+04
           HessRho_EigVec1 = -6.3820128435E-01  6.7943517316E-01 -3.6203171978E-01
           HessRho_EigVec2 =  5.7134067068E-01  7.3318077092E-01  3.6880319301E-01
           HessRho_EigVec3 = -5.1601255671E-01 -2.8527225865E-02  8.5610585718E-01
           DelSqRho = -2.5908443858E+05
           Bond Ellipticity = NA
           V = -6.4782494769E+04
           G =  5.6925618682E+00
           K =  6.4776802207E+04
           L =  6.4771109645E+04
           Vnuc =  1.6535668991E+06
           Ven = -1.8596176929E+08
           Vrep =  1.8589698680E+08
           DelSqV =  6.2863049074E+08
           DelSqVen =  4.2841346365E+11
           DelSqVrep = -4.2778483313E+11
           DelSqG =  4.9802089628E+07
           DelSqK = -6.7843258037E+08
           Stress_EigVals = -2.1594266257E+04 -2.1594239946E+04 -2.1593988566E+04
           Stress_EigVec1 = -5.2939280924E-01 -8.6751476051E-02  8.4392975711E-01
           Stress_EigVec2 =  5.5953454920E-01  7.1203037861E-01  4.2418607732E-01
           Stress_EigVec3 = -6.3770239280E-01  6.9676891531E-01 -3.2840331435E-01
           -DivStress = -5.7787665660E+02 -1.6903203876E+02 -4.2889173844E+02
           ESP =  -1.4679209347E+01     ESP at Nucleus =  -1.4679209382E+01
           ESPe = -3.6098270748E+01     ESPe at Nucleus = -3.6098271434E+01
           ESPn =  2.1419061400E+01     ESPn at Nucleus =  2.1419062052E+01

CP# 13     Coords =  7.03185408482456E+00 -1.09455653611790E+00 -1.98107359084477E-01
           Type = (3,-3) NACP C13
           Rho =  1.1265131393E+02     Rho at Nucleus =  1.1265130969E+02
           GradRho = -2.8038682487E-11 -6.3896665736E-12 -1.0776518566E-12
           HessRho_EigVals = -8.6528963197E+04 -8.6527879285E+04 -8.6526368872E+04
           HessRho_EigVec1 =  5.9543140059E-01  6.1513699125E-01 -5.1678615422E-01
           HessRho_EigVec2 =  7.0730107536E-01 -9.6290157680E-02  7.0032377822E-01
           HessRho_EigVec3 = -3.8103364155E-01  7.8251817074E-01  4.9242123885E-01
           DelSqRho = -2.5958321135E+05
           Bond Ellipticity = NA
           V = -6.4906804744E+04
           G =  5.5009527214E+00
           K =  6.4901303791E+04
           L =  6.4895802839E+04
           Vnuc =  6.0654274296E+05
           Ven = -6.8327836947E+07
           Vrep =  6.8262930143E+07
           DelSqV =  6.2984540534E+08
           DelSqVen =  1.5744831322E+11
           DelSqVrep = -1.5681846784E+11
           DelSqG =  4.9910568222E+07
           DelSqK = -6.7975597357E+08
           Stress_EigVals = -2.1636150383E+04 -2.1635585900E+04 -2.1635068461E+04
           Stress_EigVec1 = -2.5115311706E-01  7.4978927594E-01  6.1215860157E-01
           Stress_EigVec2 =  7.6792765951E-01 -2.3065016002E-01  5.9756808268E-01
           Stress_EigVec3 =  5.8924461945E-01  6.2017460877E-01 -5.1785541716E-01
           -DivStress = -1.5802598181E+03  8.5320936825E+02 -9.2199866780E+02
           ESP =  -1.4582644794E+01     ESP at Nucleus =  -1.4582645034E+01
           ESPe = -3.5341354737E+01     ESPe at Nucleus = -3.5341362557E+01
           ESPn =  2.0758709943E+01     ESPn at Nucleus =  2.0758717524E+01

CP# 14     Coords = -6.85604656927879E+00 -1.11057379587109E+00  4.50332713232121E-01
           Type = (3,-3) NACP C14
           Rho =  1.1265130371E+02     Rho at Nucleus =  1.1265129965E+02
           GradRho = -3.6485148236E-11 -8.3317797106E-12 -2.1568857811E-12
           HessRho_EigVals = -8.6529103569E+04 -8.6527916796E+04 -8.6526512703E+04
           HessRho_EigVec1 =  8.1108665337E-01 -1.1246794539E-01  5.7401167409E-01
           HessRho_EigVec2 = -1.3210401548E-01  9.2076376416E-01  3.6707304409E-01
           HessRho_EigVec3 = -5.6981310078E-01 -3.7355729395E-01  7.3196173282E-01
           DelSqRho = -2.5958353307E+05
           Bond Ellipticity = NA
           V = -6.4906882715E+04
           G =  5.4997239885E+00
           K =  6.4901382991E+04
           L =  6.4895883267E+04
           Vnuc =  6.1949719771E+05
           Ven = -6.9787166968E+07
           Vrep =  6.9722260086E+07
           DelSqV =  6.2984623727E+08
           DelSqVen =  1.6081127117E+11
           DelSqVrep = -1.6018142480E+11
           DelSqG =  4.9910713171E+07
           DelSqK = -6.7975695044E+08
           Stress_EigVals = -2.1636147126E+04 -2.1635652238E+04 -2.1635083351E+04
           Stress_EigVec1 = -5.8660281043E-01 -1.9983078450E-01  7.8483425025E-01
           Stress_EigVec2 = -2.1357379430E-02  9.7256094030E-01  2.3166587955E-01
           Stress_EigVec3 =  8.0959311085E-01 -1.1913385315E-01  5.7477484278E-01
           -DivStress =  2.1129169100E+02  1.9644808916E+03  6.1497013280E+01
           ESP =  -1.4588965143E+01     ESP at Nucleus =  -1.4588965370E+01
           ESPe = -3.5675875976E+01     ESPe at Nucleus = -3.5675880242E+01
           ESPn =  2.1086910833E+01     ESPn at Nucleus =  2.1086914872E+01

CP# 15     Coords =  4.49955121279000E+00  6.34990122005419E-01  2.30651359592385E+00
           Type = (3,-3) NACP H15
           Rho =  3.8971581371E-01     Rho at Nucleus =  3.8341257361E-01
           GradRho =  1.3238542207E-14  6.3803129446E-15 -2.4694371439E-14
           HessRho_EigVals = -4.3989024432E+00 -4.3924769978E+00 -3.8059108538E+00
           HessRho_EigVec1 =  6.0195998945E-01  6.6377907397E-01  4.4389358191E-01
           HessRho_EigVec2 = -6.8721930730E-01  7.1372988208E-01 -1.3534873148E-01
           HessRho_EigVec3 = -4.0666176952E-01 -2.2357771890E-01  8.8579862769E-01
           DelSqRho = -1.2597290295E+01
           Bond Ellipticity = NA
           V = -3.1686652571E+00
           G =  9.6713416725E-03
