AIMSum (Version 17.01.25, Professional)
Copyright (c) 1997-2017 by Todd A. Keith
AIMSum is a component of the AIMAll package ( http://aim.tkgristmill.com )

TP:  64-bit Linux

Licensed To:  Research Group of Fernando Cortes Guzman, UNAM, fercor@unam.mx

Much of the Quantum Theory of Atoms in Molecules (QTAIM) is described in the book:
  "Atoms in Molecules - A Quantum Theory"
  R.F.W. Bader, Oxford University Press, Oxford, 1990

For additional references see:  http://aim.tkgristmill.com/references.html

Wfn File:  /home/alejandro/wd/aimqb_inps/cystine_pbe0_6-31G*.wfn
Sum File:  /home/alejandro/wd/aimqb_inps/cystine_pbe0_6-31G*.sum

SumViz File:  /home/alejandro/wd/aimqb_inps/cystine_pbe0_6-31G*.sumviz

Wfn Title:   opt cystine M062X def2TZVP                                                    
 
Total memory allocated for AIMSum =        2.510 Megabytes

Atomic units (a.u.) used throughout, except where stated otherwise

Model:  Unknown
 
Restricted, natural orbital wavefunction.
  Number of electrons (from MO Occs)                   =         126.0000007000
  Number of Alpha electrons (from MO Occs)             =          63.0000003500
  Number of Beta electrons (from MO Occs)              =          63.0000003500
  Number of electron pairs (N*(N-1)/2)                 =        7875.0000878500
  Number of electron pairs (from Muller 2EDM)          =        7875.0000878497
  Number of electron pairs (from Muller 2EDM, no SOSI) =        7875.2613442203
 
Nuclear Charges and Cartesian Coordinates:
-------------------------------------------------------------------------------
Atom      Charge                X                  Y                  Z
-------------------------------------------------------------------------------
S1        16.0           8.5789267000E-01  -1.1002275000E+00  -1.2167867700E+00
S2        16.0          -1.1480754000E+00   2.0462070000E-02   1.8843142700E+00
O3         8.0           8.8814505800E+00  -1.3919429800E+00   1.5224311600E+00
O4         8.0          -6.6312796100E+00  -3.4767641500E+00  -3.9398263000E-01
O5         8.0           6.8400224000E+00  -2.3975208100E+00  -2.0337100600E+00
O6         8.0          -8.0733190200E+00  -5.4147810000E-01   2.2770594100E+00
N7         7.0           6.8643920500E+00   3.3773123700E+00   5.7236792000E-01
N8         7.0          -7.3323782000E+00   2.4958425800E+00  -2.1973308500E+00
C9         6.0           5.3150896700E+00   1.0912587200E+00   5.1556623000E-01
C10        6.0          -5.4357129800E+00   8.0809554000E-01  -1.1411411800E+00
C11        6.0           3.2211664700E+00   1.3765161800E+00  -1.4253187000E+00
C12        6.0          -3.4851998700E+00   2.1368890000E+00   5.2662638000E-01
C13        6.0           7.0318463400E+00  -1.0945523600E+00  -1.9811188000E-01
C14        6.0          -6.8560455400E+00  -1.1105641700E+00   4.5033302000E-01
H15        1.0           4.4766372100E+00   6.2261989000E-01   2.3563174400E+00
H16        1.0          -4.4807732900E+00  -1.7429661000E-01  -2.6778405600E+00
H17        1.0           2.2893914000E+00   3.1992885800E+00  -1.2007182300E+00
H18        1.0           4.0046027500E+00   1.2692560600E+00  -3.3276411200E+00
H19        1.0          -2.5343848500E+00   3.6182489000E+00  -5.4641296000E-01
H20        1.0          -4.4405221300E+00   2.9949226800E+00   2.1442283500E+00
H21        1.0           8.3579705800E+00   3.1369197200E+00   1.7467553300E+00
H22        1.0           5.8337675000E+00   4.8448663200E+00   1.2421805100E+00
H23        1.0          -6.5205057400E+00   3.8413193500E+00  -3.2880421300E+00
H24        1.0          -8.3045646300E+00   3.3556141900E+00  -7.8633337000E-01
H25        1.0           9.9424511400E+00  -2.7708222500E+00   9.5631087000E-01
H26        1.0          -7.5871026100E+00  -4.5579835900E+00   7.3339008000E-01
 
Some Atomic Properties:
----------------------
  q(A) = Net Charge of Atom A
  L(A) = Lagrangian of Atom A = -(1/4) Times Atomic Integral of the Laplacian of the Electron Density
  K(A) = Electronic Kinetic Energy of Atom A (Hamiltonian Form)
  K_Scaled(A) = K(A) * E(Mol)/K(Mol) = Approximation to Virial-Based Total Energy of Atom A.
  |Mu_Intra(A)| = Magnitude of Intraatomic Dipole Moment of Atom A
--------------------------------------------------------------------------------------------------
Atom A          q(A)              L(A)              K(A)          K_Scaled(A)      |Mu_Intra(A)|
--------------------------------------------------------------------------------------------------
S1       -1.1997640000E-03  2.8461838549E-04  3.9719605421E+02 -3.9889246267E+02  6.7988213384E-01
S2       -3.8644144000E-02  4.6959497264E-05  3.9721035862E+02 -3.9890682817E+02  7.0595751357E-01
O3       -1.1906286848E+00  1.7310833790E-05  7.5305395084E+01 -7.5627021415E+01  2.9614170150E-01
O4       -1.1837687281E+00 -7.0140252572E-06  7.5314279090E+01 -7.5635943364E+01  3.1977435845E-01
O5       -1.2626821060E+00  6.8759342784E-05  7.5426376373E+01 -7.5748519409E+01  6.5040993645E-01
O6       -1.2766635586E+00  4.7946446403E-05  7.5424454680E+01 -7.5746589509E+01  6.3501401661E-01
N7       -1.0896522702E+00 -2.2261506357E-05  5.4721974080E+01 -5.4955689442E+01  2.1930700001E-01
N8       -1.0920978440E+00 -1.2778483712E-04  5.4721272685E+01 -5.4954985052E+01  1.9915313747E-01
C9        3.8881905140E-01  4.0150391689E-04  3.7564686912E+01 -3.7725124188E+01  4.2696855976E-01
C10       4.0971110540E-01 -3.3901224307E-04  3.7557040361E+01 -3.7717444978E+01  4.3405303340E-01
C11      -1.0570524150E-01  3.0673864825E-04  3.7798868273E+01 -3.7960305727E+01  1.2962077963E-01
C12      -1.3485471170E-01  7.3525520411E-05  3.7812637160E+01 -3.7974133421E+01  7.7046196031E-02
C13       1.7136545659E+00 -9.9333634088E-04  3.6640827578E+01 -3.6797319087E+01  8.6860443110E-01
C14       1.7283096553E+00 -1.8139637157E-04  3.6633773444E+01 -3.6790234825E+01  8.5852067537E-01
H15       4.1094498460E-02  2.8529789771E-05  6.0363182781E-01 -6.0620991520E-01  1.5500791471E-01
H16       7.1599448220E-02  5.2651090138E-05  5.9497621686E-01 -5.9751733649E-01  1.4396461491E-01
H17       4.6794609320E-02  3.3076356265E-05  5.9668969228E-01 -5.9923813009E-01  1.5302315277E-01
H18       9.6126650880E-02  2.9632057264E-05  5.7471622049E-01 -5.7717081048E-01  1.4373931311E-01
H19       4.2683125800E-02  3.1897635163E-05  5.9699356748E-01 -5.9954330312E-01  1.5512985946E-01
H20       7.6824391560E-02  2.6323044994E-05  5.8098012226E-01 -5.8346146512E-01  1.4807653072E-01
H21       3.9961219069E-01  3.4040329066E-05  4.5194952132E-01 -4.5387977965E-01  1.8188790777E-01
H22       3.7636210455E-01  3.4481262174E-05  4.6278089174E-01 -4.6475741041E-01  1.9152110341E-01
H23       3.7989061987E-01  3.8070286674E-05  4.6043046736E-01 -4.6239694747E-01  1.9084465186E-01
H24       3.9245519108E-01  3.5653204374E-05  4.5317592312E-01 -4.5511141936E-01  1.8809759166E-01
H25       6.0820040788E-01  2.8387796205E-05  3.3859490662E-01 -3.4004103192E-01  1.5240983621E-01
H26       6.0417287158E-01  2.5357162467E-05  3.4110414346E-01 -3.4256098561E-01  1.5392355531E-01
--------------------------------------------------------------------------------------------------
Total     4.1343499000E-04 -2.5342718417E-05  1.4353840221E+03 -1.4415144898E+03
 
Molecular charge q(Mol) from the wfn file:  -6.9999995346E-07
Molecular energy E(Mol) from the wfn file:  -1.4415145707E+03
Molecular virial ratio (-V(Mol)/T(Mol)) from the wfn file:   2.0042709600E+00
Note.  K_Scaled(A) = (1+V(Mol)/T(Mol))*K(A) = (E(Mol)/T(Mol))*K(A)
       Only use K_Scaled(A) data with caution.
 
N_AIMInt(SumA)     =        125.999587
N_Analytic(Mol)    =        125.999986
 
G_AIMInt(SumA)     =       1435.384047
G_Analytic(Mol)    =       1435.384057
 
K_AIMInt(SumA)     =       1435.384022
K_Analytic(Mol)    =       1435.384057
 
L_AIMInt(SumA)     =         -0.000025
L_Analytic(Mol)    =          0.000000
 
VenT_AIMInt(SumA)  =      -5743.288798
VenT_Analytic(Mol) =      -5743.301581
 
Some Information About the Atomic Calculations:
----------------------------------------------
  Time(sec) = "Elapsed User Time", in Seconds, for Atom A by AIMInt and, if used, by TWOe
  NProc = Number of Processors Used for AIMInt Job
  BIM = Basin Integration Method
  OAQ = Angular Quadrature Outside of Beta Sphere
  ORQ = Multiple of Default for Radial Quadrature Outside of Beta Sphere
  IAQ = Multiple of Default for Angular Quadrature Inside of Beta Sphere
  IRQ = Multiple of Default for Radial Quadrature Inside of Beta Sphere
  MIR = Maximum Integration Radius
------------------------------------------------------------------------------------------------------
Atom A     Time(sec)   NProc      BIM              OAQ                 ORQ      IAQ      IRQ      MIR
------------------------------------------------------------------------------------------------------
S1             79       16     Proaim(5)    4334      (Very High)      1.00     1.00     1.00    13.00
S2             87       16     Proaim(5)    4334      (Very High)      1.00     1.00     1.00    13.00
O3             35       16     Proaim(5)    4334      (Very High)      1.00     1.00     1.00    13.00
O4             33       16     Proaim(5)    4334      (Very High)      1.00     1.00     1.00    13.00
O5             22       16     Proaim(5)    3074      (Very High)      1.00     1.00     1.00    13.00
O6             31       16     Proaim(5)    3074      (Very High)      1.00     1.00     1.00    13.00
N7             49       16     Proaim(5)    4334      (Very High)      1.00     1.00     1.00    13.00
N8             46       16     Proaim(5)    4334      (Very High)      1.00     1.00     1.00    13.00
C9             69       16     Proaim(5)    4334      (Very High)      1.00     1.00     1.00    13.00
C10            96       16     Proaim(5)    4334      (Very High)      1.00     1.00     1.00    13.00
C11           103       16     Proaim(5)    4334      (Very High)      1.00     1.00     1.00    13.00
C12            70       16     Proaim(5)    4334      (Very High)      1.00     1.00     1.00    13.00
C13            65       16     Proaim(5)    4334      (Very High)      1.00     1.00     1.00    13.00
C14            41       16     Proaim(5)    4334      (Very High)      1.00     1.00     1.00    13.00
H15            19       16     Proaim(5)    2030      (Very High)      1.00     1.00     1.00    13.00
H16            23       16     Proaim(5)    2030      (Very High)      1.00     1.00     1.00    13.00
H17            14       16     Proaim(5)    2030      (Very High)      1.00     1.00     1.00    13.00
H18            11       16     Proaim(5)    2030      (Very High)      1.00     1.00     1.00    13.00
H19            13       16     Proaim(5)    2030      (Very High)      1.00     1.00     1.00    13.00
H20            15       16     Proaim(5)    2030      (Very High)      1.00     1.00     1.00    13.00
H21            12       16     Proaim(5)    2030      (Very High)      1.00     1.00     1.00    13.00
H22            10       16     Proaim(5)    2030      (Very High)      1.00     1.00     1.00    13.00
H23             7       16     Proaim(5)    2030      (Very High)      1.00     1.00     1.00    13.00
H24             8       16     Proaim(5)    2030      (Very High)      1.00     1.00     1.00    13.00
H25             6       16     Proaim(5)    2030      (Very High)      1.00     1.00     1.00    13.00
H26            10       16     Proaim(5)    2030      (Very High)      1.00     1.00     1.00    13.00
------------------------------------------------------------------------------------------------------
Total         974
Note:  Total wall clock time is less than total of atomic times if more than one atom
       was calculated at a time
 
Electron Density Critical Point Analysis of Molecular Structure:               
---------------------------------------------------------------                
  NACP = Nuclear Attractor Critical Point                                      
  NNACP = Non-Nuclear Attractor Critical Point                                 
  BCP = Bond Critical Point                                                    
  RCP = Ring Critical Point                                                    
  CCP = Cage Critical Point                                                    
  Rho = Electron Density                                                       
  GradRho = Gradient of Electron Density                                       
  HessRho_EigVals = Eigenvalues of the Hessian of Rho, Ascending Order         
  HessRho_EigVecs = Eigenvectors of the Hessian of Rho                         
  DelSqRho = Laplacian of Rho = Trace of Hessian of Rho                        
  Bond Ellipticity = (HessRho_EigVal(1) / HessRho_EigVal(2)) - 1               
  V = Virial Field = Potential Energy Density = Trace of Stress Tensor         
  G = Lagrangian Form of Kinetic Energy Density                                
  K = Hamiltonian Form of Kinetic Energy Density                               
  L = K - G = Lagrangian Density = (-1/4)DelSqRho                              
  Vnuc = Electrostatic Potential from Nuclei                                   
  Ven = Electron-nuclear attractive contribution to Virial Field V             
  Vrep = V - Ven = Repulsive contribution to Virial Field V                    
  DelSqV = Laplacian of V                                                      
  DelSqVen = Laplacian of Ven                                                  
  DelSqVrep = Laplacian of Vrep                                                
  DelSqG = Laplacian of G                                                      
  DelSqK = Laplacian of K                                                      
  Stress_EigVals = Eigenvalues of Stress Tensor, Ascending Order               
  Stress_EigVecs = Eigenvectors of Stress Tensor                               
  -DivStress = Ehrenfest Force Density = Minus Divergence of Stress Tensor     
  ESP = Total Electrostatic Potential                                          
  ESPe = Electrostatic Potential from Electrons                                
  ESPn = Electrostatic Potential from Nuclei                                   
  BP = Bond Path                                                               
  BPL = Bond Path Length                                                       
  GBL = Geometric Bond Length                                                  
  GBL_I = Distance Between Nuclear Attractors                                  
  GBL_II = Distance Between Nuclei                                             
  GBL_III = Sum of Distances Between BCP and Nuclear Attractors                
  GBL_IV = Sum of Distances Between BCP and Nuclei                             

CP# 1      Coords =  8.57892799069835E-01 -1.10022656433183E+00 -1.21678611781175E+00
           Type = (3,-3) NACP S1
           Rho =  2.5035783686E+03     Rho at Nucleus =  2.5035783541E+03
           GradRho = -4.3423398211E-10 -2.1108377268E-09 -2.9319835448E-10
           HessRho_EigVals = -2.2091180238E+07 -2.2091047689E+07 -2.2090812535E+07
           HessRho_EigVec1 =  7.4818278856E-01  1.1396636729E-01 -6.5363153384E-01
           HessRho_EigVec2 =  2.8284185313E-01  8.3635681742E-01  4.6958253808E-01
           HessRho_EigVec3 = -6.0018580542E-01  5.3620792710E-01 -5.9351331737E-01
           DelSqRho = -6.6273040462E+07
           Bond Ellipticity = NA
           V = -1.6586832244E+07
           G =  9.2860642436E+03
           K =  1.6577546180E+07
           L =  1.6568260116E+07
           Vnuc =  1.3939524663E+07
           Ven = -3.4898692415E+10
           Vrep =  3.4882105582E+10
           DelSqV =  2.7290142853E+12
           DelSqVen =  9.2381468557E+14
           DelSqVrep = -9.2108567089E+14
           DelSqG =  1.4634088116E+11
           DelSqK = -2.8753551664E+12
           Stress_EigVals = -5.5289945191E+06 -5.5289352447E+06 -5.5289024803E+06
           Stress_EigVec1 = -6.0020355997E-01  5.3604647854E-01 -5.9364118745E-01
           Stress_EigVec2 =  2.8464936762E-01  8.3675499662E-01  4.6777752526E-01
           Stress_EigVec3 =  7.4748272496E-01  1.1178214734E-01 -6.5480861893E-01
           -DivStress = -1.1317959089E+05 -8.2209121554E+05 -5.7302305637E+05
           ESP =  -5.9185618161E+01     ESP at Nucleus =  -5.9185618225E+01
           ESPe = -7.7443827450E+01     ESPe at Nucleus = -7.7443825804E+01
           ESPn =  1.8258209289E+01     ESPn at Nucleus =  1.8258207578E+01

CP# 2      Coords = -1.14807552997371E+00  2.04623779944174E-02  1.88431320224480E+00
           Type = (3,-3) NACP S2
           Rho =  2.5035201768E+03     Rho at Nucleus =  2.5035201630E+03
           GradRho = -9.5980245973E-10  3.5534242215E-11  1.0134328932E-09
           HessRho_EigVals = -2.2090641060E+07 -2.2090513727E+07 -2.2090284503E+07
           HessRho_EigVec1 =  7.4280731307E-01 -5.3072152668E-01 -4.0813227852E-01
           HessRho_EigVec2 =  2.5132931593E-01 -3.4397566141E-01  9.0471781198E-01
           HessRho_EigVec3 =  6.2054078883E-01  7.7460661337E-01  1.2212175856E-01
           DelSqRho = -6.6271439290E+07
           Bond Ellipticity = NA
           V = -1.6586435113E+07
           G =  9.2876453048E+03
           K =  1.6577147468E+07
           L =  1.6567859822E+07
           Vnuc =  1.4300246948E+07
           Ven = -3.5800956768E+10
           Vrep =  3.5784370333E+10
           DelSqV =  2.7289490498E+12
           DelSqVen =  9.4769793886E+14
           DelSqVrep = -9.4496898981E+14
           DelSqG =  1.4633723763E+11
           DelSqK = -2.8752862874E+12
           Stress_EigVals = -5.5288607146E+06 -5.5288029370E+06 -5.5287714615E+06
           Stress_EigVec1 =  6.2051684372E-01  7.7459503745E-01  1.2231669804E-01
           Stress_EigVec2 =  2.5295095092E-01 -3.4534590808E-01  9.0374333757E-01
           Stress_EigVec3 =  7.4227667557E-01 -5.2984783828E-01 -4.1022750418E-01
           -DivStress =  1.1400743656E+05 -2.7052960040E+05  9.3811129335E+05
           ESP =  -5.9183941404E+01     ESP at Nucleus =  -5.9183941466E+01
           ESPe = -7.7312674451E+01     ESPe at Nucleus = -7.7312672739E+01
           ESPn =  1.8128733046E+01     ESPn at Nucleus =  1.8128731274E+01

CP# 3      Coords =  8.88144963594847E+00 -1.39194787976887E+00  1.52242370210722E+00
           Type = (3,-3) NACP O3
           Rho =  2.9011552543E+02     Rho at Nucleus =  2.9011549968E+02
           GradRho = -4.4966230739E-10 -5.3265891697E-11  2.9785229838E-11
           HessRho_EigVals = -6.3965643059E+05 -6.3964187099E+05 -6.3963584060E+05
           HessRho_EigVec1 =  8.0873872566E-01 -5.3765168433E-01  2.3847922333E-01
           HessRho_EigVec2 =  1.1803777955E-01  5.4557568104E-01  8.2970733325E-01
           HessRho_EigVec3 =  5.7620200990E-01  6.4286689337E-01 -5.0469139203E-01
           DelSqRho = -1.9189341422E+06
           Bond Ellipticity = NA
           V = -4.7982654106E+05
           G =  4.6502760554E+01
           K =  4.7978003830E+05
           L =  4.7973353554E+05
           Vnuc =  8.9155485615E+05
           Ven = -2.5865390554E+08
           Vrep =  2.5817407900E+08
           DelSqV =  1.9788161522E+10
           DelSqVen =  1.7108350531E+12
           DelSqVrep = -1.6910468915E+12
           DelSqG =  1.0580034933E+09
           DelSqK = -2.0846165015E+10
           Stress_EigVals = -1.5994430568E+05 -1.5994269132E+05 -1.5993954406E+05
           Stress_EigVec1 =  5.7669463302E-01  6.4429068510E-01 -5.0230748883E-01
           Stress_EigVec2 =  1.0558074226E-01  5.5091598259E-01  8.2785523312E-01
           Stress_EigVec3 =  8.1010863908E-01 -5.3045366736E-01  2.4968560164E-01
           -DivStress =  6.0445545466E+03  3.1548572915E+04  4.7952057342E+04
           ESP =  -2.2243890081E+01     ESP at Nucleus =  -2.2243891116E+01
           ESPe = -3.7902453432E+01     ESPe at Nucleus = -3.7902444462E+01
           ESPn =  1.5658563351E+01     ESPn at Nucleus =  1.5658553346E+01

CP# 4      Coords = -6.63128447329977E+00 -3.47676155848227E+00 -3.93975228892949E-01
           Type = (3,-3) NACP O4
           Rho =  2.9014256231E+02     Rho at Nucleus =  2.9014253508E+02
           GradRho = -6.3447691545E-11  1.1473055839E-10 -1.0917933224E-12
           HessRho_EigVals = -6.3970623930E+05 -6.3969145063E+05 -6.3968616945E+05
           HessRho_EigVec1 =  2.5687892807E-01  9.5350809420E-01 -1.5759292692E-01
           HessRho_EigVec2 = -5.2404180282E-01  2.7443618704E-01  8.0626606535E-01
           HessRho_EigVec3 =  8.1203042136E-01 -1.2452748107E-01  5.7017497424E-01
           DelSqRho = -1.9190838594E+06
           Bond Ellipticity = NA
           V = -4.7986389566E+05
           G =  4.6465405601E+01
           K =  4.7981743025E+05
           L =  4.7977096485E+05
           Vnuc =  8.6700430268E+05
           Ven = -2.5155484992E+08
           Vrep =  2.5107498602E+08
           DelSqV =  1.9789675854E+10
           DelSqVen =  1.6638539607E+12
           DelSqVrep = -1.6440642848E+12
           DelSqG =  1.0580680692E+09
           DelSqK = -2.0847743923E+10
           Stress_EigVals = -1.5995665598E+05 -1.5995521333E+05 -1.5995202634E+05
           Stress_EigVec1 =  8.1133189563E-01 -1.2402870011E-01  5.7127702271E-01
           Stress_EigVec2 = -5.2837562339E-01  2.6253219663E-01  8.0740079660E-01
           Stress_EigVec3 =  2.5011948292E-01  9.5691887184E-01 -1.4746700302E-01
           -DivStress =  3.1287088909E+04 -1.6630954533E+04 -4.7592875972E+04
           ESP =  -2.2251407378E+01     ESP at Nucleus =  -2.2251408479E+01
           ESPe = -3.8976669999E+01     ESPe at Nucleus = -3.8976662744E+01
           ESPn =  1.6725262621E+01     ESPn at Nucleus =  1.6725254265E+01

CP# 5      Coords =  6.84002346201952E+00 -2.39751523068151E+00 -2.03370195215166E+00
           Type = (3,-3) NACP O5
           Rho =  2.9055498302E+02     Rho at Nucleus =  2.9055495162E+02
           GradRho =  2.0415980018E-10 -6.9957373228E-12 -7.5702555336E-11
           HessRho_EigVals = -6.4073853672E+05 -6.4073607985E+05 -6.4071962383E+05
           HessRho_EigVec1 = -5.7630982900E-01 -6.0199430333E-01  5.5269326010E-01
           HessRho_EigVec2 =  1.1988905129E-01  6.0670419107E-01  7.8583499535E-01
           HessRho_EigVec3 =  8.0838950783E-01 -5.1914630240E-01  2.7747706271E-01
           DelSqRho = -1.9221942404E+06
           Bond Ellipticity = NA
           V = -4.8063984989E+05
           G =  4.5644892010E+01
           K =  4.8059420499E+05
           L =  4.8054856010E+05
           Vnuc =  8.0816413260E+05
           Ven = -2.3481611582E+08
           Vrep =  2.3433547597E+08
           DelSqV =  1.9821812589E+10
           DelSqVen =  1.5534484403E+12
           DelSqVrep = -1.5336266277E+12
           DelSqG =  1.0600057067E+09
           DelSqK = -2.0881818295E+10
           Stress_EigVals = -1.6021622190E+05 -1.6021211358E+05 -1.6021151440E+05
           Stress_EigVec1 =  8.0817430501E-01 -5.1989981553E-01  2.7669202110E-01
           Stress_EigVec2 =  1.1987573342E-01  6.0518996055E-01  7.8700376123E-01
           Stress_EigVec3 = -5.7661434362E-01 -6.0286755881E-01  5.5142234746E-01
           -DivStress = -6.8345444742E+03 -3.5948588428E+04 -5.2233728676E+04
           ESP =  -2.2307472396E+01     ESP at Nucleus =  -2.2307473623E+01
           ESPe = -3.9191022321E+01     ESPe at Nucleus = -3.9191000629E+01
           ESPn =  1.6883549926E+01     ESPn at Nucleus =  1.6883527005E+01

CP# 6      Coords = -8.07331379941115E+00 -5.41480764958249E-01  2.27705152156727E+00
           Type = (3,-3) NACP O6
           Rho =  2.9054730636E+02     Rho at Nucleus =  2.9054727542E+02
           GradRho =  4.5972869955E-10 -3.1063596140E-11 -9.9796615416E-11
           HessRho_EigVals = -6.4073234787E+05 -6.4073085737E+05 -6.4071465358E+05
           HessRho_EigVec1 =  7.9856006055E-01 -1.3785790405E-01  5.8591554680E-01
           HessRho_EigVec2 = -5.4125760410E-01  2.6139130094E-01  7.9919634246E-01
           HessRho_EigVec3 =  2.6332875972E-01  9.5533752469E-01 -1.3412001426E-01
           DelSqRho = -1.9221778588E+06
           Bond Ellipticity = NA
           V = -4.8063571772E+05
           G =  4.5626506726E+01
           K =  4.8059009121E+05
           L =  4.8054446471E+05
           Vnuc =  8.1404111256E+05
           Ven = -2.3651745252E+08
           Vrep =  2.3603681681E+08
           DelSqV =  1.9821667039E+10
           DelSqVen =  1.5647318019E+12
           DelSqVrep = -1.5449101348E+12
           DelSqG =  1.0600175505E+09
           DelSqK = -2.0881684589E+10
           Stress_EigVals = -1.6021472385E+05 -1.6021067496E+05 -1.6021031891E+05
           Stress_EigVec1 =  2.6350563512E-01  9.5523091164E-01 -1.3453135588E-01
           Stress_EigVec2 = -5.4215091523E-01  2.6199796142E-01  7.9839179187E-01
           Stress_EigVec3 =  7.9789546018E-01 -1.3744443847E-01  5.8691725222E-01
           -DivStress = -3.3634864391E+04  1.7185894471E+04  5.0823021184E+04
           ESP =  -2.2315485329E+01     ESP at Nucleus =  -2.2315486534E+01
           ESPe = -3.8752102069E+01     ESPe at Nucleus = -3.8752077672E+01
           ESPn =  1.6436616740E+01     ESPn at Nucleus =  1.6436591138E+01

CP# 7      Coords =  6.86438835196204E+00  3.37730977967981E+00  5.72376376560384E-01
           Type = (3,-3) NACP N7
           Rho =  1.9089619381E+02     Rho at Nucleus =  1.9089617906E+02
           GradRho =  3.5860203695E-14  1.2895795543E-11 -1.3618939310E-11
           HessRho_EigVals = -3.2116457515E+05 -3.2116308901E+05 -3.2115453808E+05
           HessRho_EigVec1 =  4.3818914731E-01  8.5196757255E-01  2.8660343072E-01
           HessRho_EigVec2 =  8.4987905417E-01 -4.9651492173E-01  1.7657441995E-01
           HessRho_EigVec3 = -2.9273855991E-01 -1.6620525811E-01  9.4163684492E-01
           DelSqRho = -9.6348220223E+05
           Bond Ellipticity = NA
           V = -2.4090427068E+05
           G =  1.6860061159E+01
           K =  2.4088741062E+05
           L =  2.4087055056E+05
           Vnuc =  7.3021950599E+05
           Ven = -1.3939612434E+08
           Vrep =  1.3915522007E+08
           DelSqV =  7.5639569533E+09
           DelSqVen =  7.0355349888E+11
           DelSqVrep = -6.9598954218E+11
           DelSqG =  4.0532262979E+08
           DelSqK = -7.9692795831E+09
           Stress_EigVals = -8.0302700020E+04 -8.0301011545E+04 -8.0300559116E+04
           Stress_EigVec1 = -2.7530185496E-01 -1.4362818874E-01  9.5056816276E-01
           Stress_EigVec2 =  8.4515313409E-01 -5.0740220049E-01  1.6810469021E-01
           Stress_EigVec3 =  4.5817580533E-01  8.4965519497E-01  2.6107658086E-01
           -DivStress =  9.0913094106E+03  6.3687686971E+03 -2.0778000264E+04
           ESP =  -1.8344212797E+01     ESP at Nucleus =  -1.8344213573E+01
           ESPe = -3.5110967186E+01     ESPe at Nucleus = -3.5110959217E+01
           ESPn =  1.6766754389E+01     ESPn at Nucleus =  1.6766745644E+01

CP# 8      Coords = -7.33237180516323E+00  2.49584668002066E+00 -2.19732571847703E+00
           Type = (3,-3) NACP N8
           Rho =  1.9086264899E+02     Rho at Nucleus =  1.9086263550E+02
           GradRho = -2.5305757489E-11  4.0991654515E-11 -5.4637433466E-11
           HessRho_EigVals = -3.2109624550E+05 -3.2109484500E+05 -3.2108628444E+05
           HessRho_EigVec1 = -5.0167962428E-01  8.1666321505E-01 -2.8526960542E-01
           HessRho_EigVec2 = -6.1587851923E-01 -1.0561926475E-01  7.8072928757E-01
           HessRho_EigVec3 =  6.0746292409E-01  5.6736739781E-01  5.5595236465E-01
           DelSqRho = -9.6327737494E+05
           Bond Ellipticity = NA
           V = -2.4085312400E+05
           G =  1.6890133011E+01
           K =  2.4083623387E+05
           L =  2.4081934373E+05
           Vnuc =  7.6361265333E+05
           Ven = -1.4574513382E+08
           Vrep =  1.4550428069E+08
           DelSqV =  7.5623399461E+09
           DelSqVen =  7.3557079197E+11
           DelSqVrep = -7.2800845196E+11
           DelSqG =  4.0522054023E+08
           DelSqK = -7.9675604864E+09
           Stress_EigVals = -8.0285646876E+04 -8.0283954261E+04 -8.0283522863E+04
           Stress_EigVec1 =  5.9066922572E-01  5.8819329289E-01  5.5239344310E-01
           Stress_EigVec2 = -6.0329466679E-01 -1.3270266333E-01  7.8640037397E-01
           Stress_EigVec3 = -5.3585950660E-01  7.9775851819E-01 -2.7647049724E-01
           -DivStress = -1.5699372112E+04 -1.0051818328E+04 -1.2593485680E+04
           ESP =  -1.8346086905E+01     ESP at Nucleus =  -1.8346087634E+01
           ESPe = -3.4878074617E+01     ESPe at Nucleus = -3.4878063885E+01
           ESPn =  1.6531987711E+01     ESPn at Nucleus =  1.6531976251E+01

CP# 9      Coords =  5.31509187625342E+00  1.09126031638636E+00  5.15564928929160E-01
           Type = (3,-3) NACP C9
           Rho =  1.1779832584E+02     Rho at Nucleus =  1.1779832518E+02
           GradRho =  4.4154470080E-09  3.1918814813E-09 -2.5735141379E-09
           HessRho_EigVals = -1.4515507330E+05 -1.4515443131E+05 -1.4515399496E+05
           HessRho_EigVec1 =  4.2566982029E-01  8.9797302096E-01  1.1157803428E-01
           HessRho_EigVec2 =  8.7850255609E-01 -4.3966289567E-01  1.8689515004E-01
           HessRho_EigVec3 = -2.1688352413E-01 -1.8465963387E-02  9.7602282000E-01
           DelSqRho = -4.3546349957E+05
           Bond Ellipticity = NA
           V = -1.0887591514E+05
           G =  5.0201243595E+00
           K =  1.0887089502E+05
           L =  1.0886587489E+05
           Vnuc =  1.9880421795E+06
           Ven = -2.3418804045E+08
           Vrep =  2.3407916454E+08
           DelSqV =  2.4978422801E+09
           DelSqVen =  8.6571982643E+11
           DelSqVrep = -8.6322198210E+11
           DelSqG =  1.3417189122E+08
           DelSqK = -2.6320141713E+09
           Stress_EigVals = -3.6292120160E+04 -3.6291980102E+04 -3.6291814879E+04
           Stress_EigVec1 = -2.3741585760E-01 -6.5314951537E-02  9.6920981612E-01
           Stress_EigVec2 =  8.8736792836E-01 -4.2053108888E-01  1.8902847142E-01
           Stress_EigVec3 =  3.9523647387E-01  9.0492406333E-01  1.5779914235E-01
           -DivStress = -1.7933062246E+03 -1.3031839822E+03  1.0652926543E+03
           ESP =  -1.4683550827E+01     ESP at Nucleus =  -1.4683550863E+01
           ESPe = -3.6029265807E+01     ESPe at Nucleus = -3.6029266477E+01
           ESPn =  2.1345714979E+01     ESPn at Nucleus =  2.1345715614E+01

CP# 10     Coords = -5.43571526718432E+00  8.08097601311380E-01 -1.14114007013937E+00
           Type = (3,-3) NACP C10
           Rho =  1.1779580520E+02     Rho at Nucleus =  1.1779580442E+02
           GradRho = -5.4614921474E-09  4.9100605803E-09  2.6018652788E-09
           HessRho_EigVals = -1.4515079808E+05 -1.4515022697E+05 -1.4514958827E+05
           HessRho_EigVec1 =  6.4540457850E-01 -5.6487871839E-01  5.1416433516E-01
           HessRho_EigVec2 =  6.8583505093E-01  7.2489296736E-01 -6.4501695910E-02
           HessRho_EigVec3 = -3.3627847531E-01  3.9426161285E-01  8.5526286466E-01
           DelSqRho = -4.3545061331E+05
           Bond Ellipticity = NA
           V = -1.0887271537E+05
           G =  5.0310224787E+00
           K =  1.0886768435E+05
           L =  1.0886265333E+05
           Vnuc =  1.8332465452E+06
           Ven = -2.1594875291E+08
           Vrep =  2.1583988020E+08
           DelSqV =  2.4977675057E+09
           DelSqVen =  7.9828835533E+11
           DelSqVrep = -7.9579058987E+11
           DelSqG =  1.3416688827E+08
           DelSqK = -2.6319343940E+09
           Stress_EigVals = -3.6291094051E+04 -3.6290877311E+04 -3.6290744011E+04
           Stress_EigVec1 = -3.7219289841E-01  4.0484167284E-01  8.3520995343E-01
           Stress_EigVec2 =  6.6997600844E-01  7.3994561055E-01 -6.0105253939E-02
           Stress_EigVec3 =  6.4234305048E-01 -5.3719988213E-01  5.4663670948E-01
           -DivStress =  1.8614900137E+03 -1.6775769018E+03 -9.0569047988E+02
           ESP =  -1.4689060667E+01     ESP at Nucleus =  -1.4689060709E+01
           ESPe = -3.6028693747E+01     ESPe at Nucleus = -3.6028694048E+01
           ESPn =  2.1339633080E+01     ESPn at Nucleus =  2.1339633339E+01

CP# 11     Coords =  3.22116487376347E+00  1.37651404959530E+00 -1.42531744573861E+00
           Type = (3,-3) NACP C11
           Rho =  1.1784187547E+02     Rho at Nucleus =  1.1784187484E+02
           GradRho = -3.2356538837E-09 -4.2392983568E-09  2.4757672579E-09
           HessRho_EigVals = -1.4521166527E+05 -1.4521077062E+05 -1.4521038160E+05
           HessRho_EigVec1 =  7.0291189580E-01  7.1126377355E-01  4.3256410045E-03
           HessRho_EigVec2 =  5.4688394900E-01 -5.4433078655E-01  6.3609900263E-01
           HessRho_EigVec3 = -4.5478875653E-01  4.4475593222E-01  7.7159532638E-01
           DelSqRho = -4.3563281749E+05
           Bond Ellipticity = NA
           V = -1.0891830881E+05
           G =  5.0522191174E+00
           K =  1.0891325659E+05
           L =  1.0890820437E+05
           Vnuc =  2.0389320131E+06
           Ven = -2.4027157237E+08
           Vrep =  2.4016265406E+08
           DelSqV =  2.4988127502E+09
           DelSqVen =  8.8822568550E+11
           DelSqVrep = -8.8572687275E+11
           DelSqG =  1.3422769585E+08
           DelSqK = -2.6330404460E+09
           Stress_EigVals = -3.6306284639E+04 -3.6306152756E+04 -3.6305871416E+04
           Stress_EigVec1 = -4.7686062801E-01  4.8934479387E-01  7.3016820950E-01
           Stress_EigVec2 = -5.0311545440E-01  5.2920544514E-01 -6.8323966248E-01
           Stress_EigVec3 =  7.2074876414E-01  6.9316900504E-01  6.1603125875E-03
           -DivStress =  1.2904829557E+03  1.7266292006E+03 -1.0191674810E+03
           ESP =  -1.4702301653E+01     ESP at Nucleus =  -1.4702301695E+01
           ESPe = -3.6276103873E+01     ESPe at Nucleus = -3.6276099184E+01
           ESPn =  2.1573802220E+01     ESPn at Nucleus =  2.1573797489E+01

CP# 12     Coords = -3.48519793094876E+00  2.13688711306612E+00  5.26627200136619E-01
           Type = (3,-3) NACP C12
           Rho =  1.1787188512E+02     Rho at Nucleus =  1.1787188454E+02
           GradRho =  3.5751381300E-09 -3.4878841967E-09  1.5309348789E-09
           HessRho_EigVals = -1.4525231787E+05 -1.4525136115E+05 -1.4525113642E+05
           HessRho_EigVec1 =  6.8398353142E-01 -6.1394728392E-01  3.9399906258E-01
           HessRho_EigVec2 =  5.2783319032E-01  7.8931981310E-01  3.1363411142E-01
           HessRho_EigVec3 = -5.0354607729E-01 -6.5547849169E-03  8.6394350674E-01
           DelSqRho = -4.3575481544E+05
           Bond Ellipticity = NA
           V = -1.0894876071E+05
           G =  5.0284262405E+00
           K =  1.0894373229E+05
           L =  1.0893870386E+05
           Vnuc =  2.1222620518E+06
           Ven = -2.5015502876E+08
           Vrep =  2.5004608000E+08
           DelSqV =  2.4995127366E+09
           DelSqVen =  9.2478590976E+11
           DelSqVrep = -9.2228639702E+11
           DelSqG =  1.3426894693E+08
           DelSqK = -2.6337816835E+09
           Stress_EigVals = -3.6316416585E+04 -3.6316320178E+04 -3.6316023948E+04
           Stress_EigVec1 = -5.4811157478E-01 -1.0717019818E-01  8.2951084997E-01
           Stress_EigVec2 =  4.3931790654E-01  8.0704831415E-01  3.9455391978E-01
           Stress_EigVec3 =  7.1173975481E-01 -5.8067854037E-01  3.9527073529E-01
           -DivStress = -1.5715770412E+03  1.5299771842E+03 -6.6281323245E+02
           ESP =  -1.4699914946E+01     ESP at Nucleus =  -1.4699914987E+01
           ESPe = -3.6118980943E+01     ESPe at Nucleus = -3.6118977039E+01
           ESPn =  2.1419065997E+01     ESPn at Nucleus =  2.1419062052E+01

CP# 13     Coords =  7.03185018466541E+00 -1.09455383460827E+00 -1.98108964485793E-01
           Type = (3,-3) NACP C13
           Rho =  1.1792200175E+02     Rho at Nucleus =  1.1792199990E+02
           GradRho = -5.3069701411E-11  6.4498406616E-12 -1.9301782395E-12
           HessRho_EigVals = -1.4526086689E+05 -1.4525984608E+05 -1.4525848366E+05
           HessRho_EigVec1 =  5.9432484241E-01  6.1533133012E-01 -5.1782751556E-01
           HessRho_EigVec2 =  7.1402695043E-01 -1.0745236153E-01  6.9182331853E-01
           HessRho_EigVec3 = -3.7005877339E-01  7.8091058654E-01  5.0322476098E-01
           DelSqRho = -4.3577919663E+05
           Bond Ellipticity = NA
           V = -1.0895425042E+05
           G =  4.7256304703E+00
           K =  1.0894952479E+05
           L =  1.0894479916E+05
           Vnuc =  1.1892208518E+06
           Ven = -1.4023530337E+08
           Vrep =  1.4012634912E+08
           DelSqV =  2.4995846654E+09
           DelSqVen =  5.1823770338E+11
           DelSqVrep = -5.1573811871E+11
           DelSqG =  1.3422214195E+08
           DelSqK = -2.6338068074E+09
           Stress_EigVals = -3.6318595353E+04 -3.6318076025E+04 -3.6317579040E+04
           Stress_EigVec1 = -2.1765976839E-01  7.3810246284E-01  6.3861489144E-01
           Stress_EigVec2 = -7.7759616709E-01  2.6430851592E-01 -5.7051311058E-01
           Stress_EigVec3 =  5.8988848620E-01  6.2076224335E-01 -5.1641631566E-01
           -DivStress = -3.1217710426E+03  1.1960328514E+03 -2.3684896413E+03
           ESP =  -1.4599735479E+01     ESP at Nucleus =  -1.4599735599E+01
           ESPe = -3.5358449168E+01     ESPe at Nucleus = -3.5358453123E+01
           ESPn =  2.0758713689E+01     ESPn at Nucleus =  2.0758717524E+01

CP# 14     Coords = -6.85604558085821E+00 -1.11056897259874E+00  4.50332216315204E-01
           Type = (3,-3) NACP C14
           Rho =  1.1792214439E+02     Rho at Nucleus =  1.1792214267E+02
           GradRho = -1.4984596897E-11  6.2293781244E-12 -2.9128366386E-12
           HessRho_EigVals = -1.4526204975E+05 -1.4526093417E+05 -1.4525966267E+05
           HessRho_EigVec1 =  8.1039022012E-01 -1.1353082419E-01  5.7478556270E-01
           HessRho_EigVec2 = -1.2221302857E-01  9.2670924983E-01  3.5535044945E-01
           HessRho_EigVec3 = -5.7300232703E-01 -3.5821881335E-01  7.3712116710E-01
           DelSqRho = -4.3578264660E+05
           Bond Ellipticity = NA
           V = -1.0895511685E+05
           G =  4.7275989881E+00
           K =  1.0895038925E+05
           L =  1.0894566165E+05
           Vnuc =  1.2321673772E+06
           Ven = -1.4529981937E+08
           Vrep =  1.4519086425E+08
           DelSqV =  2.4996056015E+09
           DelSqVen =  5.3695715533E+11
           DelSqVrep = -5.3445754973E+11
           DelSqG =  1.3422411894E+08
           DelSqK = -2.6338297205E+09
           Stress_EigVals = -3.6318856964E+04 -3.6318404194E+04 -3.6317855689E+04
           Stress_EigVec1 = -5.8701063093E-01 -1.4699759788E-01  7.9612199152E-01
           Stress_EigVec2 =  1.0098558569E-02  9.8197146410E-01  1.8875927213E-01
           Stress_EigVec3 =  8.0951623720E-01 -1.1884338399E-01  5.7494322484E-01
           -DivStress =  3.2937817280E+01  3.9005389088E+03  6.5469741458E+02
           ESP =  -1.4605881387E+01     ESP at Nucleus =  -1.4605881498E+01
           ESPe = -3.5692794477E+01     ESPe at Nucleus = -3.5692796370E+01
           ESPn =  2.1086913090E+01     ESPn at Nucleus =  2.1086914872E+01

CP# 15     Coords =  4.49082295222743E+00  6.30430531920907E-01  2.32519451640061E+00
           Type = (3,-3) NACP H15
           Rho =  4.2140240603E-01     Rho at Nucleus =  4.1775886516E-01
           GradRho =  2.4887224660E-11  1.3708857942E-11 -5.4540435536E-11
           HessRho_EigVals = -6.3571845226E+00 -6.3528631487E+00 -5.7646809414E+00
           HessRho_EigVec1 =  6.1284006821E-01  6.5248160935E-01  4.4575194924E-01
           HessRho_EigVec2 = -6.7808814116E-01  7.2386934293E-01 -1.2731711268E-01
           HessRho_EigVec3 = -4.0573824518E-01 -2.2423408266E-01  8.8605617913E-01
           DelSqRho = -1.8474728613E+01
           Bond Ellipticity = NA
           V = -4.6302469877E+00
           G =  5.7824172422E-03
