AIMSum (Version 17.01.25, Professional)
Copyright (c) 1997-2017 by Todd A. Keith
AIMSum is a component of the AIMAll package ( http://aim.tkgristmill.com )

TP:  64-bit Linux

Licensed To:  Research Group of Fernando Cortes Guzman, UNAM, fercor@unam.mx

Much of the Quantum Theory of Atoms in Molecules (QTAIM) is described in the book:
  "Atoms in Molecules - A Quantum Theory"
  R.F.W. Bader, Oxford University Press, Oxford, 1990

For additional references see:  http://aim.tkgristmill.com/references.html

Wfn File:  /home/alejandro/wd/aimqb_inps/glutamate_b2plyp_def2QZVP.wfn
Sum File:  /home/alejandro/wd/aimqb_inps/glutamate_b2plyp_def2QZVP.sum

SumViz File:  /home/alejandro/wd/aimqb_inps/glutamate_b2plyp_def2QZVP.sumviz

Wfn Title:   opt glutamate M062X def2TZVP                                                  
 
Total memory allocated for AIMSum =       14.971 Megabytes

Atomic units (a.u.) used throughout, except where stated otherwise

Model:  Unknown
 
Restricted, natural orbital wavefunction.
  Number of electrons (from MO Occs)                   =          78.0000001000
  Number of Alpha electrons (from MO Occs)             =          39.0000000500
  Number of Beta electrons (from MO Occs)              =          39.0000000500
  Number of electron pairs (N*(N-1)/2)                 =        3003.0000077500
  Number of electron pairs (from Muller 2EDM)          =        3002.9999917957
  Number of electron pairs (from Muller 2EDM, no SOSI) =        3003.4461408635
 
Nuclear Charges and Cartesian Coordinates:
-------------------------------------------------------------------------------
Atom      Charge                X                  Y                  Z
-------------------------------------------------------------------------------
O1         8.0           3.3760431700E+00  -2.8465257900E+00   1.6430774900E+00
O2         8.0          -5.7701113300E+00  -1.4275860100E+00  -1.9317000800E+00
O3         8.0           5.1766111800E+00  -1.1500009100E+00  -1.7731256000E+00
O4         8.0          -5.5566696500E+00   7.7695362000E-01   1.6557899100E+00
N5         7.0           2.7471134400E+00   3.3108590500E+00  -1.1869597700E+00
C6         6.0          -2.3476483000E-01   1.0358111400E+00   1.5515486300E+00
C7         6.0           2.5370097900E+00   1.4868641400E+00   8.4879494000E-01
C8         6.0          -1.7145847900E+00  -1.1382385000E-01  -6.2098123000E-01
C9         6.0           3.8384848900E+00  -9.3144812000E-01   4.0953500000E-02
C10        6.0          -4.5065877200E+00  -1.7047715000E-01  -1.1541979000E-01
H11        1.0          -1.0688228300E+00   2.8516057400E+00   2.0586010500E+00
H12        1.0          -3.5107227000E-01  -1.6655161000E-01   3.2193007400E+00
H13        1.0           3.5399570800E+00   2.0596272900E+00   2.5764423300E+00
H14        1.0          -1.4056107800E+00   9.7294809000E-01  -2.3505139700E+00
H15        1.0          -1.1086372700E+00  -2.0462472700E+00  -1.0282731800E+00
H16        1.0           4.3635972200E+00   3.0433973700E+00  -2.1755230500E+00
H17        1.0           2.7025373000E+00   5.0999695600E+00  -5.2092067000E-01
H18        1.0           4.3192449200E+00  -4.2951490700E+00   1.0437174700E+00
H19        1.0          -7.5453184100E+00  -1.3598976200E+00  -1.4958223600E+00
 
Some Atomic Properties:
----------------------
  q(A) = Net Charge of Atom A
  L(A) = Lagrangian of Atom A = -(1/4) Times Atomic Integral of the Laplacian of the Electron Density
  K(A) = Electronic Kinetic Energy of Atom A (Hamiltonian Form)
  K_Scaled(A) = K(A) * E(Mol)/K(Mol) = Approximation to Virial-Based Total Energy of Atom A.
  |Mu_Intra(A)| = Magnitude of Intraatomic Dipole Moment of Atom A
--------------------------------------------------------------------------------------------------
Atom A          q(A)              L(A)              K(A)          K_Scaled(A)      |Mu_Intra(A)|
--------------------------------------------------------------------------------------------------
O1       -1.1852906476E+00  8.0360463750E-05  7.5735591262E+01 -7.5914313625E+01  3.0906513747E-01
O2       -1.1826834530E+00 -2.4784540662E-05  7.5727071386E+01 -7.5905773644E+01  2.9267328968E-01
O3       -1.2194475298E+00  4.0950367942E-05  7.5818857914E+01 -7.5997776771E+01  5.2734865534E-01
O4       -1.2269476707E+00  4.0818027634E-05  7.5816638185E+01 -7.5995551804E+01  5.2391833038E-01
N5       -1.0619292828E+00 -1.2085446239E-04  5.5015559942E+01 -5.5145386760E+01  2.2764810393E-01
C6        1.0719350170E-01 -4.5709052271E-04  3.7879093635E+01 -3.7968481478E+01  5.1892684799E-02
C7        4.1144089370E-01 -1.8669734476E-04  3.7709317273E+01 -3.7798304474E+01  4.0202378653E-01
C8        7.0316375900E-02 -5.3963912075E-05  3.7907909733E+01 -3.7997365576E+01  1.0977602740E-01
C9        1.6361493048E+00  7.1723766370E-04  3.6920788435E+01 -3.7007914850E+01  8.5269490144E-01
C10       1.6346116402E+00 -2.7472736611E-04  3.6908792561E+01 -3.6995890668E+01  8.5073468135E-01
H11      -3.7511404000E-03  3.0389771880E-05  6.3635065361E-01 -6.3785232661E-01  1.3439377937E-01
H12      -2.8191055000E-03  3.0964012315E-05  6.3681071859E-01 -6.3831347726E-01  1.3002610842E-01
H13      -9.1287598000E-03  3.4003009578E-05  6.4166813252E-01 -6.4318235381E-01  1.3789916399E-01
H14       4.1785281310E-02  3.1373211578E-05  6.1279413651E-01 -6.1424022037E-01  1.2721251367E-01
H15       5.1170222700E-03  3.6930465667E-05  6.2982837358E-01 -6.3131465517E-01  1.2585449219E-01
H16       3.9228910911E-01  4.6696047913E-05  4.6885263031E-01 -4.6995903812E-01  1.8257655030E-01
H17       3.5954669243E-01  3.1063141400E-05  4.8547912501E-01 -4.8662476836E-01  1.9347427495E-01
H18       6.1947701369E-01  2.2400022797E-05  3.4105672062E-01 -3.4186155309E-01  1.5629210703E-01
H19       6.1404210871E-01  2.4047863211E-05  3.4437906659E-01 -3.4519173919E-01  1.5905078553E-01
--------------------------------------------------------------------------------------------------
Total    -2.8645779998E-05  4.9115920658E-05  5.5023683988E+02 -5.5153529978E+02
 
Molecular charge q(Mol) from the wfn file:  -9.9999990110E-08
Molecular energy E(Mol) from the wfn file:  -5.5153533593E+02
Molecular virial ratio (-V(Mol)/T(Mol)) from the wfn file:   2.0023598200E+00
Note.  K_Scaled(A) = (1+V(Mol)/T(Mol))*K(A) = (E(Mol)/T(Mol))*K(A)
       Only use K_Scaled(A) data with caution.
 
N_AIMInt(SumA)     =         78.000029
N_Analytic(Mol)    =         77.999994
 
G_AIMInt(SumA)     =        550.236791
G_Analytic(Mol)    =        550.236880
 
K_AIMInt(SumA)     =        550.236840
K_Analytic(Mol)    =        550.236880
 
L_AIMInt(SumA)     =          0.000049
L_Analytic(Mol)    =          0.000000
 
VenT_AIMInt(SumA)  =      -2396.807710
VenT_Analytic(Mol) =      -2396.805834
 
Some Information About the Atomic Calculations:
----------------------------------------------
  Time(sec) = "Elapsed User Time", in Seconds, for Atom A by AIMInt and, if used, by TWOe
  NProc = Number of Processors Used for AIMInt Job
  BIM = Basin Integration Method
  OAQ = Angular Quadrature Outside of Beta Sphere
  ORQ = Multiple of Default for Radial Quadrature Outside of Beta Sphere
  IAQ = Multiple of Default for Angular Quadrature Inside of Beta Sphere
  IRQ = Multiple of Default for Radial Quadrature Inside of Beta Sphere
  MIR = Maximum Integration Radius
------------------------------------------------------------------------------------------------------
Atom A     Time(sec)   NProc      BIM              OAQ                 ORQ      IAQ      IRQ      MIR
------------------------------------------------------------------------------------------------------
O1            198       16     Proaim(5)    4334      (Very High)      1.00     1.00     1.00    13.00
O2            147       16     Proaim(5)    4334      (Very High)      1.00     1.00     1.00    13.00
O3            181       16     Proaim(5)    3074      (Very High)      1.00     1.00     1.00    13.00
O4            158       16     Proaim(5)    3074      (Very High)      1.00     1.00     1.00    13.00
N5            239       16     Proaim(5)    4334      (Very High)      1.00     1.00     1.00    13.00
C6            327       16     Proaim(5)    4334      (Very High)      1.00     1.00     1.00    13.00
C7            395       16     Proaim(5)    4334      (Very High)      1.00     1.00     1.00    13.00
C8            279       16     Proaim(5)    4334      (Very High)      1.00     1.00     1.00    13.00
C9            264       16     Proaim(5)    4334      (Very High)      1.00     1.00     1.00    13.00
C10           160       16     Proaim(5)    4334      (Very High)      1.00     1.00     1.00    13.00
H11            77       16     Proaim(5)    2030      (Very High)      1.00     1.00     1.00    13.00
H12            64       16     Proaim(5)    2030      (Very High)      1.00     1.00     1.00    13.00
H13            61       16     Proaim(5)    2030      (Very High)      1.00     1.00     1.00    13.00
H14            73       16     Proaim(5)    2030      (Very High)      1.00     1.00     1.00    13.00
H15            72       16     Proaim(5)    2030      (Very High)      1.00     1.00     1.00    13.00
H16            54       16     Proaim(5)    2030      (Very High)      1.00     1.00     1.00    13.00
H17            57       16     Proaim(5)    2030      (Very High)      1.00     1.00     1.00    13.00
H18            40       16     Proaim(5)    2030      (Very High)      1.00     1.00     1.00    13.00
H19            44       16     Proaim(5)    2030      (Very High)      1.00     1.00     1.00    13.00
------------------------------------------------------------------------------------------------------
Total        2890
Note:  Total wall clock time is less than total of atomic times if more than one atom
       was calculated at a time
 
Electron Density Critical Point Analysis of Molecular Structure:               
---------------------------------------------------------------                
  NACP = Nuclear Attractor Critical Point                                      
  NNACP = Non-Nuclear Attractor Critical Point                                 
  BCP = Bond Critical Point                                                    
  RCP = Ring Critical Point                                                    
  CCP = Cage Critical Point                                                    
  Rho = Electron Density                                                       
  GradRho = Gradient of Electron Density                                       
  HessRho_EigVals = Eigenvalues of the Hessian of Rho, Ascending Order         
  HessRho_EigVecs = Eigenvectors of the Hessian of Rho                         
  DelSqRho = Laplacian of Rho = Trace of Hessian of Rho                        
  Bond Ellipticity = (HessRho_EigVal(1) / HessRho_EigVal(2)) - 1               
  V = Virial Field = Potential Energy Density = Trace of Stress Tensor         
  G = Lagrangian Form of Kinetic Energy Density                                
  K = Hamiltonian Form of Kinetic Energy Density                               
  L = K - G = Lagrangian Density = (-1/4)DelSqRho                              
  Vnuc = Electrostatic Potential from Nuclei                                   
  Ven = Electron-nuclear attractive contribution to Virial Field V             
  Vrep = V - Ven = Repulsive contribution to Virial Field V                    
  DelSqV = Laplacian of V                                                      
  DelSqVen = Laplacian of Ven                                                  
  DelSqVrep = Laplacian of Vrep                                                
  DelSqG = Laplacian of G                                                      
  DelSqK = Laplacian of K                                                      
  Stress_EigVals = Eigenvalues of Stress Tensor, Ascending Order               
  Stress_EigVecs = Eigenvectors of Stress Tensor                               
  -DivStress = Ehrenfest Force Density = Minus Divergence of Stress Tensor     
  ESP = Total Electrostatic Potential                                          
  ESPe = Electrostatic Potential from Electrons                                
  ESPn = Electrostatic Potential from Nuclei                                   
  BP = Bond Path                                                               
  BPL = Bond Path Length                                                       
  GBL = Geometric Bond Length                                                  
  GBL_I = Distance Between Nuclear Attractors                                  
  GBL_II = Distance Between Nuclei                                             
  GBL_III = Sum of Distances Between BCP and Nuclear Attractors                
  GBL_IV = Sum of Distances Between BCP and Nuclei                             

CP# 1      Coords =  3.37604490409283E+00 -2.84652592670556E+00  1.64307512398993E+00
           Type = (3,-3) NACP O1
           Rho =  3.0700346781E+02     Rho at Nucleus =  3.0700345398E+02
           GradRho = -4.1761450494E-10 -5.8680897626E-11  9.6291579088E-11
           HessRho_EigVals = -3.2081973846E+06 -3.2081647793E+06 -3.2081585804E+06
           HessRho_EigVec1 = -2.0425321213E-01  9.5962648449E-01 -1.9338468293E-01
           HessRho_EigVec2 = -5.8334820239E-01  3.9324035424E-02  8.1126968081E-01
           HessRho_EigVec3 =  7.8612053790E-01  2.7851504537E-01  5.5176432414E-01
           DelSqRho = -9.6245207444E+06
           Bond Ellipticity = NA
           V = -2.4063127119E+06
           G =  9.1262894074E+01
           K =  2.4062214490E+06
           L =  2.4061301861E+06
           Vnuc =  2.7242279830E+06
           Ven = -8.3634743788E+08
           Vrep =  8.3394112517E+08
           DelSqV =  1.9823268943E+12
           DelSqVen =  2.6219388731E+13
           DelSqVrep = -2.4237061837E+13
           DelSqG =  2.5145961798E+10
           DelSqK = -2.0074728561E+12
           Stress_EigVals = -8.0210860287E+05 -8.0210479915E+05 -8.0209930987E+05
           Stress_EigVec1 =  7.8392756292E-01  2.7872671796E-01  5.5476931494E-01
           Stress_EigVec2 = -5.8663951339E-01  4.0012936076E-02  8.0885910162E-01
           Stress_EigVec3 = -2.0325269355E-01  9.5953654524E-01 -1.9487934965E-01
           -DivStress = -1.1382448454E+06  8.9728160372E+04  1.5530420425E+06
           ESP =  -2.2299475306E+01     ESP at Nucleus =  -2.2299475376E+01
           ESPe = -3.5131599489E+01     ESPe at Nucleus = -3.5131596962E+01
           ESPn =  1.2832124184E+01     ESPn at Nucleus =  1.2832121586E+01

CP# 2      Coords = -5.77011257667199E+00 -1.42758473009021E+00 -1.93169776622008E+00
           Type = (3,-3) NACP O2
           Rho =  3.0701983211E+02     Rho at Nucleus =  3.0701981840E+02
           GradRho =  1.9172913154E-10  2.5455091858E-10  2.1802038947E-11
           HessRho_EigVals = -3.2083682203E+06 -3.2083359440E+06 -3.2083293933E+06
           HessRho_EigVec1 =  9.0915466731E-01  2.8769568676E-01  3.0111290694E-01
           HessRho_EigVec2 = -4.0598374333E-01  4.5111660974E-01  7.9477733018E-01
           HessRho_EigVec3 = -9.2816976098E-02  8.4482246433E-01 -5.2693454310E-01
           DelSqRho = -9.6250335576E+06
           Bond Ellipticity = NA
           V = -2.4064407713E+06
           G =  9.1190958566E+01
           K =  2.4063495804E+06
           L =  2.4062583894E+06
           Vnuc =  2.7366040283E+06
           Ven = -8.4019170931E+08
           Vrep =  8.3778526854E+08
           DelSqV =  1.9824323154E+12
           DelSqVen =  2.6339905602E+13
           DelSqVrep = -2.4357473286E+13
           DelSqG =  2.5147299983E+10
           DelSqK = -2.0075796154E+12
           Stress_EigVals = -8.0215131783E+05 -8.0214744550E+05 -8.0214200799E+05
           Stress_EigVec1 = -9.4659100389E-02  8.4683446402E-01 -5.2336511659E-01
           Stress_EigVec2 = -4.0130180971E-01  4.4865886048E-01  7.9853746589E-01
           Stress_EigVec3 =  9.1104144375E-01  2.8561620658E-01  2.9736655882E-01
           -DivStress =  8.1834912055E+05 -8.4017325876E+05 -1.5188401251E+06
           ESP =  -2.2313849581E+01     ESP at Nucleus =  -2.2313849651E+01
           ESPe = -3.3873674567E+01     ESPe at Nucleus = -3.3873671568E+01
           ESPn =  1.1559824986E+01     ESPn at Nucleus =  1.1559821917E+01

CP# 3      Coords =  5.17660945874842E+00 -1.15000069744042E+00 -1.77312320702885E+00
           Type = (3,-3) NACP O3
           Rho =  3.0726140513E+02     Rho at Nucleus =  3.0726139111E+02
           GradRho =  1.1309037009E-09 -2.3406814079E-10 -8.7528849088E-12
           HessRho_EigVals = -3.2108905285E+06 -3.2108802722E+06 -3.2108550723E+06
           HessRho_EigVec1 =  7.9541049747E-01  2.7131554275E-01  5.4195019769E-01
           HessRho_EigVec2 = -5.8441773400E-01  1.0646925504E-01  8.0443782228E-01
           HessRho_EigVec3 = -1.6055545054E-01  9.5658359488E-01 -2.4324837781E-01
           DelSqRho = -9.6326258729E+06
           Bond Ellipticity = NA
           V = -2.4083376651E+06
           G =  9.0598427269E+01
           K =  2.4082470667E+06
           L =  2.4081564682E+06
           Vnuc =  2.7069512052E+06
           Ven = -8.3174163094E+08
           Vrep =  8.2933329328E+08
           DelSqV =  1.9839932107E+12
           DelSqVen =  2.6075048198E+13
           DelSqVrep = -2.4091054987E+13
           DelSqG =  2.5167175590E+10
           DelSqK = -2.0091603863E+12
           Stress_EigVals = -8.0278497640E+05 -8.0277660393E+05 -8.0277608475E+05
           Stress_EigVec1 = -1.6534671144E-01  9.5753256096E-01 -2.3620300531E-01
           Stress_EigVec2 = -5.7314080169E-01  1.0161262628E-01  8.1313252033E-01
           Stress_EigVec3 =  8.0260207229E-01  2.6982636802E-01  5.3199966604E-01
           -DivStress =  1.1307864844E+06 -1.3964769059E+05 -1.5720669709E+06
           ESP =  -2.2359538396E+01     ESP at Nucleus =  -2.2359538469E+01
           ESPe = -3.4791527978E+01     ESPe at Nucleus = -3.4791520988E+01
           ESPn =  1.2431989582E+01     ESPn at Nucleus =  1.2431982519E+01

CP# 4      Coords = -5.55666839620059E+00  7.76952355339384E-01  1.65578756419258E+00
           Type = (3,-3) NACP O4
           Rho =  3.0725338632E+02     Rho at Nucleus =  3.0725337239E+02
           GradRho =  7.9992424453E-10  1.3920290997E-10  6.3114410842E-11
           HessRho_EigVals = -3.2108063121E+06 -3.2107962369E+06 -3.2107703197E+06
           HessRho_EigVec1 = -9.8827257631E-02  8.5039882431E-01 -5.1677365718E-01
           HessRho_EigVec2 = -4.7316986319E-01  4.1669240384E-01  7.7619438361E-01
           HessRho_EigVec3 =  8.7541044871E-01  3.2123088299E-01  3.6120252781E-01
           DelSqRho = -9.6323728687E+06
           Bond Ellipticity = NA
           V = -2.4082744369E+06
           G =  9.0609867042E+01
           K =  2.4081838270E+06
           L =  2.4080932172E+06
           Vnuc =  2.7162978638E+06
           Ven = -8.3459171690E+08
           Vrep =  8.3218344246E+08
           DelSqV =  1.9839411972E+12
           DelSqVen =  2.6164393886E+13
           DelSqVrep = -2.4180452688E+13
           DelSqG =  2.5166510770E+10
           DelSqK = -2.0091077080E+12
           Stress_EigVals = -8.0276399268E+05 -8.0275546815E+05 -8.0275497607E+05
           Stress_EigVec1 =  8.8176214710E-01  3.1564074909E-01  3.5052308548E-01
           Stress_EigVec2 = -4.6304745648E-01  4.3759211266E-01  7.7077895404E-01
           Stress_EigVec3 = -8.9903108929E-02  8.4195252862E-01 -5.3200880684E-01
           -DivStress = -8.2367796955E+05  8.3080137708E+05  1.5410452096E+06
           ESP =  -2.2373623271E+01     ESP at Nucleus =  -2.2373623343E+01
           ESPe = -3.4364723895E+01     ESPe at Nucleus = -3.4364717412E+01
           ESPn =  1.1991100624E+01     ESPn at Nucleus =  1.1991094069E+01

CP# 5      Coords =  2.74711551586066E+00  3.31085934999564E+00 -1.18695777195171E+00
           Type = (3,-3) NACP N5
           Rho =  2.0208566767E+02     Rho at Nucleus =  2.0208566082E+02
           GradRho =  1.0744091042E-10 -6.9340371754E-11  8.6294103643E-11
           HessRho_EigVals = -1.6319850969E+06 -1.6319820443E+06 -1.6319641248E+06
           HessRho_EigVec1 =  2.4889251186E-01  7.9737048913E-01 -5.4977524553E-01
           HessRho_EigVec2 = -5.5718936948E-01  5.8218014633E-01  5.9212015989E-01
           HessRho_EigVec3 =  7.9220737441E-01  1.5895464850E-01  5.8918663906E-01
           DelSqRho = -4.8959312661E+06
           Bond Ellipticity = NA
           V = -1.2240515422E+06
           G =  3.4362849247E+01
           K =  1.2240171794E+06
           L =  1.2239828165E+06
           Vnuc =  2.4164811988E+06
           Ven = -4.8833621647E+08
           Vrep =  4.8711216493E+08
           DelSqV =  7.8556896335E+11
           DelSqVen =  1.1830925865E+13
           DelSqVrep = -1.1045356898E+13
           DelSqG =  9.8850621531E+09
           DelSqK = -7.9545402551E+11
           Stress_EigVals = -4.0801962095E+05 -4.0801638603E+05 -4.0801553523E+05
           Stress_EigVec1 =  8.1273469862E-01  1.7476361680E-01  5.5580571056E-01
           Stress_EigVec2 = -5.3502514553E-01  6.0154805500E-01  5.9320150975E-01
           Stress_EigVec3 =  2.3067380281E-01  7.7948548143E-01 -5.8240190671E-01
           -DivStress = -5.3998504259E+05 -7.8032074614E+04 -5.1974753865E+05
           ESP =  -1.8399086597E+01     ESP at Nucleus =  -1.8399086645E+01
           ESPe = -3.1649145616E+01     ESPe at Nucleus = -3.1649144687E+01
           ESPn =  1.3250059020E+01     ESPn at Nucleus =  1.3250058042E+01

CP# 6      Coords = -2.34764628853335E-01  1.03581102270240E+00  1.55154820327303E+00
           Type = (3,-3) NACP C6
           Rho =  1.2463418122E+02     Rho at Nucleus =  1.2463418113E+02
           GradRho =  1.5614183290E-09 -9.1930039801E-10 -3.2422516136E-09
           HessRho_EigVals = -7.4198669515E+05 -7.4198591922E+05 -7.4198509122E+05
           HessRho_EigVec1 =  9.2882054808E-01  3.0278809162E-01  2.1356910133E-01
           HessRho_EigVec2 = -3.0846679173E-01  3.1254500341E-01  8.9842298459E-01
           HessRho_EigVec3 = -2.0528182547E-01  9.0035270445E-01 -3.8369829256E-01
           DelSqRho = -2.2259577056E+06
           Bond Ellipticity = NA
           V = -5.5651059557E+05
           G =  1.0584586245E+01
           K =  5.5650001098E+05
           L =  5.5648942640E+05
           Vnuc =  1.2342596111E+07
           Ven = -1.5383093605E+09
           Vrep =  1.5377528499E+09
           DelSqV =  2.6386348812E+11
           DelSqVen =  2.7474093146E+13
           DelSqVrep = -2.7210228609E+13
           DelSqG =  3.3130849280E+09
           DelSqK = -2.6717657305E+11
           Stress_EigVals = -1.8550375970E+05 -1.8550352610E+05 -1.8550330976E+05
           Stress_EigVec1 = -2.0438479734E-01  9.0214128622E-01 -3.7995783227E-01
           Stress_EigVec2 = -2.8557730093E-01  3.1631511784E-01  9.0464929747E-01
           Stress_EigVec3 =  9.3630788729E-01  2.9340389554E-01  1.9298107232E-01
           -DivStress = -1.7575841421E+04  1.0248730708E+04  3.7285673092E+04
           ESP =  -1.4760518010E+01     ESP at Nucleus =  -1.4760518011E+01
           ESPe = -3.0614876424E+01     ESPe at Nucleus = -3.0614875814E+01
           ESPn =  1.5854358414E+01     ESPn at Nucleus =  1.5854357803E+01

CP# 7      Coords =  2.53701006083080E+00  1.48686431582687E+00  8.48794111175762E-01
           Type = (3,-3) NACP C7
           Rho =  1.2461719306E+02     Rho at Nucleus =  1.2461719277E+02
           GradRho = -1.5519913605E-10 -2.4382677626E-11  2.8972056013E-11
           HessRho_EigVals = -7.4189080441E+05 -7.4188926251E+05 -7.4188871040E+05
           HessRho_EigVec1 = -8.5664795305E-02  8.1526698021E-01 -5.7271397209E-01
           HessRho_EigVec2 = -6.9555447394E-01  3.6262825653E-01  6.2024569434E-01
           HessRho_EigVec3 =  7.1334810340E-01  4.5148698602E-01  5.3599812017E-01
           DelSqRho = -2.2256687773E+06
           Bond Ellipticity = NA
           V = -5.5643786227E+05
           G =  1.0333968824E+01
           K =  5.5642752830E+05
           L =  5.5641719433E+05
           Vnuc =  6.7453627781E+06
           Ven = -8.4058817557E+08
           Vrep =  8.4003173771E+08
           DelSqV =  2.6382919757E+11
           DelSqVen =  1.5012943102E+13
           DelSqVrep = -1.4749113904E+13
           DelSqG =  3.3126736767E+09
           DelSqK = -2.6714187125E+11
           Stress_EigVals = -1.8547952992E+05 -1.8547935321E+05 -1.8547897914E+05
           Stress_EigVec1 =  7.4615541002E-01  4.2098304661E-01  5.1577648120E-01
           Stress_EigVec2 = -6.6165614507E-01  3.8288734222E-01  6.4467699575E-01
           Stress_EigVec3 = -7.3913799682E-02  8.2229590637E-01 -5.6423948159E-01
           -DivStress = -2.3660171894E+04 -1.5362100496E+04  7.2409545723E+04
           ESP =  -1.4710729836E+01     ESP at Nucleus =  -1.4710729840E+01
           ESPe = -3.1025843781E+01     ESPe at Nucleus = -3.1025843356E+01
           ESPn =  1.6315113944E+01     ESPn at Nucleus =  1.6315113517E+01

CP# 8      Coords = -1.71458521573254E+00 -1.13823892424209E-01 -6.20980982443541E-01
           Type = (3,-3) NACP C8
           Rho =  1.2462028101E+02     Rho at Nucleus =  1.2462028092E+02
           GradRho = -3.4052953749E-09 -3.3369956444E-10  1.9709091512E-09
           HessRho_EigVals = -7.4190325435E+05 -7.4190236302E+05 -7.4190188265E+05
           HessRho_EigVec1 =  9.9470673850E-01  6.5137606042E-02  7.9470728282E-02
           HessRho_EigVec2 = -1.0254397518E-01  6.7875850449E-01  7.2716684863E-01
           HessRho_EigVec3 =  6.5755249663E-03  7.3146700873E-01 -6.8184512729E-01
           DelSqRho = -2.2257075000E+06
           Bond Ellipticity = NA
           V = -5.5644825204E+05
           G =  1.0688515923E+01
           K =  5.5643756352E+05
           L =  5.5642687500E+05
           Vnuc =  1.2138400381E+07
           Ven = -1.5126908664E+09
           Vrep =  1.5121344182E+09
           DelSqV =  2.6383391706E+11
           DelSqVen =  2.7016533901E+13
           DelSqVrep = -2.6752699984E+13
           DelSqG =  3.3127107794E+09
           DelSqK = -2.6714662784E+11
           Stress_EigVals = -1.8548292125E+05 -1.8548278883E+05 -1.8548254196E+05
           Stress_EigVec1 = -1.2147495033E-02  7.5879679277E-01 -6.5121414730E-01
           Stress_EigVec2 = -6.5007761939E-02  6.4928512306E-01  7.5776171707E-01
           Stress_EigVec3 =  9.9781081837E-01  5.1538880954E-02  4.1440493457E-02
           -DivStress =  3.7193783486E+04  3.7052836390E+03 -2.1629720811E+04
           ESP =  -1.4755916972E+01     ESP at Nucleus =  -1.4755916973E+01
           ESPe = -3.0691433340E+01     ESPe at Nucleus = -3.0691433185E+01
           ESPn =  1.5935516368E+01     ESPn at Nucleus =  1.5935516212E+01

CP# 9      Coords =  3.83848477555736E+00 -9.31449646063375E-01  4.09544513191293E-02
           Type = (3,-3) NACP C9
           Rho =  1.2489121185E+02     Rho at Nucleus =  1.2489121064E+02
           GradRho =  6.2262419563E-11  1.7716226810E-11 -1.5852348030E-12
           HessRho_EigVals = -7.4349990183E+05 -7.4349731527E+05 -7.4349439504E+05
           HessRho_EigVec1 =  7.8820874642E-01  2.7928469692E-01  5.4838584057E-01
           HessRho_EigVec2 = -1.6868857945E-01 -7.5891314510E-01  6.2896343404E-01
           HessRho_EigVec3 = -5.9183708505E-01  5.8826090832E-01  5.5106983995E-01
           DelSqRho = -2.2304916121E+06
           Bond Ellipticity = NA
           V = -5.5764268722E+05
           G =  9.8920937690E+00
           K =  5.5763279513E+05
           L =  5.5762290304E+05
           Vnuc =  3.3297680407E+06
           Ven = -4.1585876577E+08
           Vrep =  4.1530112308E+08
           DelSqV =  2.6439962685E+11
           DelSqVen =  7.4270196326E+12
           DelSqVrep = -7.1626200017E+12
           DelSqG =  3.3197408189E+09
           DelSqK = -2.6771936767E+11
           Stress_EigVals = -1.8588190347E+05 -1.8588084524E+05 -1.8587993851E+05
           Stress_EigVec1 = -6.0676432962E-01  4.8932904702E-01  6.2641370678E-01
           Stress_EigVec2 = -9.7778241029E-02 -8.2802111431E-01  5.5210546986E-01
           Stress_EigVec3 =  7.8884501892E-01  2.7374827489E-01  5.5025940984E-01
           -DivStress =  1.0024083880E+04  1.3360481770E+05 -8.3294279851E+04
           ESP =  -1.4629516965E+01     ESP at Nucleus =  -1.4629516977E+01
           ESPe = -3.1326593850E+01     ESPe at Nucleus = -3.1326594135E+01
           ESPn =  1.6697076885E+01     ESPn at Nucleus =  1.6697077158E+01

CP# 10     Coords = -4.50658879225633E+00 -1.70477957016251E-01 -1.15420897393044E-01
           Type = (3,-3) NACP C10
           Rho =  1.2488452277E+02     Rho at Nucleus =  1.2488452164E+02
           GradRho =  8.9733798137E-11 -3.0939029266E-12  1.2496591113E-12
           HessRho_EigVals = -7.4346111826E+05 -7.4345853748E+05 -7.4345561603E+05
           HessRho_EigVec1 = -1.0443361933E-01  8.4959020496E-01 -5.1700106653E-01
           HessRho_EigVec2 =  5.2223148488E-01  4.8925342768E-01  6.9850222599E-01
           HessRho_EigVec3 =  8.4638519325E-01 -1.9704711909E-01 -4.9477726049E-01
           DelSqRho = -2.2303752718E+06
           Bond Ellipticity = NA
           V = -5.5761352363E+05
           G =  9.8528409680E+00
           K =  5.5760367078E+05
           L =  5.5759381794E+05
           Vnuc =  3.4484464421E+06
           Ven = -4.3065758820E+08
           Vrep =  4.3009997468E+08
           DelSqV =  2.6438585165E+11
           DelSqVen =  7.6913298063E+12
           DelSqVrep = -7.4269439547E+12
           DelSqG =  3.3195718817E+09
           DelSqK = -2.6770542353E+11
           Stress_EigVals = -1.8587219136E+05 -1.8587111712E+05 -1.8587021515E+05
           Stress_EigVec1 =  7.8397239448E-01 -2.4911437511E-01 -5.6862053499E-01
           Stress_EigVec2 =  6.1188360209E-01  4.6472444341E-01  6.4002316301E-01
           Stress_EigVec3 = -1.0481289133E-01  8.4969007280E-01 -5.1676013585E-01
           -DivStress =  9.3866683627E+04  7.0653782842E+04  9.6953506226E+04
           ESP =  -1.4639635437E+01     ESP at Nucleus =  -1.4639635448E+01
           ESPe = -3.0443307574E+01     ESPe at Nucleus = -3.0443308251E+01
           ESPn =  1.5803672137E+01     ESPn at Nucleus =  1.5803672802E+01

CP# 11     Coords = -1.06374353694347E+00  2.84115047277380E+00  2.05551031267083E+00
           Type = (3,-3) NACP H11
           Rho =  4.6927360152E-01     Rho at Nucleus =  4.6761646262E-01
           GradRho =  8.7248113461E-11 -1.7978112844E-10 -5.3117845221E-11
           HessRho_EigVals = -2.3591166119E+01 -2.3590541239E+01 -2.2238720273E+01
           HessRho_EigVec1 =  5.6634522137E-01  4.6985318052E-01 -6.7711969325E-01
           HessRho_EigVec2 =  7.1073884944E-01  1.3751272019E-01  6.8988443937E-01
           HessRho_EigVec3 = -4.1725696894E-01  8.7196802725E-01  2.5606323697E-01
           DelSqRho = -6.9420427630E+01
           Bond Ellipticity = NA
           V = -1.7375303375E+01
           G =  1.0098233920E-02
           K =  1.7365205141E+01
           L =  1.7355106908E+01
           Vnuc =  9.8755918252E+01
           Ven = -4.6343545430E+01
           Vrep =  2.8968242054E+01
           DelSqV =  2.3625648470E+04
           DelSqVen =  6.8556780790E+03
           DelSqVrep =  1.6769970391E+04
           DelSqG =  8.5823177530E+02
           DelSqK = -2.4483880245E+04
           Stress_EigVals = -5.9054165908E+00 -5.9049803229E+00 -5.5649064617E+00
           Stress_EigVec1 =  2.1551640679E-01  3.6846731402E-01 -9.0431439052E-01
           Stress_EigVec2 =  8.8300172554E-01  3.2189989628E-01  3.4159685225E-01
           Stress_EigVec3 = -4.1696598314E-01  8.7213089343E-01  2.5598256510E-01
           -DivStress = -4.0086766703E+01  8.2516695487E+01  2.4392195445E+01
           ESP =  -1.1152606420E+00     ESP at Nucleus =  -1.1154410190E+00
           ESPe = -1.6729453507E+01     ESPe at Nucleus = -1.6696492720E+01
           ESPn =  1.5614192865E+01     ESPn at Nucleus =  1.5581051701E+01

CP# 12     Coords = -3.50267089209379E-01 -1.59574837357862E-01  3.20947254783224E+00
           Type = (3,-3) NACP H12
           Rho =  4.7023655491E-01     Rho at Nucleus =  4.6856239738E-01
           GradRho =  3.0271796429E-13  2.6261561300E-12 -3.6949220865E-12
           HessRho_EigVals = -2.3632631911E+01 -2.3632202240E+01 -2.2268440397E+01
           HessRho_EigVec1 =  2.1372744785E-01  7.8875786548E-01  5.7635198246E-01
           HessRho_EigVec2 =  9.7470718045E-01 -2.1162882054E-01 -7.1827255876E-02
           HessRho_EigVec3 = -6.5318377237E-02 -5.7712587185E-01  8.1403884283E-01
           DelSqRho = -6.9533274548E+01
           Bond Ellipticity = NA
           V = -1.7403306989E+01
           G =  9.9941761734E-03
           K =  1.7393312813E+01
           L =  1.7383318637E+01
           Vnuc =  9.8678338704E+01
           Ven = -4.6402162037E+01
           Vrep =  2.8998855047E+01
           DelSqV =  2.3657632390E+04
           DelSqVen =  6.8614280172E+03
           DelSqVrep =  1.6796204373E+04
           DelSqG =  8.5925992377E+02
           DelSqK = -2.4516892314E+04
           Stress_EigVals = -5.9158629568E+00 -5.9152178969E+00 -5.5722261357E+00
           Stress_EigVec1 =  3.3797521786E-01 -7.8036676944E-01 -5.2611829209E-01
           Stress_EigVec2 =  9.3888996180E-01  2.4080061455E-01  2.4596890790E-01
           Stress_EigVec3 = -6.5256353982E-02 -5.7709857840E-01  8.1406316651E-01
           -DivStress = -6.3645439787E+00 -5.5151302664E+01  7.7689810349E+01
           ESP =  -1.1157657437E+00     ESP at Nucleus =  -1.1159466102E+00
           ESPe = -1.7009990753E+01     ESPe at Nucleus = -1.6977688069E+01
           ESPn =  1.5894225009E+01     ESPn at Nucleus =  1.5861741459E+01

CP# 13     Coords =  3.53434944133264E+00  2.05633464278890E+00  2.56665595693862E+00
           Type = (3,-3) NACP H13
           Rho =  4.6939073238E-01     Rho at Nucleus =  4.6780560663E-01
           GradRho = -1.4333742975E-12 -8.4482657052E-13 -2.5023183967E-12
           HessRho_EigVals = -2.3632475394E+01 -2.3623700758E+01 -2.2320750495E+01
           HessRho_EigVec1 =  5.0811511243E-01  6.8624407797E-01 -5.2046911337E-01
           HessRho_EigVec2 = -7.1603008978E-01  6.7240584949E-01  1.8754008666E-01
           HessRho_EigVec3 =  4.7866475016E-01  2.7737959376E-01  8.3303098257E-01
           DelSqRho = -6.9576926646E+01
           Bond Ellipticity = NA
           V = -1.7414425823E+01
           G =  1.0097080642E-02
           K =  1.7404328742E+01
           L =  1.7394231662E+01
           Vnuc =  1.0036777690E+02
           Ven = -4.7111704308E+01
           Vrep =  2.9697278485E+01
           DelSqV =  2.3709579562E+04
           DelSqVen =  6.9832814514E+03
           DelSqVrep =  1.6726298110E+04
           DelSqG =  8.6184533486E+02
           DelSqK = -2.4571424897E+04
           Stress_EigVals = -5.9148302117E+00 -5.9133694962E+00 -5.5862261150E+00
           Stress_EigVec1 =  6.9025472362E-01  4.6748124643E-01 -5.5227683344E-01
           Stress_EigVec2 = -5.4271876034E-01  8.3929984621E-01  3.2126551821E-02
           Stress_EigVec3 =  4.7854442186E-01  2.7755549426E-01  8.3304152592E-01
           -DivStress =  4.4359955823E+01  2.6049433432E+01  7.7414990499E+01
           ESP =  -1.0942014566E+00     ESP at Nucleus =  -1.0943770282E+00
           ESPe = -1.6354897194E+01     ESPe at Nucleus = -1.6319468803E+01
           ESPn =  1.5260695737E+01     ESPn at Nucleus =  1.5225091775E+01

CP# 14     Coords = -1.40771100425965E+00  9.66466284228402E-01 -2.34021876663521E+00
           Type = (3,-3) NACP H14
           Rho =  4.5794701892E-01     Rho at Nucleus =  4.5624579403E-01
           GradRho = -7.9099862437E-12 -2.4475975783E-11  3.8890843759E-11
           HessRho_EigVals = -2.3006045109E+01 -2.3001913145E+01 -2.1634061634E+01
           HessRho_EigVec1 =  4.0967779224E-01  7.3443715415E-01  5.4107871252E-01
           HessRho_EigVec2 =  8.9719132507E-01 -4.3165241565E-01 -9.3401918005E-02
           HessRho_EigVec3 = -1.6496009446E-01 -5.2371581861E-01  8.3576905217E-01
           DelSqRho = -6.7642019888E+01
           Bond Ellipticity = NA
           V = -1.6930942122E+01
           G =  1.0218575192E-02
           K =  1.6920723547E+01
           L =  1.6910504972E+01
           Vnuc =  9.7158236746E+01
           Ven = -4.4493324881E+01
           Vrep =  2.7562382759E+01
           DelSqV =  2.2985001940E+04
           DelSqVen =  6.5719793828E+03
           DelSqVrep =  1.6413022558E+04
           DelSqG =  8.3503868776E+02
           DelSqK = -2.3820040628E+04
           Stress_EigVals = -5.7591305864E+00 -5.7580855239E+00 -5.4137260120E+00
           Stress_EigVec1 =  2.3105996750E-01  8.0343775412E-01  5.4872494629E-01
           Stress_EigVec2 =  9.5896925515E-01 -2.8329688767E-01  1.0992775687E-02
           Stress_EigVec3 = -1.6428408048E-01 -5.2367036263E-01  8.3593067428E-01
           -DivStress =  1.6149319309E+01  4.9839667173E+01 -7.9158573707E+01
           ESP =  -1.0983986778E+00     ESP at Nucleus =  -1.0985799560E+00
           ESPe = -1.7256680609E+01     ESPe at Nucleus = -1.7224721520E+01
           ESPn =  1.6158281931E+01     ESPn at Nucleus =  1.6126141564E+01

CP# 15     Coords = -1.11215443334028E+00 -2.03504855227034E+00 -1.02578972148430E+00
           Type = (3,-3) NACP H15
           Rho =  4.6412700470E-01     Rho at Nucleus =  4.6249536775E-01
           GradRho = -1.9383418387E-09  6.1704940066E-09  1.3681177142E-09
           HessRho_EigVals = -2.3340125770E+01 -2.3335634115E+01 -2.2008695000E+01
           HessRho_EigVec1 =  4.8704925056E-01 -3.9280036716E-02  8.7249074852E-01
           HessRho_EigVec2 =  8.2232670939E-01  3.5715409595E-01 -4.4296696804E-01
           HessRho_EigVec3 = -2.9421388574E-01  9.3321917600E-01  2.0625265810E-01
           DelSqRho = -6.8684454885E+01
           Bond Ellipticity = NA
           V = -1.7191648373E+01
           G =  1.0267325786E-02
           K =  1.7181381047E+01
           L =  1.7171113721E+01
           Vnuc =  9.9759200991E+01
           Ven = -4.6300939147E+01
           Vrep =  2.9109290774E+01
           DelSqV =  2.3379231426E+04
           DelSqVen =  6.8519064316E+03
           DelSqVrep =  1.6527324995E+04
           DelSqG =  8.4945925183E+02
           DelSqK = -2.4228690678E+04
           Stress_EigVals = -5.8427814081E+00 -5.8415666262E+00 -5.5073003384E+00
           Stress_EigVec1 =  1.1717453274E-01 -1.7884717400E-01  9.7687451458E-01
           Stress_EigVec2 =  9.4862767436E-01  3.1125408796E-01 -5.6801656336E-02
           Stress_EigVec3 = -2.9389737037E-01  9.3334590645E-01  2.0613043106E-01
           -DivStress =  2.7465629241E+01 -8.7451740857E+01 -1.9391403737E+01
           ESP =  -1.0966196805E+00     ESP at Nucleus =  -1.0967926258E+00
           ESPe = -1.7507808388E+01     ESPe at Nucleus = -1.7478264280E+01
           ESPn =  1.6411188708E+01     ESPn at Nucleus =  1.6381471654E+01

CP# 16     Coords =  4.35029393377003E+00  3.04585258642670E+00 -2.16670689761051E+00
           Type = (3,-3) NACP H16
           Rho =  4.5529342979E-01     Rho at Nucleus =  4.5249281579E-01
           GradRho = -3.7394919946E-13  6.5156149817E-14  2.4772515238E-13
           HessRho_EigVals = -2.2536663300E+01 -2.2517258461E+01 -2.0335850173E+01
           HessRho_EigVec1 = -1.9711699715E-03  9.6388188157E-01 -2.6632279825E-01
           HessRho_EigVec2 =  5.5988776620E-01  2.2173068008E-01  7.9834904320E-01
           HessRho_EigVec3 =  8.2856611309E-01 -1.4753719494E-01 -5.4010274241E-01
           DelSqRho = -6.5389771934E+01
           Bond Ellipticity = NA
           V = -1.6390646023E+01
           G =  2.1601519947E-02
           K =  1.6369044503E+01
           L =  1.6347442983E+01
           Vnuc =  7.6679213437E+01
           Ven = -3.4911542079E+01
           Vrep =  1.8520896056E+01
           DelSqV =  2.1747140485E+04
