AIMSum (Version 17.01.25, Professional)
Copyright (c) 1997-2017 by Todd A. Keith
AIMSum is a component of the AIMAll package ( http://aim.tkgristmill.com )

TP:  64-bit Linux

Licensed To:  Research Group of Fernando Cortes Guzman, UNAM, fercor@unam.mx

Much of the Quantum Theory of Atoms in Molecules (QTAIM) is described in the book:
  "Atoms in Molecules - A Quantum Theory"
  R.F.W. Bader, Oxford University Press, Oxford, 1990

For additional references see:  http://aim.tkgristmill.com/references.html

Wfn File:  /home/alejandro/wd/aimqb_inps/glutamine_pbe0_def2QZVP.wfn
Sum File:  /home/alejandro/wd/aimqb_inps/glutamine_pbe0_def2QZVP.sum

SumViz File:  /home/alejandro/wd/aimqb_inps/glutamine_pbe0_def2QZVP.sumviz

Wfn Title:   opt glutamine M062X def2TZVP                                                  
 
Total memory allocated for AIMSum =       15.991 Megabytes

Atomic units (a.u.) used throughout, except where stated otherwise

Model:  Unknown
 
Restricted, natural orbital wavefunction.
  Number of electrons (from MO Occs)                   =          77.9999999000
  Number of Alpha electrons (from MO Occs)             =          38.9999999500
  Number of Beta electrons (from MO Occs)              =          38.9999999500
  Number of electron pairs (N*(N-1)/2)                 =        3002.9999922500
  Number of electron pairs (from Muller 2EDM)          =        3002.9999913362
  Number of electron pairs (from Muller 2EDM, no SOSI) =        3003.2151780037
 
Nuclear Charges and Cartesian Coordinates:
-------------------------------------------------------------------------------
Atom      Charge                X                  Y                  Z
-------------------------------------------------------------------------------
O1         8.0          -4.1471700600E+00  -3.1553671600E+00  -3.1392271000E-01
O2         8.0          -4.2146125200E+00  -2.0398464000E-01   2.7005962900E+00
O3         8.0           5.1333773600E+00  -1.5079545300E+00  -1.7662353000E+00
N4         7.0          -2.8156298700E+00   3.5728478600E+00  -7.6370069000E-01
N5         7.0           6.1367590800E+00   3.8313579000E-01   1.9117723700E+00
C6         6.0           1.5572907000E-01   1.5645434000E-01  -1.8542069500E+00
C7         6.0          -2.6096230400E+00   9.2155403000E-01  -1.4284348700E+00
C8         6.0           1.8016348100E+00   6.4639138000E-01   4.4780988000E-01
C9         6.0          -3.7574356900E+00  -8.0621769000E-01   5.6159152000E-01
C10        6.0           4.4916423800E+00  -2.7248470000E-01   4.8062370000E-02
H11        1.0           2.6452503000E-01  -1.8330910100E+00  -2.3734596900E+00
H12        1.0           8.6976500000E-01   1.2473357500E+00  -3.4478082600E+00
H13        1.0          -3.6274111000E+00   5.8701785000E-01  -3.1903157400E+00
H14        1.0           1.8503520600E+00   2.6640272000E+00   8.8814850000E-01
H15        1.0           1.0533721000E+00  -3.1261719000E-01   2.1232019600E+00
H16        1.0          -2.4491492700E+00   3.7880460700E+00   1.1070853500E+00
H17        1.0          -4.6127961500E+00   4.1817967700E+00  -1.0141588000E+00
H18        1.0           5.6001364400E+00   1.4116481300E+00   3.4116539800E+00
H19        1.0           7.9402138300E+00  -2.0130519000E-01   1.7783552700E+00
H20        1.0          -4.8013557700E+00  -4.1604774700E+00   1.0683576400E+00
 
Some Atomic Properties:
----------------------
  q(A) = Net Charge of Atom A
  L(A) = Lagrangian of Atom A = -(1/4) Times Atomic Integral of the Laplacian of the Electron Density
  K(A) = Electronic Kinetic Energy of Atom A (Hamiltonian Form)
  K_Scaled(A) = K(A) * E(Mol)/K(Mol) = Approximation to Virial-Based Total Energy of Atom A.
  |Mu_Intra(A)| = Magnitude of Intraatomic Dipole Moment of Atom A
--------------------------------------------------------------------------------------------------
Atom A          q(A)              L(A)              K(A)          K_Scaled(A)      |Mu_Intra(A)|
--------------------------------------------------------------------------------------------------
O1       -1.2209660513E+00  7.9096490411E-05  7.5620320277E+01 -7.5930318218E+01  3.5225961902E-01
O2       -1.2669586787E+00  4.7768193292E-05  7.5702269616E+01 -7.6012603501E+01  5.7637394573E-01
O3       -1.2580199132E+00  4.2044116462E-05  7.5664908980E+01 -7.5975089708E+01  5.2825650047E-01
N4       -1.0778147920E+00  9.6254728682E-05  5.4902637659E+01 -5.5127705532E+01  2.3289238872E-01
N5       -1.2943737308E+00  7.7915509638E-05  5.5150204594E+01 -5.5376287342E+01  1.2542543388E-01
C6        8.4365523300E-02 -2.1273264450E-04  3.7804323196E+01 -3.7959298239E+01  7.1549231886E-02
C7        4.1615152340E-01  1.9914050998E-04  3.7624460634E+01 -3.7778698348E+01  4.0748643846E-01
C8        2.3967853900E-02 -1.4742732875E-04  3.7841527988E+01 -3.7996655548E+01  5.5937115571E-02
C9        1.6694965487E+00 -1.1692432854E-03  3.6818614320E+01 -3.6969548548E+01  8.9793244816E-01
C10       1.5900828244E+00 -3.7574579324E-04  3.6870435983E+01 -3.7021582648E+01  7.8680083169E-01
H11       2.2754085210E-02  2.5028720891E-05  6.2037231376E-01 -6.2291546802E-01  1.2204752425E-01
H12       1.4253252830E-02  2.9421158383E-05  6.2302039802E-01 -6.2557440784E-01  1.2949062719E-01
H13       1.9226643430E-02  3.5747498725E-05  6.2734012248E-01 -6.2991184058E-01  1.2388416903E-01
H14       2.9919326500E-03  3.2247677287E-05  6.2497115776E-01 -6.2753316453E-01  1.2716435034E-01
H15       4.8669543800E-03  2.7784515256E-05  6.2244116461E-01 -6.2499279992E-01  1.2217291914E-01
H16       3.8232515022E-01  4.3265707040E-05  4.7142833629E-01 -4.7336090961E-01  1.8103473047E-01
H17       3.7000106734E-01  2.8699488528E-05  4.7790869617E-01 -4.7986783508E-01  1.8804879377E-01
H18       4.3494510944E-01  3.1046480216E-05  4.4275225597E-01 -4.4456727457E-01  1.7069277446E-01
H19       4.4925445897E-01  1.9864698292E-05  4.3323436419E-01 -4.3501036514E-01  1.6823449921E-01
H20       6.3270045454E-01  2.3163477413E-05  3.3177020400E-01 -3.3313026278E-01  1.5030960644E-01
--------------------------------------------------------------------------------------------------
Total    -7.4978329000E-04 -1.0666600814E-03  5.2927494226E+02 -5.3144465196E+02
 
Molecular charge q(Mol) from the wfn file:   1.0000000561E-07
Molecular energy E(Mol) from the wfn file:  -5.3144474155E+02
Molecular virial ratio (-V(Mol)/T(Mol)) from the wfn file:   2.0040994000E+00
Note.  K_Scaled(A) = (1+V(Mol)/T(Mol))*K(A) = (E(Mol)/T(Mol))*K(A)
       Only use K_Scaled(A) data with caution.
 
N_AIMInt(SumA)     =         78.000750
N_Analytic(Mol)    =         77.999994
 
G_AIMInt(SumA)     =        529.276009
G_Analytic(Mol)    =        529.275041
 
K_AIMInt(SumA)     =        529.274942
K_Analytic(Mol)    =        529.275041
 
L_AIMInt(SumA)     =         -0.001067
L_Analytic(Mol)    =          0.000000
 
VenT_AIMInt(SumA)  =      -2346.477859
VenT_Analytic(Mol) =      -2346.465363
 
Some Information About the Atomic Calculations:
----------------------------------------------
  Time(sec) = "Elapsed User Time", in Seconds, for Atom A by AIMInt and, if used, by TWOe
  NProc = Number of Processors Used for AIMInt Job
  BIM = Basin Integration Method
  OAQ = Angular Quadrature Outside of Beta Sphere
  ORQ = Multiple of Default for Radial Quadrature Outside of Beta Sphere
  IAQ = Multiple of Default for Angular Quadrature Inside of Beta Sphere
  IRQ = Multiple of Default for Radial Quadrature Inside of Beta Sphere
  MIR = Maximum Integration Radius
------------------------------------------------------------------------------------------------------
Atom A     Time(sec)   NProc      BIM              OAQ                 ORQ      IAQ      IRQ      MIR
------------------------------------------------------------------------------------------------------
O1            270       16     Proaim(5)    4334      (Very High)      1.00     1.00     1.00    13.00
O2            280       16     Proaim(5)    3074      (Very High)      1.00     1.00     1.00    13.00
O3            270       16     Proaim(5)    3074      (Very High)      1.00     1.00     1.00    13.00
N4            364       16     Proaim(5)    4334      (Very High)      1.00     1.00     1.00    13.00
N5            262       16     Proaim(5)    4334      (Very High)      1.00     1.00     1.00    13.00
C6            629       16     Proaim(5)    4334      (Very High)      1.00     1.00     1.00    13.00
C7            616       16     Proaim(5)    4334      (Very High)      1.00     1.00     1.00    13.00
C8            454       16     Proaim(5)    4334      (Very High)      1.00     1.00     1.00    13.00
C9            450       16     Proaim(5)    5810      (Super High)     1.00     1.00     1.00    13.00
C10           285       16     Proaim(5)    4334      (Very High)      1.00     1.00     1.00    13.00
H11           113       16     Proaim(5)    2030      (Very High)      1.00     1.00     1.00    13.00
H12            91       16     Proaim(5)    2030      (Very High)      1.00     1.00     1.00    13.00
H13           104       16     Proaim(5)    2030      (Very High)      1.00     1.00     1.00    13.00
H14           103       16     Proaim(5)    2030      (Very High)      1.00     1.00     1.00    13.00
H15           112       16     Proaim(5)    2030      (Very High)      1.00     1.00     1.00    13.00
H16            69       16     Proaim(5)    2030      (Very High)      1.00     1.00     1.00    13.00
H17            85       16     Proaim(5)    2030      (Very High)      1.00     1.00     1.00    13.00
H18            72       16     Proaim(5)    2030      (Very High)      1.00     1.00     1.00    13.00
H19            75       16     Proaim(5)    2030      (Very High)      1.00     1.00     1.00    13.00
H20            68       16     Proaim(5)    2030      (Very High)      1.00     1.00     1.00    13.00
------------------------------------------------------------------------------------------------------
Total        4772
Note:  Total wall clock time is less than total of atomic times if more than one atom
       was calculated at a time
 
Electron Density Critical Point Analysis of Molecular Structure:               
---------------------------------------------------------------                
  NACP = Nuclear Attractor Critical Point                                      
  NNACP = Non-Nuclear Attractor Critical Point                                 
  BCP = Bond Critical Point                                                    
  RCP = Ring Critical Point                                                    
  CCP = Cage Critical Point                                                    
  Rho = Electron Density                                                       
  GradRho = Gradient of Electron Density                                       
  HessRho_EigVals = Eigenvalues of the Hessian of Rho, Ascending Order         
  HessRho_EigVecs = Eigenvectors of the Hessian of Rho                         
  DelSqRho = Laplacian of Rho = Trace of Hessian of Rho                        
  Bond Ellipticity = (HessRho_EigVal(1) / HessRho_EigVal(2)) - 1               
  V = Virial Field = Potential Energy Density = Trace of Stress Tensor         
  G = Lagrangian Form of Kinetic Energy Density                                
  K = Hamiltonian Form of Kinetic Energy Density                               
  L = K - G = Lagrangian Density = (-1/4)DelSqRho                              
  Vnuc = Electrostatic Potential from Nuclei                                   
  Ven = Electron-nuclear attractive contribution to Virial Field V             
  Vrep = V - Ven = Repulsive contribution to Virial Field V                    
  DelSqV = Laplacian of V                                                      
  DelSqVen = Laplacian of Ven                                                  
  DelSqVrep = Laplacian of Vrep                                                
  DelSqG = Laplacian of G                                                      
  DelSqK = Laplacian of K                                                      
  Stress_EigVals = Eigenvalues of Stress Tensor, Ascending Order               
  Stress_EigVecs = Eigenvectors of Stress Tensor                               
  -DivStress = Ehrenfest Force Density = Minus Divergence of Stress Tensor     
  ESP = Total Electrostatic Potential                                          
  ESPe = Electrostatic Potential from Electrons                                
  ESPn = Electrostatic Potential from Nuclei                                   
  BP = Bond Path                                                               
  BPL = Bond Path Length                                                       
  GBL = Geometric Bond Length                                                  
  GBL_I = Distance Between Nuclear Attractors                                  
  GBL_II = Distance Between Nuclei                                             
  GBL_III = Sum of Distances Between BCP and Nuclear Attractors                
  GBL_IV = Sum of Distances Between BCP and Nuclei                             

CP# 1      Coords = -4.14717058258679E+00 -3.15536622301456E+00 -3.13919890805703E-01
           Type = (3,-3) NACP O1
           Rho =  3.0670466441E+02     Rho at Nucleus =  3.0670464984E+02
           GradRho = -4.2338077488E-11  4.5489034761E-10 -6.6121330633E-11
           HessRho_EigVals = -3.2029377069E+06 -3.2029049454E+06 -3.2028989466E+06
           HessRho_EigVec1 =  3.1699562539E-01  9.1603894099E-01 -2.4573650945E-01
           HessRho_EigVec2 = -1.5502060103E-01  3.0565818167E-01  9.3943690008E-01
           HessRho_EigVec3 =  9.3567215772E-01 -2.5970316626E-01  2.3889721365E-01
           DelSqRho = -9.6087415989E+06
           Bond Ellipticity = NA
           V = -2.4023640074E+06
           G =  8.9303823534E+01
           K =  2.4022747036E+06
           L =  2.4021853997E+06
           Vnuc =  2.6521476351E+06
           Ven = -8.1342605039E+08
           Vrep =  8.1102368638E+08
           DelSqV =  1.9790499098E+12
           DelSqVen =  2.5483801346E+13
           DelSqVrep = -2.3504751453E+13
           DelSqG =  2.5087966030E+10
           DelSqK = -2.0041378758E+12
           Stress_EigVals = -8.0079239255E+05 -8.0078850816E+05 -8.0078310667E+05
           Stress_EigVec1 =  9.3374743957E-01 -2.5607465054E-01  2.5008297112E-01
           Stress_EigVec2 = -1.6781131084E-01  3.0394563358E-01  9.3779337585E-01
           Stress_EigVec3 =  3.1615673810E-01  9.1762891475E-01 -2.4083623434E-01
           -DivStress =  3.4245820992E+05 -6.1402942546E+05 -1.8474634270E+06
           ESP =  -2.2291512931E+01     ESP at Nucleus =  -2.2291513002E+01
           ESPe = -3.4745720497E+01     ESPe at Nucleus = -3.4745717263E+01
           ESPn =  1.2454207566E+01     ESPn at Nucleus =  1.2454204261E+01

CP# 2      Coords = -4.21461191819612E+00 -2.03985528531588E-01  2.70059346748315E+00
           Type = (3,-3) NACP O2
           Rho =  3.0696152017E+02     Rho at Nucleus =  3.0696150556E+02
           GradRho =  1.3847156755E-09 -7.9004580655E-12  1.1324274851E-13
           HessRho_EigVals = -3.2056068135E+06 -3.2055967253E+06 -3.2055712303E+06
           HessRho_EigVec1 =  9.2331787192E-01 -2.4710361063E-01  2.9397944317E-01
           HessRho_EigVec2 = -2.2661708049E-01  2.6744186243E-01  9.3654660805E-01
           HessRho_EigVec3 =  3.1004645816E-01  9.3135098424E-01 -1.9093595246E-01
           DelSqRho = -9.6167747691E+06
           Bond Ellipticity = NA
           V = -2.4043708916E+06
           G =  8.8599659260E+01
           K =  2.4042822919E+06
           L =  2.4041936923E+06
           Vnuc =  2.6493305123E+06
           Ven = -8.1324252150E+08
           Vrep =  8.1083815061E+08
           DelSqV =  1.9807012112E+12
           DelSqVen =  2.5478014861E+13
           DelSqVrep = -2.3497313650E+13
           DelSqG =  2.5108891293E+10
           DelSqK = -2.0058101024E+12
           Stress_EigVals = -8.0146278404E+05 -8.0145423839E+05 -8.0145386915E+05
           Stress_EigVec1 =  3.1201743932E-01  9.2899780624E-01 -1.9901807346E-01
           Stress_EigVec2 = -3.1000125653E-01  2.9756083494E-01  9.0297107953E-01
           Stress_EigVec3 =  8.9807813608E-01 -2.2004687117E-01  3.8083465701E-01
           -DivStress = -3.9470683036E+05  5.8275283721E+05  1.8512010772E+06
           ESP =  -2.2353502939E+01     ESP at Nucleus =  -2.2353503009E+01
           ESPe = -3.5067503943E+01     ESPe at Nucleus = -3.5067497009E+01
           ESPn =  1.2714001004E+01     ESPn at Nucleus =  1.2713994000E+01

CP# 3      Coords =  5.13337658289360E+00 -1.50795288526780E+00 -1.76623283603074E+00
           Type = (3,-3) NACP O3
           Rho =  3.0692722667E+02     Rho at Nucleus =  3.0692721164E+02
           GradRho = -1.6734724717E-10  8.9009688509E-11 -2.0414603341E-10
           HessRho_EigVals = -3.2052516205E+06 -3.2052447953E+06 -3.2052161248E+06
           HessRho_EigVec1 =  2.2402929518E-01  8.4000172596E-01 -4.9417403339E-01
           HessRho_EigVec2 = -2.7426030513E-01  5.4090917032E-01  7.9510914628E-01
           HessRho_EigVec3 =  9.3519632160E-01 -4.2595420441E-02  3.5155862986E-01
           DelSqRho = -9.6157125407E+06
           Bond Ellipticity = NA
           V = -2.4041053623E+06
           G =  8.8613557550E+01
           K =  2.4040167487E+06
           L =  2.4039281352E+06
           Vnuc =  2.6120791005E+06
           Ven = -8.0171819418E+08
           Vrep =  7.9931408882E+08
           DelSqV =  1.9804827759E+12
           DelSqVen =  2.5117001810E+13
           DelSqVrep = -2.3136519034E+13
           DelSqG =  2.5106150208E+10
           DelSqK = -2.0055889261E+12
           Stress_EigVals = -8.0137456216E+05 -8.0136567483E+05 -8.0136512530E+05
           Stress_EigVec1 =  9.3672786554E-01 -4.5510647606E-02  3.4708743406E-01
           Stress_EigVec2 =  2.1967692401E-01  8.4839750329E-01 -4.8162612624E-01
           Stress_EigVec3 = -2.7254899557E-01  5.2739971309E-01  8.0471522146E-01
           -DivStress =  5.0963363708E+05 -1.0786094295E+06 -1.6158563625E+06
           ESP =  -2.2388859546E+01     ESP at Nucleus =  -2.2388859619E+01
           ESPe = -3.4361077078E+01     ESPe at Nucleus = -3.4361070602E+01
           ESPn =  1.1972217532E+01     ESPn at Nucleus =  1.1972210983E+01

CP# 4      Coords = -2.81563179802799E+00  3.57284598625066E+00 -7.63699067769796E-01
           Type = (3,-3) NACP N4
           Rho =  2.0188514843E+02     Rho at Nucleus =  2.0188514040E+02
           GradRho = -2.6626101324E-10  1.0081957491E-10 -6.0483007491E-12
           HessRho_EigVals = -1.6290098917E+06 -1.6290071932E+06 -1.6289894143E+06
           HessRho_EigVec1 = -3.2692391026E-01  8.6049422133E-01  3.9073066422E-01
           HessRho_EigVec2 =  6.9784896062E-01 -5.8994500108E-02  7.1381123354E-01
           HessRho_EigVec3 =  6.3728140179E-01  5.0603294756E-01 -5.8120828531E-01
           DelSqRho = -4.8870064992E+06
           Bond Ellipticity = NA
           V = -1.2218181190E+06
           G =  3.3247077076E+01
           K =  1.2217848719E+06
           L =  1.2217516248E+06
           Vnuc =  2.2292831423E+06
           Ven = -4.5005915808E+08
           Vrep =  4.4883733996E+08
           DelSqV =  7.8412365430E+11
           DelSqVen =  1.0894521211E+13
           DelSqVrep = -1.0110397558E+13
           DelSqG =  9.8588248927E+09
           DelSqK = -7.9398247919E+11
           Stress_EigVals = -4.0727500609E+05 -4.0727192934E+05 -4.0727118353E+05
           Stress_EigVec1 =  6.4214579052E-01  4.7122798040E-01 -6.0464284847E-01
           Stress_EigVec2 =  7.1049913710E-01 -6.9713869384E-02  7.0023635481E-01
           Stress_EigVec3 = -2.8781897072E-01  8.7925204970E-01  3.7957354122E-01
           -DivStress =  5.0061433248E+05  4.8652676128E+05 -4.2121588764E+05
           ESP =  -1.8388022682E+01     ESP at Nucleus =  -1.8388022736E+01
           ESPe = -3.1486996216E+01     ESPe at Nucleus = -3.1486993055E+01
           ESPn =  1.3098973534E+01     ESPn at Nucleus =  1.3098970319E+01

CP# 5      Coords =  6.13675913144172E+00  3.83135859750955E-01  1.91177258211348E+00
           Type = (3,-3) NACP N5
           Rho =  2.0166471314E+02     Rho at Nucleus =  2.0166471310E+02
           GradRho =  2.2850872583E-10  3.6521168381E-10  1.0968373571E-09
           HessRho_EigVals = -1.6271937032E+06 -1.6271932090E+06 -1.6271781462E+06
           HessRho_EigVec1 =  5.6127618310E-01  3.0021064925E-01  7.7126040502E-01
           HessRho_EigVec2 = -7.9491019006E-01  4.5497838083E-01  4.0138816963E-01
           HessRho_EigVec3 =  2.3040580726E-01  8.3837237494E-01 -4.9400903324E-01
           DelSqRho = -4.8815650583E+06
           Bond Ellipticity = NA
           V = -1.2204599278E+06
           G =  3.4331591862E+01
           K =  1.2204255962E+06
           L =  1.2203912646E+06
           Vnuc =  3.0549476228E+07
           Ven = -6.1607513600E+09
           Vrep =  6.1595309001E+09
           DelSqV =  7.8325291534E+11
           DelSqVen =  1.4912928403E+14
           DelSqVrep = -1.4834603111E+14
           DelSqG =  9.8476490735E+09
           DelSqK = -7.9310056441E+11
           Stress_EigVals = -4.0682216951E+05 -4.0681893235E+05 -4.0681882591E+05
           Stress_EigVec1 =  2.3023486560E-01  8.3865997766E-01 -4.9360039356E-01
           Stress_EigVec2 = -7.5676183116E-01  4.7319160807E-01  4.5100025825E-01
           Stress_EigVec3 =  6.1180343049E-01  2.6970195385E-01  7.4361106671E-01
           -DivStress = -1.3333385060E+04 -1.8086265590E+04 -5.5001506582E+04
           ESP =  -1.8352169136E+01     ESP at Nucleus =  -1.8352169136E+01
           ESPe = -3.0240257511E+01     ESPe at Nucleus = -3.0240257835E+01
           ESPn =  1.1888088376E+01     ESPn at Nucleus =  1.1888088699E+01

CP# 6      Coords =  1.55728819728001E-01  1.56454571969961E-01 -1.85420633741558E+00
           Type = (3,-3) NACP C6
           Rho =  1.2443361589E+02     Rho at Nucleus =  1.2443361570E+02
           GradRho = -1.0210943202E-11  8.7102547397E-12  5.4095228297E-11
           HessRho_EigVals = -7.3999210835E+05 -7.3999120723E+05 -7.3999019342E+05
           HessRho_EigVec1 =  9.6343225612E-01 -5.4060167046E-02  2.6244196732E-01
           HessRho_EigVec2 = -2.3690023440E-01  2.8581164085E-01  9.2854185953E-01
           HessRho_EigVec3 =  1.2520609734E-01  9.5675974220E-01 -2.6255328772E-01
           DelSqRho = -2.2199735090E+06
           Bond Ellipticity = NA
           V = -5.5501383015E+05
           G =  1.0226450023E+01
           K =  5.5500360370E+05
           L =  5.5499337725E+05
           Vnuc =  8.5565636758E+06
           Ven = -1.0647241577E+09
           Vrep =  1.0641691439E+09
           DelSqV =  2.6314869269E+11
           DelSqVen =  1.8995344310E+13
           DelSqVrep = -1.8732195618E+13
           DelSqG =  3.3006033408E+09
           DelSqK = -2.6644929604E+11
           Stress_EigVals = -1.8500488544E+05 -1.8500459222E+05 -1.8500435249E+05
           Stress_EigVec1 =  1.3036197163E-01  9.5254094948E-01 -2.7508452505E-01
           Stress_EigVec2 = -2.0942843707E-01  2.9764717910E-01  9.3142143336E-01
           Stress_EigVec3 =  9.6909518939E-01 -6.3811412325E-02  2.3829103541E-01
           -DivStress =  2.1808155950E+04 -2.0214656380E+04 -5.3380621690E+04
           ESP =  -1.4756096127E+01     ESP at Nucleus =  -1.4756096128E+01
           ESPe = -3.0590970507E+01     ESPe at Nucleus = -3.0590969654E+01
           ESPn =  1.5834874380E+01     ESPn at Nucleus =  1.5834873526E+01

CP# 7      Coords = -2.60962316652032E+00  9.21554593543489E-01 -1.42843419181259E+00
           Type = (3,-3) NACP C7
           Rho =  1.2442036823E+02     Rho at Nucleus =  1.2442036794E+02
           GradRho = -1.0476064460E-12 -4.0013714564E-11 -5.1370241394E-11
           HessRho_EigVals = -7.3992109891E+05 -7.3991965691E+05 -7.3991868748E+05
           HessRho_EigVec1 =  6.3458757064E-02  9.9635869890E-01 -5.6941454796E-02
           HessRho_EigVec2 = -7.0441584396E-01  8.5135905953E-02  7.0466317932E-01
           HessRho_EigVec3 =  7.0694505086E-01 -4.6065865720E-03  7.0725347255E-01
           DelSqRho = -2.2197594433E+06
           Bond Ellipticity = NA
           V = -5.5495981241E+05
           G =  9.9757945861E+00
           K =  5.5494983662E+05
           L =  5.5493986082E+05
           Vnuc =  6.7355256606E+06
           Ven = -8.3803658291E+08
           Vrep =  8.3748162310E+08
           DelSqV =  2.6312329433E+11
           DelSqVen =  1.4951245939E+13
           DelSqVrep = -1.4688122644E+13
           DelSqG =  3.3003154687E+09
           DelSqK = -2.6642360980E+11
           Stress_EigVals = -1.8498691514E+05 -1.8498662224E+05 -1.8498627504E+05
           Stress_EigVec1 =  7.2181387900E-01 -7.8898230197E-03  6.9204224927E-01
           Stress_EigVec2 = -6.8762813535E-01  1.0515008315E-01  7.1840866329E-01
           Stress_EigVec3 =  7.8436417262E-02  9.9442506541E-01 -7.0473525103E-02
           -DivStress =  1.1022764852E+04 -4.9104511840E+04 -5.9092933417E+04
           ESP =  -1.4707489345E+01     ESP at Nucleus =  -1.4707489347E+01
           ESPe = -3.0979465894E+01     ESPe at Nucleus = -3.0979465371E+01
           ESPn =  1.6271976549E+01     ESPn at Nucleus =  1.6271976024E+01

CP# 8      Coords =  1.80163498478349E+00  6.46391271481827E-01  4.47809850556186E-01
           Type = (3,-3) NACP C8
           Rho =  1.2442919799E+02     Rho at Nucleus =  1.2442919797E+02
           GradRho =  2.4838675561E-10 -1.5325942598E-10 -5.9313165490E-11
           HessRho_EigVals = -7.3996216847E+05 -7.3996157296E+05 -7.3996133910E+05
           HessRho_EigVec1 =  9.5910720415E-01 -2.2763801054E-01  1.6820911716E-01
           HessRho_EigVec2 = -1.2652111733E-01  1.8680782841E-01  9.7421519292E-01
           HessRho_EigVec3 =  2.5319118825E-01  9.5565881537E-01 -1.5036771858E-01
           DelSqRho = -2.2198850805E+06
           Bond Ellipticity = NA
           V = -5.5499186532E+05
           G =  1.0297595319E+01
           K =  5.5498156773E+05
           L =  5.5497127013E+05
           Vnuc =  2.8870069262E+07
           Ven = -3.5922795641E+09
           Vrep =  3.5917245722E+09
           DelSqV =  2.6313823689E+11
           DelSqVen =  6.4088243700E+13
           DelSqVrep = -6.3825105463E+13
           DelSqG =  3.3004583996E+09
           DelSqK = -2.6643869529E+11
           Stress_EigVals = -1.8499738948E+05 -1.8499731914E+05 -1.8499715670E+05
           Stress_EigVec1 =  2.5703648981E-01  9.5107554860E-01 -1.7142795500E-01
           Stress_EigVec2 = -6.4588484413E-02  1.9389760378E-01  9.7889327658E-01
           Stress_EigVec3 =  9.6424092974E-01 -2.4053901991E-01  1.1126728770E-01
           -DivStress = -1.5229076520E+04  9.4567319089E+03  2.5688207635E+03
           ESP =  -1.4747916009E+01     ESP at Nucleus =  -1.4747916009E+01
           ESPe = -3.0540129152E+01     ESPe at Nucleus = -3.0540129112E+01
           ESPn =  1.5792213144E+01     ESPn at Nucleus =  1.5792213103E+01

CP# 9      Coords = -3.75743612369795E+00 -8.06219491538379E-01  5.61591290449750E-01
           Type = (3,-3) NACP C9
           Rho =  1.2471778258E+02     Rho at Nucleus =  1.2471778129E+02
           GradRho =  7.0196487512E-11  6.8164363043E-12  1.0221518076E-11
           HessRho_EigVals = -7.4164834945E+05 -7.4164540521E+05 -7.4164237268E+05
           HessRho_EigVec1 =  9.2794773582E-01 -2.5582539274E-01  2.7104680041E-01
           HessRho_EigVec2 =  1.5338452897E-01  9.2491702248E-01  3.4785296864E-01
           HessRho_EigVec3 = -3.3968542191E-01 -2.8121498884E-01  8.9751431420E-01
           DelSqRho = -2.2249361273E+06
           Bond Ellipticity = NA
           V = -5.5625302879E+05
           G =  9.4984809143E+00
           K =  5.5624353031E+05
           L =  5.5623403183E+05
           Vnuc =  3.2134341058E+06
           Ven = -4.0077237614E+08
           Vrep =  4.0021612311E+08
           DelSqV =  2.6373537128E+11
           DelSqVen =  7.1496855552E+12
           DelSqVrep = -6.8859502003E+12
           DelSqG =  3.3078136962E+09
           DelSqK = -2.6704318498E+11
           Stress_EigVals = -1.8541872403E+05 -1.8541764463E+05 -1.8541666014E+05
           Stress_EigVec1 = -3.1873739312E-01 -1.5267160318E-01  9.3546665136E-01
           Stress_EigVec2 =  2.0078841292E-01  9.5366816387E-01  2.2405590031E-01
           Stress_EigVec3 =  9.2633173726E-01 -2.5924585784E-01  2.7331501556E-01
           -DivStress =  3.7871869442E+04  1.5733242461E+05  2.0059077826E+04
           ESP =  -1.4628081407E+01     ESP at Nucleus =  -1.4628081419E+01
           ESPe = -3.1315403250E+01     ESPe at Nucleus = -3.1315403836E+01
           ESPn =  1.6687321843E+01     ESPn at Nucleus =  1.6687322417E+01

CP# 10     Coords =  4.49164298091052E+00 -2.72484357657948E-01  4.80632230057920E-02
           Type = (3,-3) NACP C10
           Rho =  1.2464560481E+02     Rho at Nucleus =  1.2464560437E+02
           GradRho =  2.0698968928E-10  1.1896761354E-11  2.0897172881E-12
           HessRho_EigVals = -7.4122270113E+05 -7.4121933280E+05 -7.4121767139E+05
           HessRho_EigVec1 =  2.2428631930E-01  8.4076626364E-01 -4.9275525050E-01
           HessRho_EigVec2 =  7.0251521502E-01  2.1094440146E-01  6.7968730469E-01
           HessRho_EigVec3 =  6.7540211699E-01 -4.9861262460E-01 -5.4333914910E-01
           DelSqRho = -2.2236597053E+06
           Bond Ellipticity = NA
           V = -5.5593412661E+05
           G =  9.6001407285E+00
           K =  5.5592452647E+05
           L =  5.5591492633E+05
           Vnuc =  5.4638021362E+06
           Ven = -6.8103892185E+08
           Vrep =  6.8048298772E+08
           DelSqV =  2.6358442186E+11
           DelSqVen =  1.2149636465E+13
           DelSqVrep = -1.1886052108E+13
           DelSqG =  3.3059337698E+09
           DelSqK = -2.6689035563E+11
           Stress_EigVals = -1.8531218847E+05 -1.8531156485E+05 -1.8531037329E+05
           Stress_EigVec1 =  5.4101794498E-01 -5.2747508780E-01 -6.5503405634E-01
           Stress_EigVec2 =  8.1083194825E-01  1.2037060516E-01  5.7276737783E-01
           Stress_EigVec3 =  2.2327367715E-01  8.4099996978E-01 -4.9281631053E-01
           -DivStress = -5.2444852408E+04 -2.9885393400E+04 -7.4458874933E+04
           ESP =  -1.4659378164E+01     ESP at Nucleus =  -1.4659378168E+01
           ESPe = -3.0204054251E+01     ESPe at Nucleus = -3.0204054873E+01
           ESPn =  1.5544676087E+01     ESPn at Nucleus =  1.5544676705E+01

CP# 11     Coords =  2.63588402661284E-01 -1.82108597891813E+00 -2.37012998752303E+00
           Type = (3,-3) NACP H11
           Rho =  4.5800548780E-01     Rho at Nucleus =  4.5629504626E-01
           GradRho = -6.5355706957E-16 -1.3392065235E-15  2.5535129566E-15
           HessRho_EigVals = -2.2590067724E+01 -2.2588864090E+01 -2.1223684978E+01
           HessRho_EigVec1 =  9.5093810529E-01 -1.6002905792E-02  3.0896703208E-01
           HessRho_EigVec2 = -3.0137608180E-01 -2.7362060643E-01  9.1340255148E-01
           HessRho_EigVec3 = -6.9922651703E-02  9.6170456521E-01  2.6501915409E-01
           DelSqRho = -6.6402616791E+01
           Bond Ellipticity = NA
           V = -1.6618521247E+01
           G =  8.9335247774E-03
           K =  1.6609587723E+01
           L =  1.6600654198E+01
           Vnuc =  9.6205498444E+01
           Ven = -4.4062646245E+01
           Vrep =  2.7444124997E+01
           DelSqV =  2.2525881840E+04
           DelSqVen =  6.3882968464E+03
           DelSqVrep =  1.6137584993E+04
           DelSqG =  8.0414519114E+02
           DelSqK = -2.3330027031E+04
           Stress_EigVals = -5.6544627001E+00 -5.6541958920E+00 -5.3098626553E+00
           Stress_EigVec1 = -2.4248319364E-01 -2.7417915075E-01  9.3060608965E-01
           Stress_EigVec2 =  9.6764542606E-01  6.0714126446E-04  2.5231321964E-01
           Stress_EigVec3 = -6.9744033642E-02  9.6167844141E-01  2.6516097959E-01
           -DivStress =  7.0677769799E+00 -9.0583793292E+01 -2.5121632283E+01
           ESP =  -1.1200730504E+00     ESP at Nucleus =  -1.1202436371E+00
           ESPe = -1.7283287917E+01     ESPe at Nucleus = -1.7251144696E+01
           ESPn =  1.6163214867E+01     ESPn at Nucleus =  1.6130901059E+01

CP# 12     Coords =  8.65396603162205E-01  1.24088755735723E+00 -3.43818895562049E+00
           Type = (3,-3) NACP H12
           Rho =  4.5912844202E-01     Rho at Nucleus =  4.5744399334E-01
           GradRho = -2.2367927822E-12 -3.3017442946E-12  4.9275145596E-12
           HessRho_EigVals = -2.2661703120E+01 -2.2660825734E+01 -2.1308667017E+01
           HessRho_EigVec1 =  7.2390697269E-01 -6.7811566497E-01 -1.2695605463E-01
           HessRho_EigVec2 =  5.9347073750E-01  5.1825813224E-01  6.1579297829E-01
           HessRho_EigVec3 = -3.5178285720E-01 -5.2112153409E-01  7.7761247938E-01
           DelSqRho = -6.6631195871E+01
           Bond Ellipticity = NA
           V = -1.6675546518E+01
           G =  8.8737751147E-03
           K =  1.6666672743E+01
           L =  1.6657798968E+01
           Vnuc =  9.6204499832E+01
           Ven = -4.4170222123E+01
           Vrep =  2.7494675605E+01
           DelSqV =  2.2617071782E+04
           DelSqVen =  6.4102208721E+03
           DelSqVrep =  1.6206850910E+04
           DelSqG =  8.0768567761E+02
           DelSqK = -2.3424757460E+04
           Stress_EigVals = -5.6724480903E+00 -5.6719650276E+00 -5.3311334002E+00
           Stress_EigVec1 =  1.6614730485E-01 -8.5223968002E-01 -4.9606713344E-01
           Stress_EigVec2 =  9.2136066528E-01 -4.5106332126E-02  3.8608281920E-01
           Stress_EigVec3 = -3.5141086718E-01 -5.2120336395E-01  7.7772582305E-01
           -DivStress =  3.3076285615E+01  4.8826136166E+01 -7.2834706034E+01
           ESP =  -1.1209286248E+00     ESP at Nucleus =  -1.1210980633E+00
           ESPe = -1.6531187851E+01     ESPe at Nucleus = -1.6496229124E+01
           ESPn =  1.5410259227E+01     ESPn at Nucleus =  1.5375131061E+01

CP# 13     Coords = -3.62142673878203E+00  5.89042000952520E-01 -3.17963013754094E+00
           Type = (3,-3) NACP H13
           Rho =  4.6227412057E-01     Rho at Nucleus =  4.6056799475E-01
           GradRho =  5.4812314930E-10  1.8528428791E-10  9.7813058391E-10
           HessRho_EigVals = -2.2825397395E+01 -2.2819436496E+01 -2.1452921368E+01
           HessRho_EigVec1 = -1.5156120271E-01  9.8331003044E-01 -1.0065081156E-01
           HessRho_EigVec2 =  8.6114045720E-01  8.1365538403E-02 -5.0181347344E-01
           HessRho_EigVec3 =  4.8524871437E-01  1.6272993946E-01  8.5909990804E-01
           DelSqRho = -6.7097755259E+01
           Bond Ellipticity = NA
           V = -1.6791361600E+01
           G =  8.4613925835E-03
           K =  1.6782900207E+01
           L =  1.6774438815E+01
           Vnuc =  9.5858908716E+01
           Ven = -4.4313092725E+01
           Vrep =  2.7521731125E+01
           DelSqV =  2.2770149928E+04
           DelSqVen =  6.4319176112E+03
           DelSqVrep =  1.6338232317E+04
           DelSqG =  8.1342901665E+02
           DelSqK = -2.3583578945E+04
           Stress_EigVals = -5.7122304234E+00 -5.7118278433E+00 -5.3673033333E+00
           Stress_EigVec1 =  8.6103214209E-01 -2.6082347933E-01 -4.3657160114E-01
           Stress_EigVec2 =  1.5265247966E-01  9.5143142417E-01 -2.6734895841E-01
           Stress_EigVec3 =  4.8509882575E-01  1.6355230889E-01  8.5902838807E-01
           -DivStress = -4.5625439618E+01 -1.5432470459E+01 -8.1468659953E+01
           ESP =  -1.0951773372E+00     ESP at Nucleus =  -1.0953506889E+00
           ESPe = -1.6395813928E+01     ESPe at Nucleus = -1.6358315542E+01
           ESPn =  1.5300636590E+01     ESPn at Nucleus =  1.5262964853E+01

CP# 14     Coords =  1.85019837889785E+00  2.65210400898032E+00  8.85681590730320E-01
           Type = (3,-3) NACP H14
           Rho =  4.5569568699E-01     Rho at Nucleus =  4.5407530715E-01
           GradRho = -1.1050188542E-15  2.6836172173E-15 -4.4408920985E-16
           HessRho_EigVals = -2.2505302531E+01 -2.2502527244E+01 -2.1200519910E+01
           HessRho_EigVec1 =  2.6931510862E-01 -2.0399065394E-01  9.4119986473E-01
           HessRho_EigVec2 =  9.6293829586E-01  4.2013781056E-02 -2.6642950394E-01
           HessRho_EigVec3 =  1.4805763692E-02  9.7807088460E-01  2.0774535869E-01
           DelSqRho = -6.6208349684E+01
           Bond Ellipticity = NA
           V = -1.6570970004E+01
           G =  9.4412915488E-03
           K =  1.6561528713E+01
           L =  1.6552087421E+01
           Vnuc =  9.7964651822E+01
           Ven = -4.4642069313E+01
           Vrep =  2.8071099309E+01
           DelSqV =  2.2497201070E+04
           DelSqVen =  6.4860779245E+03
           DelSqVrep =  1.6011123146E+04
           DelSqG =  8.0349326343E+02
           DelSqK = -2.3300694334E+04
           Stress_EigVals = -5.6337098270E+00 -5.6330330850E+00 -5.3042270921E+00
           Stress_EigVec1 = -5.3935259078E-02 -2.0628048209E-01  9.7700529709E-01
           Stress_EigVec2 =  9.9842587969E-01 -2.6217433704E-02  4.9582344919E-02
           Stress_EigVec3 =  1.5386701591E-02  9.7814160983E-01  2.0736981587E-01
           -DivStress =  1.1549096697E+00  8.9726611816E+01  1.8562146132E+01
           ESP =  -1.0968837080E+00     ESP at Nucleus =  -1.0970448515E+00
           ESPe = -1.6937401507E+01     ESPe at Nucleus = -1.6905213984E+01
           ESPn =  1.5840517799E+01     ESPn at Nucleus =  1.5808169132E+01

CP# 15     Coords =  1.05781130017855E+00 -3.07070826242887E-01  2.11336296090988E+00
           Type = (3,-3) NACP H15
           Rho =  4.5320286148E-01     Rho at Nucleus =  4.5160180706E-01
           GradRho =  1.7011322906E-12  2.1274509932E-12 -3.7783287512E-12
           HessRho_EigVals = -2.2382671388E+01 -2.2380206923E+01 -2.1094019414E+01
           HessRho_EigVec1 =  3.3438761607E-01  7.4863037487E-01  5.7248361028E-01
           HessRho_EigVec2 =  8.6890333714E-01 -4.8013144462E-01  1.2033613999E-01
           HessRho_EigVec3 = -3.6495467242E-01 -4.5719400445E-01  8.1103744018E-01
           DelSqRho = -6.5856897725E+01
           Bond Ellipticity = NA
           V = -1.6483146078E+01
           G =  9.4608234023E-03
           K =  1.6473685255E+01
           L =  1.6464224431E+01
           Vnuc =  9.8862646070E+01
           Ven = -4.4804834092E+01
           Vrep =  2.8321688014E+01
           DelSqV =  2.2382327997E+04
           DelSqVen =  6.5107871711E+03
           DelSqVrep =  1.5871540826E+04
           DelSqG =  7.9935299037E+02
           DelSqK = -2.3181680988E+04
           Stress_EigVals = -5.6031485582E+00 -5.6023650813E+00 -5.2776324385E+00
           Stress_EigVec1 = -5.6108384927E-02 -8.5854650597E-01 -5.0965649826E-01
           Stress_EigVec2 =  9.2953998199E-01 -2.3123820611E-01  2.8720082505E-01
           Stress_EigVec3 = -3.6442731925E-01 -4.5763171777E-01  8.1102770598E-01
           -DivStress = -3.3230607742E+01 -4.1518254362E+01  7.3649343408E+01
           ESP =  -1.0935869286E+00     ESP at Nucleus =  -1.0937433392E+00
           ESPe = -1.7554538137E+01     ESPe at Nucleus = -1.7525913345E+01
           ESPn =  1.6460951209E+01     ESPn at Nucleus =  1.6432170006E+01

CP# 16     Coords = -2.45238970461065E+00  3.78590702662380E+00  1.09138767720768E+00
           Type = (3,-3) NACP H16
           Rho =  4.5224229469E-01     Rho at Nucleus =  4.4949576786E-01
           GradRho = -1.1850728732E-12 -7.8043702143E-13 -5.7461709002E-12
           HessRho_EigVals = -2.2028248347E+01 -2.2014289242E+01 -1.9882223610E+01
           HessRho_EigVec1 = -5.6352339726E-01  8.2608777527E-01  4.5131250391E-03
           HessRho_EigVec2 =  8.0211079421E-01  5.4845794942E-01 -2.3624595556E-01
           HessRho_EigVec3 =  1.9763515515E-01  1.2951009716E-01  9.7168280842E-01
           DelSqRho = -6.3924761200E+01
           Bond Ellipticity = NA
