AIMSum (Version 17.01.25, Professional)
Copyright (c) 1997-2017 by Todd A. Keith
AIMSum is a component of the AIMAll package ( http://aim.tkgristmill.com )

TP:  64-bit Linux

Licensed To:  Research Group of Fernando Cortes Guzman, UNAM, fercor@unam.mx

Much of the Quantum Theory of Atoms in Molecules (QTAIM) is described in the book:
  "Atoms in Molecules - A Quantum Theory"
  R.F.W. Bader, Oxford University Press, Oxford, 1990

For additional references see:  http://aim.tkgristmill.com/references.html

Wfn File:  /home/alejandro/wd/aimqb_inps/isoleucine_m062X_def2QZVP.wfn
Sum File:  /home/alejandro/wd/aimqb_inps/isoleucine_m062X_def2QZVP.sum

SumViz File:  /home/alejandro/wd/aimqb_inps/isoleucine_m062X_def2QZVP.sumviz

Wfn Title:   opt isoleucine M062X def2TZVP                                                 
 
Total memory allocated for AIMSum =        1.322 Megabytes

Atomic units (a.u.) used throughout, except where stated otherwise

Model:  Restricted SCF
 
Restricted, closed-shell, single-determinant wavefunction.
  Number of electrons (from MO Occs)                   =          72.0000000000
  Number of Alpha electrons (from MO Occs)             =          36.0000000000
  Number of Beta electrons (from MO Occs)              =          36.0000000000
  Number of electron pairs (N*(N-1)/2)                 =        2556.0000000000
  Number of electron pairs (from Muller 2EDM)          =        2556.0000000000
 
Nuclear Charges and Cartesian Coordinates:
-------------------------------------------------------------------------------
Atom      Charge                X                  Y                  Z
-------------------------------------------------------------------------------
O1         8.0           3.3788678900E+00  -1.9056112700E+00   2.3410919300E+00
O2         8.0           4.2669753200E+00  -1.0787908200E+00  -1.6977878300E+00
N3         7.0           1.1239757000E+00   3.1744649400E+00  -1.7417078300E+00
C4         6.0          -1.4791841100E+00   3.6757303000E-01   9.5181501000E-01
C5         6.0           1.1542943300E+00   1.5126771900E+00   4.3392508000E-01
C6         6.0          -2.3863131600E+00  -1.2027282400E+00  -1.3023077400E+00
C7         6.0          -3.3367741500E+00   2.4595775300E+00   1.6397367100E+00
C8         6.0          -4.8226815900E+00  -2.6502870100E+00  -7.8311619000E-01
C9         6.0           3.1009337800E+00  -5.8896796000E-01   1.8311572000E-01
H10        1.0          -1.2686744500E+00  -8.9637589000E-01   2.5744682000E+00
H11        1.0           1.6853814900E+00   2.6116913800E+00   2.1009770300E+00
H12        1.0          -9.0990181000E-01  -2.5478751100E+00  -1.8421848300E+00
H13        1.0          -2.6662184900E+00   5.1471340000E-02  -2.9218797900E+00
H14        1.0          -2.6257518200E+00   3.5832454300E+00   3.2164497500E+00
H15        1.0          -3.6184510300E+00   3.7217895600E+00   3.5870680000E-02
H16        1.0          -5.1578467400E+00   1.6793137100E+00   2.2004891200E+00
H17        1.0          -4.6340846800E+00  -3.8234611300E+00   9.0422588000E-01
H18        1.0          -5.2942293100E+00  -3.8860212400E+00  -2.3622768100E+00
H19        1.0          -6.4161048100E+00  -1.3775346100E+00  -4.9440143000E-01
H20        1.0           1.1595330800E+00   2.1249674800E+00  -3.3463476500E+00
H21        1.0           2.7127469100E+00   4.2402542800E+00  -1.7832633500E+00
H22        1.0           4.6173755200E+00  -3.2145703300E+00   2.0243835800E+00
 
Some Atomic Properties:
----------------------
  q(A) = Net Charge of Atom A
  L(A) = Lagrangian of Atom A = -(1/4) Times Atomic Integral of the Laplacian of the Electron Density
  K(A) = Electronic Kinetic Energy of Atom A (Hamiltonian Form)
  K_Scaled(A) = K(A) * E(Mol)/K(Mol) = Approximation to Virial-Based Total Energy of Atom A.
  |Mu_Intra(A)| = Magnitude of Intraatomic Dipole Moment of Atom A
--------------------------------------------------------------------------------------------------
Atom A          q(A)              L(A)              K(A)          K_Scaled(A)      |Mu_Intra(A)|
--------------------------------------------------------------------------------------------------
O1       -1.1910015218E+00  1.3328407220E-04  7.5666343756E+01 -7.5973285036E+01  2.9771974067E-01
O2       -1.2517020348E+00  3.6881206962E-05  7.5752695531E+01 -7.6059987098E+01  5.4916761220E-01
N3       -1.0347145820E+00  1.2662782059E-04  5.4948623720E+01 -5.5171523361E+01  2.5185262424E-01
C4        1.0068435890E-01 -8.8599213876E-04  3.7834882338E+01 -3.7988359917E+01  5.2501817621E-02
C5        4.1863931360E-01  8.8217000018E-05  3.7678494634E+01 -3.7831337824E+01  3.9509415144E-01
C6        1.0837682630E-01 -4.6534978033E-05  3.7817030898E+01 -3.7970436062E+01  1.6534855235E-02
C7        1.1726625150E-01 -2.4634533468E-04  3.7805736557E+01 -3.7959095905E+01  1.9054403973E-02
C8        1.2459035290E-01 -5.9753889466E-05  3.7789159357E+01 -3.7942451460E+01  8.4417183836E-03
C9        1.6399021086E+00  3.1059194802E-04  3.6887189135E+01 -3.7036822386E+01  8.8087964359E-01
H10      -3.6136676500E-02 -1.8887257851E-06  6.5172846580E-01 -6.5437220884E-01  1.2043873188E-01
H11      -8.2984037000E-03  4.2845960974E-05  6.3995793300E-01 -6.4255392875E-01  1.2139857849E-01
H12      -5.0184813400E-02  3.6922073270E-05  6.5155374590E-01 -6.5419678018E-01  1.1887628177E-01
H13      -4.3332995600E-02  4.3418716102E-05  6.4787271659E-01 -6.5050081875E-01  1.2516932272E-01
H14      -4.6001852200E-02  2.4498881125E-05  6.4279133654E-01 -6.4539882602E-01  1.2895884696E-01
H15      -1.6058616100E-02  2.4830974264E-05  6.3058159744E-01 -6.3313955799E-01  1.2811364455E-01
H16      -4.2825110900E-02  3.9133451456E-05  6.4387626373E-01 -6.4648815424E-01  1.2274376429E-01
H17      -4.4634009700E-02  2.4615735695E-05  6.4172996679E-01 -6.4433315082E-01  1.2960878028E-01
H18      -3.8642282000E-02  2.0796370808E-05  6.4123323896E-01 -6.4383440801E-01  1.2662438619E-01
H19      -4.1621431800E-02  8.1773181818E-05  6.4378827800E-01 -6.4639981159E-01  1.2369490985E-01
H20       3.6622494957E-01  4.0882290149E-05  4.8035982934E-01 -4.8230841379E-01  1.8261604880E-01
H21       3.5439663007E-01  3.0653224468E-05  4.8723417258E-01 -4.8921064287E-01  1.8825904763E-01
H22       6.1490256007E-01  2.6547181390E-05  3.4509469038E-01 -3.4649457045E-01  1.5235424570E-01
--------------------------------------------------------------------------------------------------
Total    -1.7097899000E-04 -1.0799497742E-04  4.3992795816E+02 -4.4171253032E+02
 
Molecular charge q(Mol) from the wfn file:   0.0000000000E+00
Molecular energy E(Mol) from the wfn file:  -4.4171263881E+02
Molecular virial ratio (-V(Mol)/T(Mol)) from the wfn file:   2.0040565100E+00
Note.  K_Scaled(A) = (1+V(Mol)/T(Mol))*K(A) = (E(Mol)/T(Mol))*K(A)
       Only use K_Scaled(A) data with caution.
 
N_AIMInt(SumA)     =         72.000171
N_Analytic(Mol)    =         71.999992
 
G_AIMInt(SumA)     =        439.928066
G_Analytic(Mol)    =        439.928065
 
K_AIMInt(SumA)     =        439.927958
K_Analytic(Mol)    =        439.928065
 
L_AIMInt(SumA)     =         -0.000108
L_Analytic(Mol)    =          0.000000
 
VenT_AIMInt(SumA)  =      -2019.381759
VenT_Analytic(Mol) =      -2019.381063
 
Some Information About the Atomic Calculations:
----------------------------------------------
  Time(sec) = "Elapsed User Time", in Seconds, for Atom A by AIMInt and, if used, by TWOe
  NProc = Number of Processors Used for AIMInt Job
  BIM = Basin Integration Method
  OAQ = Angular Quadrature Outside of Beta Sphere
  ORQ = Multiple of Default for Radial Quadrature Outside of Beta Sphere
  IAQ = Multiple of Default for Angular Quadrature Inside of Beta Sphere
  IRQ = Multiple of Default for Radial Quadrature Inside of Beta Sphere
  MIR = Maximum Integration Radius
------------------------------------------------------------------------------------------------------
Atom A     Time(sec)   NProc      BIM              OAQ                 ORQ      IAQ      IRQ      MIR
------------------------------------------------------------------------------------------------------
O1            193       16     Proaim(5)    4334      (Very High)      1.00     1.00     1.00    13.00
O2            155       16     Proaim(5)    3074      (Very High)      1.00     1.00     1.00    13.00
N3            192       16     Proaim(5)    4334      (Very High)      1.00     1.00     1.00    13.00
C4            433       16     Proaim(5)    4334      (Very High)      1.00     1.00     1.00    13.00
C5            307       16     Proaim(5)    4334      (Very High)      1.00     1.00     1.00    13.00
C6            344       16     Proaim(5)    4334      (Very High)      1.00     1.00     1.00    13.00
C7            313       16     Proaim(5)    4334      (Very High)      1.00     1.00     1.00    13.00
C8            276       16     Proaim(5)    4334      (Very High)      1.00     1.00     1.00    13.00
C9            210       16     Proaim(5)    4334      (Very High)      1.00     1.00     1.00    13.00
H10            94       16     Proaim(5)    2030      (Very High)      1.00     1.00     1.00    13.00
H11            88       16     Proaim(5)    2030      (Very High)      1.00     1.00     1.00    13.00
H12            91       16     Proaim(5)    2030      (Very High)      1.00     1.00     1.00    13.00
H13            69       16     Proaim(5)    2030      (Very High)      1.00     1.00     1.00    13.00
H14            52       16     Proaim(5)    2030      (Very High)      1.00     1.00     1.00    13.00
H15            83       16     Proaim(5)    2030      (Very High)      1.00     1.00     1.00    13.00
H16            92       16     Proaim(5)    2030      (Very High)      1.00     1.00     1.00    13.00
H17            75       16     Proaim(5)    2030      (Very High)      1.00     1.00     1.00    13.00
H18            49       16     Proaim(5)    2030      (Very High)      1.00     1.00     1.00    13.00
H19            83       16     Proaim(5)    2030      (Very High)      1.00     1.00     1.00    13.00
H20            56       16     Proaim(5)    2030      (Very High)      1.00     1.00     1.00    13.00
H21            59       16     Proaim(5)    2030      (Very High)      1.00     1.00     1.00    13.00
H22            56       16     Proaim(5)    2030      (Very High)      1.00     1.00     1.00    13.00
------------------------------------------------------------------------------------------------------
Total        3370
Note:  Total wall clock time is less than total of atomic times if more than one atom
       was calculated at a time
 
Electron Density Critical Point Analysis of Molecular Structure:               
---------------------------------------------------------------                
  NACP = Nuclear Attractor Critical Point                                      
  NNACP = Non-Nuclear Attractor Critical Point                                 
  BCP = Bond Critical Point                                                    
  RCP = Ring Critical Point                                                    
  CCP = Cage Critical Point                                                    
  Rho = Electron Density                                                       
  GradRho = Gradient of Electron Density                                       
  HessRho_EigVals = Eigenvalues of the Hessian of Rho, Ascending Order         
  HessRho_EigVecs = Eigenvectors of the Hessian of Rho                         
  DelSqRho = Laplacian of Rho = Trace of Hessian of Rho                        
  Bond Ellipticity = (HessRho_EigVal(1) / HessRho_EigVal(2)) - 1               
  V = Virial Field = Potential Energy Density = Trace of Stress Tensor         
  G = Lagrangian Form of Kinetic Energy Density                                
  K = Hamiltonian Form of Kinetic Energy Density                               
  L = K - G = Lagrangian Density = (-1/4)DelSqRho                              
  Vnuc = Electrostatic Potential from Nuclei                                   
  Ven = Electron-nuclear attractive contribution to Virial Field V             
  Vrep = V - Ven = Repulsive contribution to Virial Field V                    
  DelSqV = Laplacian of V                                                      
  DelSqVen = Laplacian of Ven                                                  
  DelSqVrep = Laplacian of Vrep                                                
  DelSqG = Laplacian of G                                                      
  DelSqK = Laplacian of K                                                      
  Stress_EigVals = Eigenvalues of Stress Tensor, Ascending Order               
  Stress_EigVecs = Eigenvectors of Stress Tensor                               
  -DivStress = Ehrenfest Force Density = Minus Divergence of Stress Tensor     
  ESP = Total Electrostatic Potential                                          
  ESPe = Electrostatic Potential from Electrons                                
  ESPn = Electrostatic Potential from Nuclei                                   
  BP = Bond Path                                                               
  BPL = Bond Path Length                                                       
  GBL = Geometric Bond Length                                                  
  GBL_I = Distance Between Nuclear Attractors                                  
  GBL_II = Distance Between Nuclei                                             
  GBL_III = Sum of Distances Between BCP and Nuclear Attractors                
  GBL_IV = Sum of Distances Between BCP and Nuclei                             

CP# 1      Coords =  3.37886931332937E+00 -1.90561179757842E+00  2.34108940942883E+00
           Type = (3,-3) NACP O1
           Rho =  3.0924049782E+02     Rho at Nucleus =  3.0924048374E+02
           GradRho = -4.4692671786E-10 -6.9482197773E-11 -1.4312195873E-10
           HessRho_EigVals = -3.2541258332E+06 -3.2540930087E+06 -3.2540866819E+06
           HessRho_EigVec1 = -4.8779264925E-01  7.6344555802E-01 -4.2333108943E-01
           HessRho_EigVec2 = -4.6456866811E-01  1.8353882886E-01  8.6630794231E-01
           HessRho_EigVec3 =  7.3907664281E-01  6.1924500663E-01  2.6514399449E-01
           DelSqRho = -9.7623055238E+06
           Bond Ellipticity = NA
           V = -2.4407562135E+06
           G =  8.9916254455E+01
           K =  2.4406662972E+06
           L =  2.4405763809E+06
           Vnuc =  2.7189177466E+06
           Ven = -8.4079947748E+08
           Vrep =  8.3835872127E+08
           DelSqV =  2.0109939668E+12
           DelSqVen =  2.6542905770E+13
           DelSqVrep = -2.4531911787E+13
           DelSqG =  2.5684183428E+10
           DelSqK = -2.0366781502E+12
           Stress_EigVals = -8.1358986968E+05 -8.1358596795E+05 -8.1358037582E+05
           Stress_EigVec1 =  7.3363407563E-01  6.2143804716E-01  2.7494689781E-01
           Stress_EigVec2 = -4.7408194352E-01  1.7817678699E-01  8.6226407985E-01
           Stress_EigVec3 = -4.8685455107E-01  7.6293367085E-01 -4.2532911960E-01
           -DivStress = -9.4791456126E+05  3.5134414255E+05  1.6786867382E+06
           ESP =  -2.2306709621E+01     ESP at Nucleus =  -2.2306709682E+01
           ESPe = -3.4473101807E+01     ESPe at Nucleus = -3.4473098902E+01
           ESPn =  1.2166392186E+01     ESPn at Nucleus =  1.2166389220E+01

CP# 2      Coords =  4.26697383325793E+00 -1.07879026357902E+00 -1.69778532359428E+00
           Type = (3,-3) NACP O2
           Rho =  3.0950758905E+02     Rho at Nucleus =  3.0950757472E+02
           GradRho = -8.9666141179E-10 -9.2370111560E-11 -9.1731955365E-11
           HessRho_EigVals = -3.2569424225E+06 -3.2569294694E+06 -3.2569035490E+06
           HessRho_EigVec1 =  7.2112963297E-01  6.2488450490E-01  2.9915114572E-01
           HessRho_EigVec2 = -5.2770594161E-01  2.1566168703E-01  8.2159386313E-01
           HessRho_EigVec3 = -4.4888583363E-01  7.5033951801E-01 -4.8527529927E-01
           DelSqRho = -9.7707754409E+06
           Bond Ellipticity = NA
           V = -2.4428720435E+06
           G =  8.9091622529E+01
           K =  2.4427829518E+06
           L =  2.4426938602E+06
           Vnuc =  2.6964935938E+06
           Ven = -8.3458523110E+08
           Vrep =  8.3214235906E+08
           DelSqV =  2.0127354581E+12
           DelSqVen =  2.6346833363E+13
           DelSqVrep = -2.4334097905E+13
           DelSqG =  2.5706571994E+10
           DelSqK = -2.0384420301E+12
           Stress_EigVals = -8.1429684214E+05 -8.1428814693E+05 -8.1428705440E+05
           Stress_EigVec1 = -4.5481228834E-01  7.5269038681E-01 -4.7602832266E-01
           Stress_EigVec2 = -5.3360553172E-01  1.9763263578E-01  8.2231774746E-01
           Stress_EigVec3 =  7.1302939553E-01  6.2801156270E-01  3.1175400274E-01
           -DivStress =  9.9105213025E+05 -3.7091227358E+05 -1.6707398796E+06
           ESP =  -2.2365526942E+01     ESP at Nucleus =  -2.2365527000E+01
           ESPe = -3.4543240734E+01     ESPe at Nucleus = -3.4543233798E+01
           ESPn =  1.2177713792E+01     ESPn at Nucleus =  1.2177706797E+01

CP# 3      Coords =  1.12397814557246E+00  3.17446305640270E+00 -1.74170770623533E+00
           Type = (3,-3) NACP N3
           Rho =  2.0382041581E+02     Rho at Nucleus =  2.0382040789E+02
           GradRho = -1.4811707416E-10  3.3793101650E-10 -8.2761131281E-11
           HessRho_EigVals = -1.6598307864E+06 -1.6598283629E+06 -1.6598103561E+06
           HessRho_EigVec1 = -2.9210714828E-01 -4.9831641209E-01  8.1630519254E-01
           HessRho_EigVec2 =  5.0053556520E-01  6.4764765383E-01  5.7447076902E-01
           HessRho_EigVec3 =  8.1494635522E-01 -5.7639679904E-01 -6.0242577722E-02
           DelSqRho = -4.9794695054E+06
           Bond Ellipticity = NA
           V = -1.2449346590E+06
           G =  3.3641311372E+01
           K =  1.2449010177E+06
           L =  1.2448673764E+06
           Vnuc =  2.2658621039E+06
           Ven = -4.6182895619E+08
           Vrep =  4.6058402153E+08
           DelSqV =  7.9910934553E+11
           DelSqVen =  1.1282791277E+13
           DelSqVrep = -1.0483681931E+13
           DelSqG =  1.0138304009E+10
           DelSqK = -8.0924764954E+11
           Stress_EigVals = -4.1498061378E+05 -4.1497737101E+05 -4.1497667420E+05
           Stress_EigVec1 =  8.2000176572E-01 -5.6400852182E-01 -9.7424286120E-02
           Stress_EigVec2 =  5.1476410278E-01  6.5230655593E-01  5.5633989213E-01
           Stress_EigVec3 = -2.5022993964E-01 -5.0635021912E-01  8.2522386835E-01
           -DivStress = -6.4719207067E+05  4.9848172070E+05 -3.2766922031E+04
           ESP =  -1.8403887673E+01     ESP at Nucleus =  -1.8403887716E+01
           ESPe = -3.1432767199E+01     ESPe at Nucleus = -3.1432764226E+01
           ESPn =  1.3028879527E+01     ESPn at Nucleus =  1.3028876510E+01

CP# 4      Coords = -1.47918385027062E+00  3.67573265044965E-01  9.51814830756796E-01
           Type = (3,-3) NACP C4
           Rho =  1.2579274469E+02     Rho at Nucleus =  1.2579274464E+02
           GradRho =  1.3428144152E-09  1.2133209992E-09 -9.3048929672E-10
           HessRho_EigVals = -7.5627143311E+05 -7.5627075211E+05 -7.5627024233E+05
           HessRho_EigVec1 =  9.5815558774E-01  2.4885288749E-01 -1.4145709623E-01
           HessRho_EigVec2 = -8.5641992244E-02  7.2075946490E-01  6.8787443834E-01
           HessRho_EigVec3 =  2.7313608120E-01 -6.4697606922E-01  7.1191196577E-01
           DelSqRho = -2.2688124275E+06
           Bond Ellipticity = NA
           V = -5.6722360744E+05
           G =  1.0250274449E+01
           K =  5.6721335716E+05
           L =  5.6720310689E+05
           Vnuc =  1.5248217654E+07
           Ven = -1.9181151505E+09
           Vrep =  1.9175479268E+09
           DelSqV =  2.6899722325E+11
           DelSqVen =  3.4595343434E+13
           DelSqVrep = -3.4326345686E+13
           DelSqG =  3.4101881285E+09
           DelSqK = -2.7240741138E+11
           Stress_EigVals = -1.8907470270E+05 -1.8907455473E+05 -1.8907435001E+05
           Stress_EigVec1 =  2.8397718837E-01 -6.4142886609E-01  7.1268924942E-01
           Stress_EigVec2 = -1.0263714051E-01  7.1868360085E-01  6.8772050955E-01
           Stress_EigVec3 =  9.5332186269E-01  2.6844532332E-01 -1.3825532364E-01
           -DivStress = -2.3136106685E+04 -2.0940535060E+04  1.5970962672E+04
           ESP =  -1.4758293651E+01     ESP at Nucleus =  -1.4758293651E+01
           ESPe = -3.0617554534E+01     ESPe at Nucleus = -3.0617554219E+01
           ESPn =  1.5859260883E+01     ESPn at Nucleus =  1.5859260568E+01

CP# 5      Coords =  1.15429474000735E+00  1.51267735908962E+00  4.33924240872986E-01
           Type = (3,-3) NACP C5
           Rho =  1.2579785059E+02     Rho at Nucleus =  1.2579785025E+02
           GradRho = -7.5236705754E-11 -4.3414966067E-11 -9.1580076855E-12
           HessRho_EigVals = -7.5629398458E+05 -7.5629245529E+05 -7.5629173013E+05
           HessRho_EigVec1 = -2.8342804340E-01  7.4769728908E-01 -6.0051420310E-01
           HessRho_EigVec2 = -7.7474080685E-01  1.9053138633E-01  6.0288844160E-01
           HessRho_EigVec3 =  5.6519485703E-01  6.3611834963E-01  5.2526966299E-01
           DelSqRho = -2.2688781700E+06
           Bond Ellipticity = NA
           V = -5.6723987877E+05
           G =  1.0168131842E+01
           K =  5.6722971063E+05
           L =  5.6721954250E+05
           Vnuc =  6.3216521087E+06
           Ven = -7.9525024746E+08
           Vrep =  7.9468300758E+08
           DelSqV =  2.6900486261E+11
           DelSqVen =  1.4343058751E+13
           DelSqVrep = -1.4074053889E+13
           DelSqG =  3.4102459548E+09
           DelSqK = -2.7241510856E+11
           Stress_EigVals = -1.8908024714E+05 -1.8908000455E+05 -1.8907962707E+05
           Stress_EigVec1 =  5.5990902589E-01  6.3212299427E-01  5.3565138181E-01
           Stress_EigVec2 = -7.7832923581E-01  1.7961128046E-01  6.0161731077E-01
           Stress_EigVec3 = -2.8408710533E-01  7.5376409310E-01 -5.9256578415E-01
           -DivStress = -3.6520861847E+04 -1.5060699434E+04  7.4754155224E+04
           ESP =  -1.4720121994E+01     ESP at Nucleus =  -1.4720121997E+01
           ESPe = -3.0976877786E+01     ESPe at Nucleus = -3.0976877530E+01
           ESPn =  1.6256755793E+01     ESPn at Nucleus =  1.6256755534E+01

CP# 6      Coords = -2.38631327303630E+00 -1.20272831632211E+00 -1.30230759927155E+00
           Type = (3,-3) NACP C6
           Rho =  1.2578290889E+02     Rho at Nucleus =  1.2578290887E+02
           GradRho = -2.8729635337E-10 -1.2059682072E-10  1.1469702965E-10
           HessRho_EigVals = -7.5622273157E+05 -7.5622239334E+05 -7.5622194443E+05
           HessRho_EigVec1 =  7.2280846117E-01  6.0779907519E-01  3.2882854601E-01
           HessRho_EigVec2 = -4.9143117640E-01  1.1755399335E-01  8.6294638160E-01
           HessRho_EigVec3 = -4.8584290396E-01  7.8534154535E-01 -3.8366043557E-01
           DelSqRho = -2.2686670693E+06
           Bond Ellipticity = NA
           V = -5.6718751648E+05
           G =  1.0374572115E+01
           K =  5.6717714191E+05
           L =  5.6716676733E+05
           Vnuc =  3.0615938788E+07
           Ven = -3.8509618391E+09
           Vrep =  3.8503946516E+09
           DelSqV =  2.6898019384E+11
           DelSqVen =  6.9457279975E+13
           DelSqVrep = -6.9188299782E+13
           DelSqG =  3.4100188852E+09
           DelSqK = -2.7239021272E+11
           Stress_EigVals = -1.8906262315E+05 -1.8906249376E+05 -1.8906239957E+05
           Stress_EigVec1 = -4.8672463461E-01  7.8908013267E-01 -3.7476882779E-01
           Stress_EigVec2 = -4.9574874849E-01  1.0372954517E-01  8.6224901265E-01
           Stress_EigVec3 =  7.1925816536E-01  6.0546901298E-01  3.4069776326E-01
           -DivStress =  1.0071223666E+04  6.7974728537E+03 -1.2540524023E+04
           ESP =  -1.4770819672E+01     ESP at Nucleus =  -1.4770819672E+01
           ESPe = -2.9169439092E+01     ESPe at Nucleus = -2.9169439054E+01
           ESPn =  1.4398619420E+01     ESPn at Nucleus =  1.4398619382E+01

CP# 7      Coords = -3.33677404957755E+00  2.45957734133052E+00  1.63973680593209E+00
           Type = (3,-3) NACP C7
           Rho =  1.2579585450E+02     Rho at Nucleus =  1.2579585448E+02
           GradRho =  3.1580660309E-10 -2.4374524621E-10  1.4283202399E-10
           HessRho_EigVals = -7.5631101313E+05 -7.5631032682E+05 -7.5631010423E+05
           HessRho_EigVec1 = -5.7896004802E-01  7.4442801099E-01  3.3261418979E-01
           HessRho_EigVec2 =  7.9912673446E-01  4.3708860808E-01  4.1273479494E-01
           HessRho_EigVec3 = -1.6186946922E-01 -5.0475784803E-01  8.4794916698E-01
           DelSqRho = -2.2689314442E+06
           Bond Ellipticity = NA
           V = -5.6725385058E+05
           G =  1.0494764949E+01
           K =  5.6724335581E+05
           L =  5.6723286105E+05
           Vnuc =  2.5611166550E+07
           Ven = -3.2217785808E+09
           Vrep =  3.2212113270E+09
           DelSqV =  2.6901167309E+11
           DelSqVen =  5.8109959602E+13
           DelSqVrep = -5.7840952123E+13
           DelSqG =  3.4104643068E+09
           DelSqK = -2.7242213740E+11
           Stress_EigVals = -1.8908472391E+05 -1.8908465866E+05 -1.8908446800E+05
           Stress_EigVec1 = -1.7783487645E-01 -4.9824654866E-01  8.4860186982E-01
           Stress_EigVec2 =  7.9588103558E-01  4.3434247771E-01  4.2180562972E-01
           Stress_EigVec3 = -5.7874703794E-01  7.5039788699E-01  3.1930373826E-01
           -DivStress = -8.9491389745E+03  1.6811804420E+04 -8.5447813070E+03
           ESP =  -1.4785123203E+01     ESP at Nucleus =  -1.4785123203E+01
           ESPe = -2.7463236701E+01     ESPe at Nucleus = -2.7463236460E+01
           ESPn =  1.2678113498E+01     ESPn at Nucleus =  1.2678113257E+01

CP# 8      Coords = -4.82268143789547E+00 -2.65028693559373E+00 -7.83116213305585E-01
           Type = (3,-3) NACP C8
           Rho =  1.2578488744E+02     Rho at Nucleus =  1.2578488742E+02
           GradRho = -7.1800218548E-11 -4.9152737436E-11 -5.9473023728E-11
           HessRho_EigVals = -7.5624451657E+05 -7.5624386154E+05 -7.5624379300E+05
           HessRho_EigVec1 =  8.0173165829E-01  5.4198366372E-01 -2.5195248829E-01
           HessRho_EigVec2 = -4.7986892084E-01  3.3240469966E-01 -8.1193160700E-01
           HessRho_EigVec3 = -3.5630347586E-01  7.7185544236E-01  5.2658048691E-01
           DelSqRho = -2.2687321711E+06
           Bond Ellipticity = NA
           V = -5.6720399514E+05
           G =  1.0476179222E+01
           K =  5.6719351896E+05
           L =  5.6718304278E+05
           Vnuc =  3.5103201419E+07
           Ven = -4.4154522391E+09
           Vrep =  4.4148850352E+09
           DelSqV =  2.6898806693E+11
           DelSqVen =  7.9639800185E+13
           DelSqVrep = -7.9370812118E+13
           DelSqG =  3.4101621802E+09
           DelSqK = -2.7239822911E+11
           Stress_EigVals = -1.8906807247E+05 -1.8906805399E+05 -1.8906786867E+05
           Stress_EigVec1 = -3.6477184182E-01  7.8076227280E-01  5.0729850856E-01
           Stress_EigVec2 = -4.7839436913E-01  3.1026653466E-01 -8.2150685028E-01
           Stress_EigVec3 =  7.9879930584E-01  5.4235131681E-01 -2.6033577963E-01
           -DivStress = -1.3552538166E+04 -6.6303528330E+03  2.0768333507E+03
           ESP =  -1.4779850425E+01     ESP at Nucleus =  -1.4779850425E+01
           ESPe = -2.6327176455E+01     ESPe at Nucleus = -2.6327176209E+01
           ESPn =  1.1547326030E+01     ESPn at Nucleus =  1.1547325784E+01

CP# 9      Coords =  3.10093431251695E+00 -5.88969215071411E-01  1.83117112913211E-01
           Type = (3,-3) NACP C9
           Rho =  1.2607983101E+02     Rho at Nucleus =  1.2607982957E+02
           GradRho =  9.4768082270E-11 -1.2396306204E-11  9.8760999379E-12
           HessRho_EigVals = -7.5786295599E+05 -7.5786010990E+05 -7.5785705065E+05
           HessRho_EigVec1 = -7.2514420204E-01 -6.2567971519E-01 -2.8756004633E-01
           HessRho_EigVec2 = -9.9925436222E-02  5.0879656548E-01 -8.5506781143E-01
           HessRho_EigVec3 = -6.8130814867E-01  5.9131290274E-01  4.3147219795E-01
           DelSqRho = -2.2735801165E+06
           Bond Ellipticity = NA
           V = -5.6841427081E+05
           G =  9.6208346824E+00
           K =  5.6840464997E+05
           L =  5.6839502914E+05
           Vnuc =  3.0783622115E+06
           Ven = -3.8811938741E+08
           Vrep =  3.8755097314E+08
           DelSqV =  2.6956002777E+11
           DelSqVen =  6.9989031608E+12
           DelSqVrep = -6.7293431331E+12
           DelSqG =  3.4167276970E+09
           DelSqK = -2.7297675547E+11
           Stress_EigVals = -1.8947250098E+05 -1.8947136280E+05 -1.8947040703E+05
           Stress_EigVec1 = -6.6256928379E-01  5.1623138874E-01  5.4268508130E-01
           Stress_EigVec2 =  1.9185248528E-01 -5.8340245907E-01  7.8919845073E-01
           Stress_EigVec3 =  7.2401282314E-01  6.2701413384E-01  2.8750427456E-01
           -DivStress = -4.7519441470E+04  1.1202690983E+05 -1.2435574325E+05
           ESP =  -1.4635563885E+01     ESP at Nucleus =  -1.4635563896E+01
           ESPe = -3.0949711524E+01     ESPe at Nucleus = -3.0949712073E+01
           ESPn =  1.6314147639E+01     ESPn at Nucleus =  1.6314148177E+01

CP# 10     Coords = -1.26983353363856E+00 -8.89083761830171E-01  2.56508643345566E+00
           Type = (3,-3) NACP H10
           Rho =  4.8283225088E-01     Rho at Nucleus =  4.8111045145E-01
           GradRho = -3.8028434568E-13  2.3782711911E-12 -3.0636014559E-12
           HessRho_EigVals = -2.4895447877E+01 -2.4894668571E+01 -2.3462646320E+01
           HessRho_EigVec1 = -6.2552316201E-01  5.7628326297E-01  5.2594522015E-01
           HessRho_EigVec2 =  7.7411768241E-01  5.4247296402E-01  3.2628959084E-01
           HessRho_EigVec3 =  9.7275832402E-02 -6.1124519149E-01  7.8544046770E-01
           DelSqRho = -7.3252762768E+01
           Bond Ellipticity = NA
           V = -1.8328558458E+01
           G =  7.6838830433E-03
           K =  1.8320874575E+01
           L =  1.8313190692E+01
           Vnuc =  9.9567758267E+01
           Ven = -4.8074524840E+01
           Vrep =  2.9745966381E+01
           DelSqV =  2.4976367638E+04
           DelSqVen =  7.2936133757E+03
           DelSqVrep =  1.7682754263E+04
           DelSqG =  9.2765154332E+02
           DelSqK = -2.5904019182E+04
           Stress_EigVals = -6.2300542979E+00 -6.2296306215E+00 -5.8688735386E+00
           Stress_EigVec1 = -5.0055342198E-01  6.5207318986E-01  5.6942675280E-01
           Stress_EigVec2 =  8.6024472098E-01  4.4841625608E-01  2.4269709785E-01
           Stress_EigVec3 =  9.7083941840E-02 -6.1132922092E-01  7.8539881073E-01
           -DivStress =  9.6588214219E+00 -6.0755293579E+01  7.8161793127E+01
           ESP =  -1.1276791148E+00     ESP at Nucleus =  -1.1278343570E+00
           ESPe = -1.6935279841E+01     ESPe at Nucleus = -1.6903055733E+01
           ESPn =  1.5807600726E+01     ESPn at Nucleus =  1.5775221376E+01

CP# 11     Coords =  1.68242182625653E+00  2.60520734229168E+00  2.09115877378744E+00
           Type = (3,-3) NACP H11
           Rho =  4.8024437862E-01     Rho at Nucleus =  4.7847861768E-01
           GradRho = -1.2058531257E-12 -2.6421850818E-12 -3.9891189310E-12
           HessRho_EigVals = -2.4740231901E+01 -2.4735743454E+01 -2.3276325314E+01
           HessRho_EigVec1 = -3.7503501124E-02 -8.2868077594E-01  5.5846365950E-01
           HessRho_EigVec2 =  9.6842455613E-01 -1.6797780927E-01 -1.8422088554E-01
           HessRho_EigVec3 =  2.4646980846E-01  5.3392099338E-01  8.0881456858E-01
           DelSqRho = -7.2752300668E+01
           Bond Ellipticity = NA
           V = -1.8202329766E+01
           G =  7.1272993533E-03
           K =  1.8195202466E+01
           L =  1.8188075167E+01
           Vnuc =  9.7846488648E+01
           Ven = -4.6990226141E+01
           Vrep =  2.8787896376E+01
           DelSqV =  2.4780504336E+04
           DelSqVen =  7.1185571615E+03
           DelSqVrep =  1.7661947175E+04
           DelSqG =  9.1992960185E+02
           DelSqK = -2.5700433938E+04
           Stress_EigVals = -6.1904540107E+00 -6.1897281463E+00 -5.8221476087E+00
           Stress_EigVec1 =  8.7358030485E-01  2.3950047675E-01 -4.2367083049E-01
           Stress_EigVec2 = -4.1973574980E-01  8.1138222302E-01 -4.0679329948E-01
           Stress_EigVec3 =  2.4633179111E-01  5.3319640828E-01  8.0933444193E-01
           -DivStress =  2.4486104201E+01  5.3645265628E+01  8.1231338167E+01
           ESP =  -1.1002317410E+00     ESP at Nucleus =  -1.1003966804E+00
           ESPe = -1.6524303867E+01     ESPe at Nucleus = -1.6487875148E+01
           ESPn =  1.5424072126E+01     ESPn at Nucleus =  1.5387478468E+01

CP# 12     Coords = -9.18259546615000E-01 -2.54015870083991E+00 -1.83892712766903E+00
           Type = (3,-3) NACP H12
           Rho =  4.8086654372E-01     Rho at Nucleus =  4.7918070120E-01
           GradRho = -2.3928879711E-12  2.2130890870E-12  9.3123338901E-13
           HessRho_EigVals = -2.4807171888E+01 -2.4805413824E+01 -2.3400065416E+01
           HessRho_EigVec1 =  6.5335855433E-01  4.5728483157E-01  6.0333504978E-01
           HessRho_EigVec2 = -2.6764270089E-01 -6.0596742689E-01  7.4911338408E-01
           HessRho_EigVec3 =  7.0815957534E-01 -6.5091785992E-01 -2.7352505461E-01
           DelSqRho = -7.3012651127E+01
           Bond Ellipticity = NA
           V = -1.8268683679E+01
           G =  7.7604486306E-03
           K =  1.8260923230E+01
           L =  1.8253162782E+01
           Vnuc =  9.9794532847E+01
           Ven = -4.7987852092E+01
           Vrep =  2.9719168413E+01
           DelSqV =  2.4908371324E+04
           DelSqVen =  7.2862634112E+03
           DelSqVrep =  1.7622107913E+04
           DelSqG =  9.2532470249E+02
           DelSqK = -2.5833696026E+04
           Stress_EigVals = -6.2079105562E+00 -6.2076652578E+00 -5.8531078650E+00
           Stress_EigVec1 =  6.1668232236E-01  3.8128237891E-01  6.8871377279E-01
           Stress_EigVec2 = -3.4416504930E-01 -6.5625090716E-01  6.7147983268E-01
           Stress_EigVec3 =  7.0799246616E-01 -6.5112095220E-01 -2.7347426474E-01
           -DivStress =  6.9405907422E+01 -6.4080409798E+01 -2.7051773892E+01
           ESP =  -1.1279860315E+00     ESP at Nucleus =  -1.1281347022E+00
           ESPe = -1.6409313698E+01     ESPe at Nucleus = -1.6383247899E+01
           ESPn =  1.5281327667E+01     ESPn at Nucleus =  1.5255113197E+01

CP# 13     Coords = -2.66459445169533E+00  4.42950013873855E-02 -2.91254978928197E+00
           Type = (3,-3) NACP H13
           Rho =  4.8002176326E-01     Rho at Nucleus =  4.7832577042E-01
           GradRho =  4.9727756635E-13 -2.1761273339E-12  2.8325089670E-12
           HessRho_EigVals = -2.4753526948E+01 -2.4752077991E+01 -2.3338560857E+01
           HessRho_EigVec1 =  5.6661263537E-01  6.9743425723E-01  4.3878876271E-01
           HessRho_EigVec2 = -8.1282005207E-01  3.8572887356E-01  4.3650521080E-01
           HessRho_EigVec3 =  1.3518019230E-01 -6.0398567280E-01  7.8544740286E-01
           DelSqRho = -7.2844165795E+01
           Bond Ellipticity = NA
           V = -1.8226523082E+01
           G =  7.7408166483E-03
           K =  1.8218782265E+01
           L =  1.8211041449E+01
           Vnuc =  9.8930083964E+01
           Ven = -4.7488593344E+01
           Vrep =  2.9262070262E+01
           DelSqV =  2.4844362846E+04
           DelSqVen =  7.2064794385E+03
           DelSqVrep =  1.7637883407E+04
           DelSqG =  9.2269240644E+02
           DelSqK = -2.5767055252E+04
           Stress_EigVals = -6.1945463956E+00 -6.1942628710E+00 -5.8377138155E+00
           Stress_EigVec1 =  6.9889004908E-01  6.2009085964E-01  3.5642674574E-01
           Stress_EigVec2 = -7.0229253088E-01  5.0061281737E-01  5.0613437757E-01
           Stress_EigVec3 =  1.3541750391E-01 -6.0404812132E-01  7.8535849569E-01
           -DivStress = -1.3454679081E+01  5.9459834696E+01 -7.7297477960E+01
           ESP =  -1.1293189534E+00     ESP at Nucleus =  -1.1294707260E+00
           ESPe = -1.5899776528E+01     ESPe at Nucleus = -1.5870007681E+01
           ESPn =  1.4770457574E+01     ESPn at Nucleus =  1.4740536955E+01

CP# 14     Coords = -2.62972700394583E+00  3.57664749943306E+00  3.20735620878598E+00
           Type = (3,-3) NACP H14
           Rho =  4.7782239559E-01     Rho at Nucleus =  4.7612466477E-01
           GradRho = -1.2502637814E-12 -2.0771205936E-12 -2.8558544418E-12
           HessRho_EigVals = -2.4634827755E+01 -2.4632981120E+01 -2.3220066062E+01
           HessRho_EigVec1 =  7.9625963185E-01 -5.9899606257E-01  8.4701332355E-02
           HessRho_EigVec2 =  5.0393428575E-01  5.7929667470E-01 -6.4067589180E-01
           HessRho_EigVec3 =  3.3469513640E-01  5.5282825516E-01  7.6312520989E-01
           DelSqRho = -7.2487874936E+01
           Bond Ellipticity = NA
           V = -1.8137267003E+01
           G =  7.6491345912E-03
           K =  1.8129617869E+01
           L =  1.8121968734E+01
           Vnuc =  9.6904464555E+01
           Ven = -4.6303123397E+01
           Vrep =  2.8165856394E+01
           DelSqV =  2.4719205075E+04
           DelSqVen =  7.0243987075E+03
           DelSqVrep =  1.7694806368E+04
           DelSqG =  9.1789041487E+02
           DelSqK = -2.5637095490E+04
           Stress_EigVals = -6.1648299633E+00 -6.1647304295E+00 -5.8077066104E+00
           Stress_EigVec1 =  1.2690484775E-01 -8.2897925422E-01  5.4469124804E-01
           Stress_EigVec2 =  9.3367485225E-01 -8.5561656491E-02 -3.4775059053E-01
           Stress_EigVec3 =  3.3488271065E-01  5.5269575628E-01  7.6313889371E-01
           -DivStress =  3.2774918984E+01  5.4394015227E+01  7.4970760466E+01
           ESP =  -1.1277715522E+00     ESP at Nucleus =  -1.1279230906E+00
           ESPe = -1.4122156139E+01     ESPe at Nucleus = -1.4093297874E+01
           ESPn =  1.2994384586E+01     ESPn at Nucleus =  1.2965374783E+01

CP# 15     Coords = -3.61689987549588E+00  3.71426386525468E+00  4.53110603781251E-02
           Type = (3,-3) NACP H15
           Rho =  4.7439969443E-01     Rho at Nucleus =  4.7264481384E-01
           GradRho =  6.5348768064E-13 -3.1643195009E-12  3.9688178959E-12
           HessRho_EigVals = -2.4430324639E+01 -2.4427086205E+01 -2.2977952940E+01
           HessRho_EigVec1 =  8.1372290560E-01 -3.7990669785E-01 -4.3991582584E-01
           HessRho_EigVec2 =  5.6635269358E-01  6.8848306268E-01  4.5302946800E-01
           HessRho_EigVec3 =  1.3076566588E-01 -6.1778796794E-01  7.7539561986E-01
           DelSqRho = -7.1835363784E+01
           Bond Ellipticity = NA
           V = -1.7974057141E+01
           G =  7.6080975185E-03
           K =  1.7966449044E+01
           L =  1.7958840946E+01
           Vnuc =  9.5727540560E+01
           Ven = -4.5413115990E+01
           Vrep =  2.7439058849E+01
           DelSqV =  2.4465610405E+04
           DelSqVen =  6.8766227003E+03
           DelSqVrep =  1.7588987704E+04
           DelSqG =  9.0798878165E+02
           DelSqK = -2.5373599186E+04
           Stress_EigVals = -6.1137718623E+00 -6.1130625108E+00 -5.7472227680E+00
           Stress_EigVec1 =  9.2385115216E-01 -2.0781384032E-01 -3.2142255121E-01
           Stress_EigVec2 =  3.5969141335E-01  7.5846386788E-01  5.4346540670E-01
           Stress_EigVec3 =  1.3084775817E-01 -6.1769407386E-01  7.7545657215E-01
           -DivStress = -1.2667776479E+01  6.1480808022E+01 -7.7127264759E+01
           ESP =  -1.1326882547E+00     ESP at Nucleus =  -1.1328521061E+00
           ESPe = -1.4705947370E+01     ESPe at Nucleus = -1.4678472529E+01
           ESPn =  1.3573259115E+01     ESPn at Nucleus =  1.3545620423E+01

CP# 16     Coords = -5.14721023443445E+00  1.68372627315497E+00  2.19718641009045E+00
           Type = (3,-3) NACP H16
