AIMSum (Version 17.01.25, Professional)
Copyright (c) 1997-2017 by Todd A. Keith
AIMSum is a component of the AIMAll package ( http://aim.tkgristmill.com )

TP:  64-bit Linux

Licensed To:  Research Group of Fernando Cortes Guzman, UNAM, fercor@unam.mx

Much of the Quantum Theory of Atoms in Molecules (QTAIM) is described in the book:
  "Atoms in Molecules - A Quantum Theory"
  R.F.W. Bader, Oxford University Press, Oxford, 1990

For additional references see:  http://aim.tkgristmill.com/references.html

Wfn File:  /home/alejandro/wd/aimqb_inps/isoleucine_pbe0_def2QZVP.wfn
Sum File:  /home/alejandro/wd/aimqb_inps/isoleucine_pbe0_def2QZVP.sum

SumViz File:  /home/alejandro/wd/aimqb_inps/isoleucine_pbe0_def2QZVP.sumviz

Wfn Title:   opt isoleucine M062X def2TZVP                                                 
 
Total memory allocated for AIMSum =       17.046 Megabytes

Atomic units (a.u.) used throughout, except where stated otherwise

Model:  Unknown
 
Restricted, natural orbital wavefunction.
  Number of electrons (from MO Occs)                   =          71.9999995000
  Number of Alpha electrons (from MO Occs)             =          35.9999997500
  Number of Beta electrons (from MO Occs)              =          35.9999997500
  Number of electron pairs (N*(N-1)/2)                 =        2555.9999642500
  Number of electron pairs (from Muller 2EDM)          =        2555.9999638806
  Number of electron pairs (from Muller 2EDM, no SOSI) =        2556.1943300284
 
Nuclear Charges and Cartesian Coordinates:
-------------------------------------------------------------------------------
Atom      Charge                X                  Y                  Z
-------------------------------------------------------------------------------
O1         8.0           3.3788678900E+00  -1.9056112700E+00   2.3410919300E+00
O2         8.0           4.2669753200E+00  -1.0787908200E+00  -1.6977878300E+00
N3         7.0           1.1239757000E+00   3.1744649400E+00  -1.7417078300E+00
C4         6.0          -1.4791841100E+00   3.6757303000E-01   9.5181501000E-01
C5         6.0           1.1542943300E+00   1.5126771900E+00   4.3392508000E-01
C6         6.0          -2.3863131600E+00  -1.2027282400E+00  -1.3023077400E+00
C7         6.0          -3.3367741500E+00   2.4595775300E+00   1.6397367100E+00
C8         6.0          -4.8226815900E+00  -2.6502870100E+00  -7.8311619000E-01
C9         6.0           3.1009337800E+00  -5.8896796000E-01   1.8311572000E-01
H10        1.0          -1.2686744500E+00  -8.9637589000E-01   2.5744682000E+00
H11        1.0           1.6853814900E+00   2.6116913800E+00   2.1009770300E+00
H12        1.0          -9.0990181000E-01  -2.5478751100E+00  -1.8421848300E+00
H13        1.0          -2.6662184900E+00   5.1471340000E-02  -2.9218797900E+00
H14        1.0          -2.6257518200E+00   3.5832454300E+00   3.2164497500E+00
H15        1.0          -3.6184510300E+00   3.7217895600E+00   3.5870680000E-02
H16        1.0          -5.1578467400E+00   1.6793137100E+00   2.2004891200E+00
H17        1.0          -4.6340846800E+00  -3.8234611300E+00   9.0422588000E-01
H18        1.0          -5.2942293100E+00  -3.8860212400E+00  -2.3622768100E+00
H19        1.0          -6.4161048100E+00  -1.3775346100E+00  -4.9440143000E-01
H20        1.0           1.1595330800E+00   2.1249674800E+00  -3.3463476500E+00
H21        1.0           2.7127469100E+00   4.2402542800E+00  -1.7832633500E+00
H22        1.0           4.6173755200E+00  -3.2145703300E+00   2.0243835800E+00
 
Some Atomic Properties:
----------------------
  q(A) = Net Charge of Atom A
  L(A) = Lagrangian of Atom A = -(1/4) Times Atomic Integral of the Laplacian of the Electron Density
  K(A) = Electronic Kinetic Energy of Atom A (Hamiltonian Form)
  K_Scaled(A) = K(A) * E(Mol)/K(Mol) = Approximation to Virial-Based Total Energy of Atom A.
  |Mu_Intra(A)| = Magnitude of Intraatomic Dipole Moment of Atom A
--------------------------------------------------------------------------------------------------
Atom A          q(A)              L(A)              K(A)          K_Scaled(A)      |Mu_Intra(A)|
--------------------------------------------------------------------------------------------------
O1       -1.2225858339E+00  6.5467505745E-05  7.5616961205E+01 -7.5953471050E+01  3.4511551899E-01
O2       -1.2649375092E+00  3.8738967716E-05  7.5704589250E+01 -7.6041489056E+01  5.7993598600E-01
N3       -1.0767486233E+00  1.7037618997E-04  5.4906084777E+01 -5.5150427287E+01  2.2867001247E-01
C4        7.9661482400E-02 -8.7339178735E-04  3.7795665794E+01 -3.7963863688E+01  5.6216526850E-02
C5        4.1071563180E-01  3.8822570819E-04  3.7633085948E+01 -3.7800560331E+01  4.1903837762E-01
C6        6.9512040900E-02 -1.0458121937E-05  3.7792043770E+01 -3.7960225545E+01  1.0977785007E-02
C7        5.8836992100E-02 -2.7629664171E-04  3.7795041266E+01 -3.7963236381E+01  4.2203113244E-02
C8        6.6266227600E-02 -5.4093025238E-05  3.7778417944E+01 -3.7946539082E+01  1.9458402098E-02
C9        1.6663747052E+00  1.6473314356E-04  3.6819787079E+01 -3.6983642127E+01  9.0241483346E-01
H10      -1.6072634400E-02  2.6054299553E-06  6.4145614106E-01 -6.4431074277E-01  1.2615377627E-01
H11       1.1546898900E-02  4.2414152842E-05  6.2932406835E-01 -6.3212468003E-01  1.2741579514E-01
H12      -3.0429441300E-02  3.8007132910E-05  6.4158364041E-01 -6.4443880952E-01  1.2470262247E-01
H13      -2.3880838000E-02  4.2790068638E-05  6.3802106057E-01 -6.4086037552E-01  1.3085201504E-01
H14      -2.6789663800E-02  2.3930489569E-05  6.3227229045E-01 -6.3508602228E-01  1.3541889634E-01
H15       3.6538865900E-03  2.4389992194E-05  6.2029698261E-01 -6.2305742204E-01  1.3391368631E-01
H16      -2.3130326900E-02  3.3989045540E-05  6.3326617377E-01 -6.3608432857E-01  1.2920303144E-01
H17      -2.5536178400E-02  2.3184780474E-05  6.3146802850E-01 -6.3427818120E-01  1.3582615161E-01
H18      -1.9355535000E-02  1.9059262504E-05  6.3031696185E-01 -6.3312199209E-01  1.3339603336E-01
H19      -2.2105102100E-02  8.4479884290E-05  6.3328887056E-01 -6.3610712636E-01  1.2999791165E-01
H20       3.8292622507E-01  4.1528137686E-05  4.7134297723E-01 -4.7344054304E-01  1.8095169622E-01
H21       3.7069484108E-01  2.9834917814E-05  4.7773589480E-01 -4.7986191030E-01  1.8760644679E-01
H22       6.3145230105E-01  2.3908505982E-05  3.3258629247E-01 -3.3406636466E-01  1.5102720957E-01
--------------------------------------------------------------------------------------------------
Total     6.9546389999E-05  4.3423739344E-05  4.3945463642E+02 -4.4141029305E+02
 
Molecular charge q(Mol) from the wfn file:   4.9999998895E-07
Molecular energy E(Mol) from the wfn file:  -4.4141036106E+02
Molecular virial ratio (-V(Mol)/T(Mol)) from the wfn file:   2.0044501900E+00
Note.  K_Scaled(A) = (1+V(Mol)/T(Mol))*K(A) = (E(Mol)/T(Mol))*K(A)
       Only use K_Scaled(A) data with caution.
 
N_AIMInt(SumA)     =         71.999930
N_Analytic(Mol)    =         71.999992
 
G_AIMInt(SumA)     =        439.454593
G_Analytic(Mol)    =        439.454711
 
K_AIMInt(SumA)     =        439.454636
K_Analytic(Mol)    =        439.454711
 
L_AIMInt(SumA)     =          0.000043
L_Analytic(Mol)    =          0.000000
 
VenT_AIMInt(SumA)  =      -2018.973415
VenT_Analytic(Mol) =      -2018.975940
 
Some Information About the Atomic Calculations:
----------------------------------------------
  Time(sec) = "Elapsed User Time", in Seconds, for Atom A by AIMInt and, if used, by TWOe
  NProc = Number of Processors Used for AIMInt Job
  BIM = Basin Integration Method
  OAQ = Angular Quadrature Outside of Beta Sphere
  ORQ = Multiple of Default for Radial Quadrature Outside of Beta Sphere
  IAQ = Multiple of Default for Angular Quadrature Inside of Beta Sphere
  IRQ = Multiple of Default for Radial Quadrature Inside of Beta Sphere
  MIR = Maximum Integration Radius
------------------------------------------------------------------------------------------------------
Atom A     Time(sec)   NProc      BIM              OAQ                 ORQ      IAQ      IRQ      MIR
------------------------------------------------------------------------------------------------------
O1            350       16     Proaim(5)    4334      (Very High)      1.00     1.00     1.00    13.00
O2            204       16     Proaim(5)    3074      (Very High)      1.00     1.00     1.00    13.00
N3            324       16     Proaim(5)    4334      (Very High)      1.00     1.00     1.00    13.00
C4            813       16     Proaim(5)    4334      (Very High)      1.00     1.00     1.00    13.00
C5            641       16     Proaim(5)    4334      (Very High)      1.00     1.00     1.00    13.00
C6            551       16     Proaim(5)    4334      (Very High)      1.00     1.00     1.00    13.00
C7            399       16     Proaim(5)    4334      (Very High)      1.00     1.00     1.00    13.00
C8            325       16     Proaim(5)    4334      (Very High)      1.00     1.00     1.00    13.00
C9            378       16     Proaim(5)    4334      (Very High)      1.00     1.00     1.00    13.00
H10           149       16     Proaim(5)    2030      (Very High)      1.00     1.00     1.00    13.00
H11           111       16     Proaim(5)    2030      (Very High)      1.00     1.00     1.00    13.00
H12           127       16     Proaim(5)    2030      (Very High)      1.00     1.00     1.00    13.00
H13           130       16     Proaim(5)    2030      (Very High)      1.00     1.00     1.00    13.00
H14           116       16     Proaim(5)    2030      (Very High)      1.00     1.00     1.00    13.00
H15           130       16     Proaim(5)    2030      (Very High)      1.00     1.00     1.00    13.00
H16           166       16     Proaim(5)    2030      (Very High)      1.00     1.00     1.00    13.00
H17           115       16     Proaim(5)    2030      (Very High)      1.00     1.00     1.00    13.00
H18           103       16     Proaim(5)    2030      (Very High)      1.00     1.00     1.00    13.00
H19           168       16     Proaim(5)    2030      (Very High)      1.00     1.00     1.00    13.00
H20            87       16     Proaim(5)    2030      (Very High)      1.00     1.00     1.00    13.00
H21            93       16     Proaim(5)    2030      (Very High)      1.00     1.00     1.00    13.00
H22            75       16     Proaim(5)    2030      (Very High)      1.00     1.00     1.00    13.00
------------------------------------------------------------------------------------------------------
Total        5555
Note:  Total wall clock time is less than total of atomic times if more than one atom
       was calculated at a time
 
Electron Density Critical Point Analysis of Molecular Structure:               
---------------------------------------------------------------                
  NACP = Nuclear Attractor Critical Point                                      
  NNACP = Non-Nuclear Attractor Critical Point                                 
  BCP = Bond Critical Point                                                    
  RCP = Ring Critical Point                                                    
  CCP = Cage Critical Point                                                    
  Rho = Electron Density                                                       
  GradRho = Gradient of Electron Density                                       
  HessRho_EigVals = Eigenvalues of the Hessian of Rho, Ascending Order         
  HessRho_EigVecs = Eigenvectors of the Hessian of Rho                         
  DelSqRho = Laplacian of Rho = Trace of Hessian of Rho                        
  Bond Ellipticity = (HessRho_EigVal(1) / HessRho_EigVal(2)) - 1               
  V = Virial Field = Potential Energy Density = Trace of Stress Tensor         
  G = Lagrangian Form of Kinetic Energy Density                                
  K = Hamiltonian Form of Kinetic Energy Density                               
  L = K - G = Lagrangian Density = (-1/4)DelSqRho                              
  Vnuc = Electrostatic Potential from Nuclei                                   
  Ven = Electron-nuclear attractive contribution to Virial Field V             
  Vrep = V - Ven = Repulsive contribution to Virial Field V                    
  DelSqV = Laplacian of V                                                      
  DelSqVen = Laplacian of Ven                                                  
  DelSqVrep = Laplacian of Vrep                                                
  DelSqG = Laplacian of G                                                      
  DelSqK = Laplacian of K                                                      
  Stress_EigVals = Eigenvalues of Stress Tensor, Ascending Order               
  Stress_EigVecs = Eigenvectors of Stress Tensor                               
  -DivStress = Ehrenfest Force Density = Minus Divergence of Stress Tensor     
  ESP = Total Electrostatic Potential                                          
  ESPe = Electrostatic Potential from Electrons                                
  ESPn = Electrostatic Potential from Nuclei                                   
  BP = Bond Path                                                               
  BPL = Bond Path Length                                                       
  GBL = Geometric Bond Length                                                  
  GBL_I = Distance Between Nuclear Attractors                                  
  GBL_II = Distance Between Nuclei                                             
  GBL_III = Sum of Distances Between BCP and Nuclear Attractors                
  GBL_IV = Sum of Distances Between BCP and Nuclei                             

CP# 1      Coords =  3.37886933784899E+00 -1.90561180080497E+00  2.34108936258344E+00
           Type = (3,-3) NACP O1
           Rho =  3.0670152774E+02     Rho at Nucleus =  3.0670151338E+02
           GradRho =  2.5108683417E-10  8.0515158241E-12 -6.1884142379E-10
           HessRho_EigVals = -3.2029047007E+06 -3.2028721244E+06 -3.2028657150E+06
           HessRho_EigVec1 = -4.8623588800E-01  7.6320878355E-01 -4.2554319866E-01
           HessRho_EigVec2 = -4.6930881195E-01  1.8270615200E-01  8.6392574973E-01
           HessRho_EigVec3 =  7.3710508087E-01  6.1978287708E-01  2.6934231942E-01
           DelSqRho = -9.6086425401E+06
           Bond Ellipticity = NA
           V = -2.4023392610E+06
           G =  8.9312999174E+01
           K =  2.4022499480E+06
           L =  2.4021606350E+06
           Vnuc =  2.6711867750E+06
           Ven = -8.1925706479E+08
           Vrep =  8.1685472553E+08
           DelSqV =  1.9790295617E+12
           DelSqVen =  2.5666478899E+13
           DelSqVrep = -2.3687449338E+13
           DelSqG =  2.5087705516E+10
           DelSqK = -2.0041172672E+12
           Stress_EigVals = -8.0078418528E+05 -8.0078023582E+05 -8.0077483992E+05
           Stress_EigVec1 =  7.3272337549E-01  6.2153552124E-01  2.7714626254E-01
           Stress_EigVec2 = -4.7740450996E-01  1.7923638221E-01  8.6020884276E-01
           Stress_EigVec3 = -4.8497565802E-01  7.6260600255E-01 -4.2805454792E-01
           -DivStress = -9.4878515974E+05  3.4783662016E+05  1.6824564402E+06
           ESP =  -2.2295901255E+01     ESP at Nucleus =  -2.2295901325E+01
           ESPe = -3.4462293504E+01     ESPe at Nucleus = -3.4462290546E+01
           ESPn =  1.2166392248E+01     ESPn at Nucleus =  1.2166389220E+01

CP# 2      Coords =  4.26697380453667E+00 -1.07879025217884E+00 -1.69778527495612E+00
           Type = (3,-3) NACP O2
           Rho =  3.0696596261E+02     Rho at Nucleus =  3.0696594795E+02
           GradRho = -9.3602549572E-10  2.2829296492E-10  2.0737973306E-10
           HessRho_EigVals = -3.2056539468E+06 -3.2056434397E+06 -3.2056179346E+06
           HessRho_EigVec1 =  7.1920299286E-01  6.2609341766E-01  3.0125419072E-01
           HessRho_EigVec2 = -5.3008243883E-01  2.1413605653E-01  8.2046228271E-01
           HessRho_EigVec3 = -4.4917665022E-01  7.4976848538E-01 -4.8588841850E-01
           DelSqRho = -9.6169153211E+06
           Bond Ellipticity = NA
           V = -2.4044060163E+06
           G =  8.8593021320E+01
           K =  2.4043174233E+06
           L =  2.4042288303E+06
           Vnuc =  2.6451210042E+06
           Ven = -8.1196211529E+08
           Vrep =  8.0955770927E+08
           DelSqV =  1.9807301083E+12
           DelSqVen =  2.5437904683E+13
           DelSqVrep = -2.3457174575E+13
           DelSqG =  2.5109261763E+10
           DelSqK = -2.0058393701E+12
           Stress_EigVals = -8.0147452922E+05 -8.0146597637E+05 -8.0146551073E+05
           Stress_EigVec1 = -4.5538243234E-01  7.5226703550E-01 -4.7615244156E-01
           Stress_EigVec2 = -5.5991458810E-01  1.7382318500E-01  8.1011181598E-01
           Stress_EigVec3 =  6.9218674817E-01  6.3551538742E-01  3.4204926254E-01
           -DivStress =  9.9396306531E+05 -3.7242717259E+05 -1.6757934721E+06
           ESP =  -2.2358781793E+01     ESP at Nucleus =  -2.2358781863E+01
           ESPe = -3.4536495720E+01     ESPe at Nucleus = -3.4536488660E+01
           ESPn =  1.2177713928E+01     ESPn at Nucleus =  1.2177706797E+01

CP# 3      Coords =  1.12397816475126E+00  3.17446303295280E+00 -1.74170769603396E+00
           Type = (3,-3) NACP N3
           Rho =  2.0187294834E+02     Rho at Nucleus =  2.0187294042E+02
           GradRho =  1.7908650956E-10  1.3006802289E-10 -8.6604789501E-11
           HessRho_EigVals = -1.6289131830E+06 -1.6289105078E+06 -1.6288926029E+06
           HessRho_EigVec1 = -2.8698327669E-01 -5.0024806590E-01  8.1694092287E-01
           HessRho_EigVec2 =  5.0149730776E-01  6.4815146056E-01  5.7306206861E-01
           HessRho_EigVec3 =  8.1617464381E-01 -5.7415290362E-01 -6.4864428314E-02
           DelSqRho = -4.8867162937E+06
           Bond Ellipticity = NA
           V = -1.2217456401E+06
           G =  3.3283318171E+01
           K =  1.2217123568E+06
           L =  1.2216790734E+06
           Vnuc =  2.2441359841E+06
           Ven = -4.5303034758E+08
           Vrep =  4.5180860194E+08
           DelSqV =  7.8407721684E+11
           DelSqVen =  1.0966455894E+13
           DelSqVrep = -1.0182378677E+13
           DelSqG =  9.8582502622E+09
           DelSqK = -7.9393546710E+11
           Stress_EigVals = -4.0725087514E+05 -4.0724775136E+05 -4.0724701357E+05
           Stress_EigVec1 =  8.2150140969E-01 -5.6057106974E-01 -1.0438155795E-01
           Stress_EigVec2 =  5.1549928027E-01  6.5189269206E-01  5.5614423496E-01
           Stress_EigVec3 = -2.4371279391E-01 -5.1068189101E-01  8.2450474849E-01
           -DivStress = -6.3993802811E+05  4.9514278936E+05 -3.4785165566E+04
           ESP =  -1.8393597561E+01     ESP at Nucleus =  -1.8393597613E+01
           ESPe = -3.1422477134E+01     ESPe at Nucleus = -3.1422474123E+01
           ESPn =  1.3028879574E+01     ESPn at Nucleus =  1.3028876510E+01

CP# 4      Coords = -1.47918387059897E+00  3.67573294853555E-01  9.51814787501543E-01
           Type = (3,-3) NACP C4
           Rho =  1.2442877751E+02     Rho at Nucleus =  1.2442877744E+02
           GradRho =  1.4379370094E-09  1.5223298237E-09 -1.2628167382E-09
           HessRho_EigVals = -7.3997401160E+05 -7.3997334366E+05 -7.3997270740E+05
           HessRho_EigVec1 =  9.6321235750E-01  2.3437810135E-01 -1.3148710952E-01
           HessRho_EigVec2 = -8.7472162452E-02  7.3605324679E-01  6.7124826904E-01
           HessRho_EigVec3 =  2.5410740870E-01 -6.3505316588E-01  7.2947714244E-01
           DelSqRho = -2.2199200627E+06
           Bond Ellipticity = NA
           V = -5.5500008517E+05
           G =  1.0034751925E+01
           K =  5.5499005042E+05
           L =  5.5498001567E+05
           Vnuc =  1.4262873655E+07
           Ven = -1.7747119326E+09
           Vrep =  1.7741569325E+09
           DelSqV =  2.6314237774E+11
           DelSqVen =  3.1662430224E+13
           DelSqVrep = -3.1399287847E+13
           DelSqG =  3.3005709107E+09
           DelSqK = -2.6644294865E+11
           Stress_EigVals = -1.8500020970E+05 -1.8500003543E+05 -1.8499984004E+05
           Stress_EigVec1 =  2.6815450773E-01 -6.3217244690E-01  7.2694646114E-01
           Stress_EigVec2 = -1.0496571576E-01  7.3091758124E-01  6.7434537735E-01
           Stress_EigVec3 =  9.5764051632E-01  2.5713320831E-01 -1.2964241081E-01
           -DivStress = -2.0861087722E+04 -2.3078349434E+04  1.9389005918E+04
           ESP =  -1.4750925948E+01     ESP at Nucleus =  -1.4750925949E+01
           ESPe = -3.0610186858E+01     ESPe at Nucleus = -3.0610186517E+01
           ESPn =  1.5859260910E+01     ESPn at Nucleus =  1.5859260568E+01

CP# 5      Coords =  1.15429469241154E+00  1.51267731877977E+00  4.33924237013102E-01
           Type = (3,-3) NACP C5
           Rho =  1.2443558764E+02     Rho at Nucleus =  1.2443558733E+02
           GradRho =  4.8031835721E-11 -6.9289995933E-11  1.8552974916E-11
           HessRho_EigVals = -7.4001142978E+05 -7.4000990451E+05 -7.4000912321E+05
           HessRho_EigVec1 = -2.7681093620E-01  7.4970965439E-01 -6.0109162340E-01
           HessRho_EigVec2 = -8.1740097458E-01  1.4516366544E-01  5.5747928840E-01
           HessRho_EigVec3 =  5.0520426795E-01  6.4564924251E-01  5.7263051201E-01
           DelSqRho = -2.2200304575E+06
           Bond Ellipticity = NA
           V = -5.5502754392E+05
           G =  9.9647718467E+00
           K =  5.5501757915E+05
           L =  5.5500761437E+05
           Vnuc =  6.4754315621E+06
           Ven = -8.0577413167E+08
           Vrep =  8.0521910413E+08
           DelSqV =  2.6315536535E+11
           DelSqVen =  1.4375655571E+13
           DelSqVrep = -1.4112500206E+13
           DelSqG =  3.3007175546E+09
           DelSqK = -2.6645608290E+11
           Stress_EigVals = -1.8500946682E+05 -1.8500922051E+05 -1.8500885658E+05
           Stress_EigVec1 =  5.1686792557E-01  6.3886113103E-01  5.6982804667E-01
           Stress_EigVec2 = -8.0752443790E-01  1.4289849000E-01  5.7226244308E-01
           Stress_EigVec3 = -2.8416866421E-01  7.5593417492E-01 -5.8975562182E-01
           -DivStress = -3.1579301470E+04 -1.1222211914E+04  7.3461581484E+04
           ESP =  -1.4714174955E+01     ESP at Nucleus =  -1.4714174957E+01
           ESPe = -3.0970930798E+01     ESPe at Nucleus = -3.0970930491E+01
           ESPn =  1.6256755844E+01     ESPn at Nucleus =  1.6256755534E+01

CP# 6      Coords = -2.38631330632039E+00 -1.20272831234748E+00 -1.30230754764608E+00
           Type = (3,-3) NACP C6
           Rho =  1.2441737282E+02     Rho at Nucleus =  1.2441737279E+02
           GradRho = -4.5170035160E-10 -1.7020181499E-10  4.1793631260E-10
           HessRho_EigVals = -7.3989522760E+05 -7.3989479865E+05 -7.3989427927E+05
           HessRho_EigVec1 =  7.1602269039E-01  6.1232570791E-01  3.3521446012E-01
           HessRho_EigVec2 = -4.9032358057E-01  9.9349451772E-02  8.6585938395E-01
           HessRho_EigVec3 = -4.9688458739E-01  7.8433851994E-01 -3.7137419532E-01
           DelSqRho = -2.2196843055E+06
           Bond Ellipticity = NA
           V = -5.5494146885E+05
           G =  1.0196234672E+01
           K =  5.5493127261E+05
           L =  5.5492107638E+05
           Vnuc =  2.3783365291E+07
           Ven = -2.9590638263E+09
           Vrep =  2.9585088848E+09
           DelSqV =  2.6311445401E+11
           DelSqVen =  5.2791590519E+13
           DelSqVrep = -5.2528476065E+13
           DelSqG =  3.3001738047E+09
           DelSqK = -2.6641462781E+11
           Stress_EigVals = -1.8498062377E+05 -1.8498047937E+05 -1.8498036571E+05
           Stress_EigVec1 = -4.9660067630E-01  7.8769718529E-01 -3.6458320393E-01
           Stress_EigVec2 = -4.9996005987E-01  8.3770344289E-02  8.6198751032E-01
           Stress_EigVec3 =  7.0952639615E-01  6.1034062105E-01  3.5221672229E-01
           -DivStress =  1.2748032514E+04  6.3021557061E+03 -1.6761353941E+04
           ESP =  -1.4765056481E+01     ESP at Nucleus =  -1.4765056481E+01
           ESPe = -2.9163675938E+01     ESPe at Nucleus = -2.9163675863E+01
           ESPn =  1.4398619457E+01     ESPn at Nucleus =  1.4398619382E+01

CP# 7      Coords = -3.33677402627387E+00  2.45957731593799E+00  1.63973679457042E+00
           Type = (3,-3) NACP C7
           Rho =  1.2442979651E+02     Rho at Nucleus =  1.2442979648E+02
           GradRho =  2.3945976938E-10 -4.7476829821E-10  1.0825725325E-10
           HessRho_EigVals = -7.3995918427E+05 -7.3995839193E+05 -7.3995816527E+05
           HessRho_EigVec1 = -5.9007039897E-01  7.3692538609E-01  3.2978462609E-01
           HessRho_EigVec2 =  7.9029852087E-01  4.4370909303E-01  4.2255235022E-01
           HessRho_EigVec3 = -1.6506111649E-01 -5.0996393608E-01  8.4421064416E-01
           DelSqRho = -2.2198757415E+06
           Bond Ellipticity = NA
           V = -5.5498964610E+05
           G =  1.0355365150E+01
           K =  5.5497929073E+05
           L =  5.5496893537E+05
           Vnuc =  2.2961256571E+07
           Ven = -2.8570644826E+09
           Vrep =  2.8565094930E+09
           DelSqV =  2.6313709900E+11
           DelSqVen =  5.0971149337E+13
           DelSqVrep = -5.0708020626E+13
           DelSqG =  3.3004150262E+09
           DelSqK = -2.6643751403E+11
           Stress_EigVals = -1.8499666288E+05 -1.8499659864E+05 -1.8499638458E+05
           Stress_EigVec1 = -1.8402680794E-01 -5.0352321842E-01  8.4415549662E-01
           Stress_EigVec2 =  7.8658065510E-01  4.3956905875E-01  4.3367028444E-01
           Stress_EigVec3 = -5.8942769444E-01  7.4380334168E-01  3.1516913225E-01
           -DivStress = -1.0782685055E+04  1.8653875935E+04 -7.3679109792E+03
           ESP =  -1.4780765179E+01     ESP at Nucleus =  -1.4780765179E+01
           ESPe = -2.7458878736E+01     ESPe at Nucleus = -2.7458878435E+01
           ESPn =  1.2678113557E+01     ESPn at Nucleus =  1.2678113257E+01

CP# 8      Coords = -4.82268140726728E+00 -2.65028691701101E+00 -7.83116220781029E-01
           Type = (3,-3) NACP C8
           Rho =  1.2441936076E+02     Rho at Nucleus =  1.2441936074E+02
           GradRho =  1.1787223898E-10 -7.2291973634E-12 -3.8449141036E-11
           HessRho_EigVals = -7.3989817163E+05 -7.3989741978E+05 -7.3989734911E+05
           HessRho_EigVec1 =  8.0751504053E-01  5.4218953885E-01 -2.3227131393E-01
           HessRho_EigVec2 = -4.4224962716E-01  2.9596733093E-01 -8.4665140778E-01
           HessRho_EigVec3 = -3.9030081552E-01  7.8640564785E-01  4.7878119264E-01
           DelSqRho = -2.2196929405E+06
           Bond Ellipticity = NA
           V = -5.5494390532E+05
           G =  1.0335093316E+01
           K =  5.5493357022E+05
           L =  5.5492323513E+05
           Vnuc =  2.8939402423E+07
           Ven = -3.6006219501E+09
           Vrep =  3.6000670062E+09
           DelSqV =  2.6311546258E+11
           DelSqVen =  6.4236520735E+13
           DelSqVrep = -6.3973422049E+13
           DelSqG =  3.3001480438E+09
           DelSqK = -2.6641561062E+11
           Stress_EigVals = -1.8498138216E+05 -1.8498136405E+05 -1.8498115911E+05
           Stress_EigVec1 = -3.9460981835E-01  7.9276104158E-01  4.6455680193E-01
           Stress_EigVec2 = -4.4414234825E-01  2.7803078894E-01 -8.5172557488E-01
           Stress_EigVec3 =  8.0437594802E-01  5.4242862329E-01 -2.4238507149E-01
           -DivStress = -1.5922348823E+04 -8.1028718504E+03  2.6816119736E+03
           ESP =  -1.4775308958E+01     ESP at Nucleus =  -1.4775308958E+01
           ESPe = -2.6322635040E+01     ESPe at Nucleus = -2.6322634742E+01
           ESPn =  1.1547326082E+01     ESPn at Nucleus =  1.1547325784E+01

CP# 9      Coords =  3.10093427747097E+00 -5.88969163241354E-01  1.83117094448702E-01
           Type = (3,-3) NACP C9
           Rho =  1.2471906543E+02     Rho at Nucleus =  1.2471906410E+02
           GradRho = -1.5190141430E-10  1.8390125023E-11  1.5495601437E-12
           HessRho_EigVals = -7.4165781162E+05 -7.4165493129E+05 -7.4165184726E+05
           HessRho_EigVec1 = -7.2532258748E-01 -6.2553911713E-01 -2.8741599996E-01
           HessRho_EigVec2 = -1.1001974149E-01  5.1747379547E-01 -8.4859679913E-01
           HessRho_EigVec3 = -6.7956074090E-01  5.8388499206E-01  4.4415708424E-01
           DelSqRho = -2.2249645902E+06
           Bond Ellipticity = NA
           V = -5.5626013736E+05
           G =  9.4949121419E+00
           K =  5.5625064245E+05
           L =  5.5624114754E+05
           Vnuc =  3.1691783764E+06
           Ven = -3.9525696529E+08
           Vrep =  3.9470070516E+08
           DelSqV =  2.6373875399E+11
           DelSqVen =  7.0513096131E+12
           DelSqVrep = -6.7875708591E+12
           DelSqG =  3.3078643181E+09
           DelSqK = -2.6704661831E+11
           Stress_EigVals = -1.8542110346E+05 -1.8541999567E+05 -1.8541903823E+05
           Stress_EigVec1 = -6.6036140495E-01  5.0984890559E-01  5.5134100910E-01
           Stress_EigVec2 =  1.9928532118E-01 -5.8888707149E-01  7.8326073423E-01
           Stress_EigVec3 =  7.2402222039E-01  6.2710932898E-01  2.8727289099E-01
           -DivStress = -4.3437767391E+04  1.0507835422E+05 -1.2004358721E+05
           ESP =  -1.4633263915E+01     ESP at Nucleus =  -1.4633263927E+01
           ESPe = -3.0947411572E+01     ESPe at Nucleus = -3.0947412104E+01
           ESPn =  1.6314147657E+01     ESPn at Nucleus =  1.6314148177E+01

CP# 10     Coords = -1.26984720855800E+00 -8.89023035460805E-01  2.56501164177961E+00
           Type = (3,-3) NACP H10
           Rho =  4.6372871174E-01     Rho at Nucleus =  4.6211732314E-01
           GradRho = -4.1221700508E-13  2.5755212323E-12 -3.3111951552E-12
           HessRho_EigVals = -2.2900320041E+01 -2.2899089464E+01 -2.1593901455E+01
           HessRho_EigVec1 = -1.8583375378E-01  7.6423192171E-01  6.1758836274E-01
           HessRho_EigVec2 =  9.7772127973E-01  2.0625933764E-01  3.8963890903E-02
           HessRho_EigVec3 =  9.7605917408E-02 -6.1107009048E-01  7.8553575947E-01
           DelSqRho = -6.7393310960E+01
           Bond Ellipticity = NA
           V = -1.6866819528E+01
           G =  9.2458939459E-03
           K =  1.6857573634E+01
           L =  1.6848327740E+01
           Vnuc =  9.8891647697E+01
           Ven = -4.5858896388E+01
           Vrep =  2.8992076861E+01
           DelSqV =  2.2913392633E+04
           DelSqVen =  6.6646355646E+03
           DelSqVrep =  1.6248757069E+04
           DelSqG =  8.1804653306E+02
           DelSqK = -2.3731439166E+04
           Stress_EigVals = -5.7322105979E+00 -5.7316648714E+00 -5.4029440585E+00
           Stress_EigVec1 = -2.7124372743E-01  7.4304379134E-01  6.1181105293E-01
           Stress_EigVec2 =  9.5756509756E-01  2.7267404732E-01  9.3369951587E-02
           Stress_EigVec3 =  9.7447033175E-02 -6.1117492428E-01  7.8547392551E-01
           -DivStress =  8.9848395246E+00 -5.6323178412E+01  7.2433981164E+01
           ESP =  -1.1259138589E+00     ESP at Nucleus =  -1.1260751245E+00
           ESPe = -1.6933775797E+01     ESPe at Nucleus = -1.6901296501E+01
           ESPn =  1.5807861938E+01     ESPn at Nucleus =  1.5775221376E+01

CP# 11     Coords =  1.68237689207086E+00  2.60514349772129E+00  2.09103090610024E+00
           Type = (3,-3) NACP H11
           Rho =  4.6138232535E-01     Rho at Nucleus =  4.5971450859E-01
           GradRho = -1.3916283721E-12 -3.0229812998E-12 -4.5987250745E-12
           HessRho_EigVals = -2.2786528790E+01 -2.2780216085E+01 -2.1439787261E+01
           HessRho_EigVec1 =  3.3643036069E-02 -8.3926314491E-01  5.4268362765E-01
           HessRho_EigVec2 =  9.6819179788E-01 -1.0733563038E-01 -2.2601704573E-01
           HessRho_EigVec3 =  2.4793706588E-01  5.3302573676E-01  8.0895659668E-01
           DelSqRho = -6.7006532135E+01
           Bond Ellipticity = NA
           V = -1.6768915701E+01
           G =  8.6413337079E-03
           K =  1.6760274368E+01
           L =  1.6751633034E+01
           Vnuc =  9.6849818200E+01
           Ven = -4.4684794331E+01
           Vrep =  2.7915878630E+01
           DelSqV =  2.2754235547E+04
           DelSqVen =  6.4895704556E+03
           DelSqVrep =  1.6264665091E+04
           DelSqG =  8.1278090441E+02
           DelSqK = -2.3567016451E+04
           Stress_EigVals = -5.7025305912E+00 -5.7021519236E+00 -5.3642331864E+00
           Stress_EigVec1 =  8.4650076379E-01  2.8751866648E-01 -4.4807306695E-01
           Stress_EigVec2 = -4.7120182032E-01  7.9635581346E-01 -3.7919159129E-01
           Stress_EigVec3 =  2.4780093105E-01  5.3211881643E-01  8.0959512336E-01
           -DivStress =  2.2876705721E+01  4.9859038645E+01  7.5734532073E+01
           ESP =  -1.0984315020E+00     ESP at Nucleus =  -1.0985996223E+00
           ESPe = -1.6522948947E+01     ESPe at Nucleus = -1.6486078090E+01
           ESPn =  1.5424517445E+01     ESPn at Nucleus =  1.5387478468E+01

CP# 12     Coords = -9.18299790678424E-01 -2.54010969212421E+00 -1.83891528569120E+00
           Type = (3,-3) NACP H12
           Rho =  4.6177888023E-01     Rho at Nucleus =  4.6020977211E-01
           GradRho = -2.4900432232E-12  2.2987933582E-12  9.6994082736E-13
           HessRho_EigVals = -2.2815443325E+01 -2.2815090539E+01 -2.1540013604E+01
           HessRho_EigVec1 =  7.7849190856E-02 -3.1190874300E-01  9.4691733510E-01
           HessRho_EigVec2 =  7.0150381131E-01  6.9202496038E-01  1.7027582604E-01
           HessRho_EigVec3 =  7.0840095017E-01 -6.5101028429E-01 -2.7267875522E-01
           DelSqRho = -6.7170547468E+01
           Bond Ellipticity = NA
           V = -1.6811369614E+01
           G =  9.3663733234E-03
           K =  1.6802003240E+01
           L =  1.6792636867E+01
           Vnuc =  9.9342482135E+01
           Ven = -4.5874260160E+01
           Vrep =  2.9062890546E+01
           DelSqV =  2.2854496054E+04
           DelSqVen =  6.6728889118E+03
           DelSqVrep =  1.6181607142E+04
           DelSqG =  8.1606491160E+02
           DelSqK = -2.3670560965E+04
           Stress_EigVals = -5.7111952932E+00 -5.7108671906E+00 -5.3893071298E+00
           Stress_EigVec1 = -9.4881302569E-02 -4.7048569556E-01  8.7729171243E-01
           Stress_EigVec2 =  6.9959340196E-01  5.9544036095E-01  3.9499347905E-01
           Stress_EigVec3 =  7.0821367564E-01 -6.5122498941E-01 -2.7265253128E-01
           -DivStress =  6.4124354592E+01 -5.9292254766E+01 -2.4963113830E+01
           ESP =  -1.1264444544E+00     ESP at Nucleus =  -1.1265978805E+00
           ESPe = -1.6407917841E+01     ESPe at Nucleus = -1.6381711077E+01
           ESPn =  1.5281473386E+01     ESPn at Nucleus =  1.5255113197E+01

CP# 13     Coords = -2.66458115188862E+00  4.42443570476512E-02 -2.91249896708042E+00
           Type = (3,-3) NACP H13
           Rho =  4.6112924574E-01     Rho at Nucleus =  4.5954756345E-01
           GradRho =  5.2319509990E-13 -2.2899222424E-12  2.9751670861E-12
           HessRho_EigVals = -2.2779815475E+01 -2.2779178500E+01 -2.1494785746E+01
           HessRho_EigVec1 = -9.2563079775E-04  7.9276158494E-01  6.0953114166E-01
           HessRho_EigVec2 =  9.9085906515E-01  8.2951667828E-02 -1.0638295825E-01
           HessRho_EigVec3 =  1.3489794738E-01 -6.0386098586E-01  7.8559178556E-01
           DelSqRho = -6.7053779722E+01
           Bond Ellipticity = NA
           V = -1.6782108564E+01
           G =  9.3318170532E-03
           K =  1.6772776747E+01
           L =  1.6763444930E+01
           Vnuc =  9.8421164352E+01
           Ven = -4.5384877282E+01
           Vrep =  2.8602768718E+01
           DelSqV =  2.2808182163E+04
           DelSqVen =  6.5995110744E+03
           DelSqVrep =  1.6208671089E+04
           DelSqG =  8.1438138525E+02
           DelSqK = -2.3622563549E+04
           Stress_EigVals = -5.7021290232E+00 -5.7019980481E+00 -5.3779814932E+00
           Stress_EigVec1 = -6.1540743390E-01  5.7012452827E-01  5.4427172677E-01
           Stress_EigVec2 =  7.7654385250E-01  5.5690605670E-01  2.9467828077E-01
           Stress_EigVec3 =  1.3510490532E-01 -6.0399806811E-01  7.8545082486E-01
           -DivStress = -1.2479005020E+01  5.5087539750E+01 -7.1498224088E+01
           ESP =  -1.1278405431E+00     ESP at Nucleus =  -1.1279968532E+00
           ESPe = -1.5898475377E+01     ESPe at Nucleus = -1.5868533808E+01
           ESPn =  1.4770634834E+01     ESPn at Nucleus =  1.4740536955E+01

CP# 14     Coords = -2.62975350375867E+00  3.57661459276231E+00  3.20730823212810E+00
           Type = (3,-3) NACP H14
           Rho =  4.5866446877E-01     Rho at Nucleus =  4.5708435863E-01
           GradRho = -1.3017030446E-12 -2.1509297796E-12 -2.9668332407E-12
           HessRho_EigVals = -2.2657508548E+01 -2.2656771575E+01 -2.1375015407E+01
           HessRho_EigVec1 =  7.0894639624E-01 -6.8142551246E-01  1.8180835575E-01
           HessRho_EigVec2 =  6.2047052227E-01  4.8007989820E-01 -6.2011258844E-01
           HessRho_EigVec3 =  3.3527800144E-01  5.5243331029E-01  7.6315535734E-01
           DelSqRho = -6.6689295530E+01
           Bond Ellipticity = NA
           V = -1.6690870142E+01
           G =  9.2731296500E-03
           K =  1.6681597012E+01
           L =  1.6672323882E+01
           Vnuc =  9.6458724039E+01
           Ven = -4.4242189420E+01
           Vrep =  2.7551319278E+01
           DelSqV =  2.2682283032E+04
           DelSqVen =  6.4327643540E+03
           DelSqVrep =  1.6249518678E+04
           DelSqG =  8.0988729302E+02
           DelSqK = -2.3492170325E+04
           Stress_EigVals = -5.6718244273E+00 -5.6714131719E+00 -5.3476325426E+00
           Stress_EigVec1 =  3.3469007308E-01  6.8736337073E-01 -6.4460387182E-01
           Stress_EigVec2 =  8.8059301386E-01 -4.7166172174E-01 -4.5729248662E-02
           Stress_EigVec3 =  3.3546758253E-01  5.5232854065E-01  7.6314787836E-01
           -DivStress =  3.0338602308E+01  5.0266106198E+01  6.9299728739E+01
           ESP =  -1.1261508498E+00     ESP at Nucleus =  -1.1263104203E+00
           ESPe = -1.4120685479E+01     ESPe at Nucleus = -1.4091685203E+01
           ESPn =  1.2994534629E+01     ESPn at Nucleus =  1.2965374783E+01

CP# 15     Coords = -3.61689348637595E+00  3.71418743625748E+00  4.54223667665892E-02
           Type = (3,-3) NACP H15
           Rho =  4.5577257802E-01     Rho at Nucleus =  4.5411898391E-01
           GradRho =  7.3379413717E-13 -3.5666683957E-12  4.4816835419E-12
           HessRho_EigVals = -2.2494832496E+01 -2.2493556658E+01 -2.1166450365E+01
           HessRho_EigVec1 =  8.2482647035E-01 -3.6588314144E-01 -4.3103459330E-01
           HessRho_EigVec2 =  5.4989874136E-01  6.9637127582E-01  4.6117070642E-01
           HessRho_EigVec3 =  1.3142552286E-01 -6.1741118635E-01  7.7558414045E-01
           DelSqRho = -6.6154839519E+01
           Bond Ellipticity = NA
           V = -1.6557062097E+01
           G =  9.1761084740E-03
           K =  1.6547885988E+01
           L =  1.6538709880E+01
           Vnuc =  9.4830613573E+01
           Ven = -4.3221193223E+01
           Vrep =  2.6664131126E+01
           DelSqV =  2.2464244027E+04
           DelSqVen =  6.2735040225E+03
           DelSqVrep =  1.6190740004E+04
           DelSqG =  8.0205477134E+02
           DelSqK = -2.3266298798E+04
           Stress_EigVals = -5.6309722308E+00 -5.6305897144E+00 -5.2955001515E+00
           Stress_EigVec1 =  9.8890436003E-01  1.3628278807E-01 -5.9119949203E-02
           Stress_EigVec2 = -6.9217598898E-02  7.7484303337E-01  6.2835276529E-01
           Stress_EigVec3 =  1.3144234752E-01 -6.1728864830E-01  7.7567882140E-01
           -DivStress = -1.1707244209E+01  5.7155396818E+01 -7.1817503912E+01
           ESP =  -1.1313076075E+00     ESP at Nucleus =  -1.1314715280E+00
           ESPe = -1.4704855553E+01     ESPe at Nucleus = -1.4677091951E+01
           ESPn =  1.3573547946E+01     ESPn at Nucleus =  1.3545620423E+01

CP# 16     Coords = -5.14714281455916E+00  1.68375962235559E+00  2.19716326424820E+00
           Type = (3,-3) NACP H16
