AIMSum (Version 17.01.25, Professional)
Copyright (c) 1997-2017 by Todd A. Keith
AIMSum is a component of the AIMAll package ( http://aim.tkgristmill.com )

TP:  64-bit Linux

Licensed To:  Research Group of Fernando Cortes Guzman, UNAM, fercor@unam.mx

Much of the Quantum Theory of Atoms in Molecules (QTAIM) is described in the book:
  "Atoms in Molecules - A Quantum Theory"
  R.F.W. Bader, Oxford University Press, Oxford, 1990

For additional references see:  http://aim.tkgristmill.com/references.html

Wfn File:  /home/alejandro/wd/aimqb_inps/isoleucine_b2plyp_def2TZVP.wfn
Sum File:  /home/alejandro/wd/aimqb_inps/isoleucine_b2plyp_def2TZVP.sum

SumViz File:  /home/alejandro/wd/aimqb_inps/isoleucine_b2plyp_def2TZVP.sumviz

Wfn Title:   opt isoleucine M062X def2TZVP                                                 
 
Total memory allocated for AIMSum =        3.555 Megabytes

Atomic units (a.u.) used throughout, except where stated otherwise

Model:  Unknown
 
Restricted, natural orbital wavefunction.
  Number of electrons (from MO Occs)                   =          72.0000007000
  Number of Alpha electrons (from MO Occs)             =          36.0000003500
  Number of Beta electrons (from MO Occs)              =          36.0000003500
  Number of electron pairs (N*(N-1)/2)                 =        2556.0000500500
  Number of electron pairs (from Muller 2EDM)          =        2556.0000474000
  Number of electron pairs (from Muller 2EDM, no SOSI) =        2556.3938359392
 
Nuclear Charges and Cartesian Coordinates:
-------------------------------------------------------------------------------
Atom      Charge                X                  Y                  Z
-------------------------------------------------------------------------------
O1         8.0           3.3788678900E+00  -1.9056112700E+00   2.3410919300E+00
O2         8.0           4.2669753200E+00  -1.0787908200E+00  -1.6977878300E+00
N3         7.0           1.1239757000E+00   3.1744649400E+00  -1.7417078300E+00
C4         6.0          -1.4791841100E+00   3.6757303000E-01   9.5181501000E-01
C5         6.0           1.1542943300E+00   1.5126771900E+00   4.3392508000E-01
C6         6.0          -2.3863131600E+00  -1.2027282400E+00  -1.3023077400E+00
C7         6.0          -3.3367741500E+00   2.4595775300E+00   1.6397367100E+00
C8         6.0          -4.8226815900E+00  -2.6502870100E+00  -7.8311619000E-01
C9         6.0           3.1009337800E+00  -5.8896796000E-01   1.8311572000E-01
H10        1.0          -1.2686744500E+00  -8.9637589000E-01   2.5744682000E+00
H11        1.0           1.6853814900E+00   2.6116913800E+00   2.1009770300E+00
H12        1.0          -9.0990181000E-01  -2.5478751100E+00  -1.8421848300E+00
H13        1.0          -2.6662184900E+00   5.1471340000E-02  -2.9218797900E+00
H14        1.0          -2.6257518200E+00   3.5832454300E+00   3.2164497500E+00
H15        1.0          -3.6184510300E+00   3.7217895600E+00   3.5870680000E-02
H16        1.0          -5.1578467400E+00   1.6793137100E+00   2.2004891200E+00
H17        1.0          -4.6340846800E+00  -3.8234611300E+00   9.0422588000E-01
H18        1.0          -5.2942293100E+00  -3.8860212400E+00  -2.3622768100E+00
H19        1.0          -6.4161048100E+00  -1.3775346100E+00  -4.9440143000E-01
H20        1.0           1.1595330800E+00   2.1249674800E+00  -3.3463476500E+00
H21        1.0           2.7127469100E+00   4.2402542800E+00  -1.7832633500E+00
H22        1.0           4.6173755200E+00  -3.2145703300E+00   2.0243835800E+00
 
Some Atomic Properties:
----------------------
  q(A) = Net Charge of Atom A
  L(A) = Lagrangian of Atom A = -(1/4) Times Atomic Integral of the Laplacian of the Electron Density
  K(A) = Electronic Kinetic Energy of Atom A (Hamiltonian Form)
  K_Scaled(A) = K(A) * E(Mol)/K(Mol) = Approximation to Virial-Based Total Energy of Atom A.
  |Mu_Intra(A)| = Magnitude of Intraatomic Dipole Moment of Atom A
--------------------------------------------------------------------------------------------------
Atom A          q(A)              L(A)              K(A)          K_Scaled(A)      |Mu_Intra(A)|
--------------------------------------------------------------------------------------------------
O1       -1.1574080445E+00  1.0211570821E-04  7.5685166834E+01 -7.5886763359E+01  2.6217382319E-01
O2       -1.2205969918E+00  3.9496159253E-05  7.5787824372E+01 -7.5989694337E+01  5.1280127809E-01
N3       -1.0323683711E+00  1.4154910128E-04  5.4992015926E+01 -5.5138493759E+01  2.6362002990E-01
C4        5.6833771300E-02 -1.0173268050E-03  3.7898380401E+01 -3.7999327285E+01  7.3406696222E-02
C5        3.8044790370E-01  4.2874784012E-04  3.7738114872E+01 -3.7838634869E+01  4.1381874897E-01
C6        2.7596803900E-02 -2.5061477537E-06  3.7899811700E+01 -3.8000762396E+01  5.1520691622E-02
C7       -4.8183023000E-03 -3.2249634895E-04  3.7908795337E+01 -3.8009769962E+01  8.2132002911E-02
C8        6.8356010000E-04 -2.2228465955E-04  3.7892858039E+01 -3.7993790213E+01  5.8522236798E-02
C9        1.5860093633E+00  1.4003421372E-04  3.6968599722E+01 -3.7067070024E+01  8.7438513017E-01
H10       4.6676348200E-03  1.9878579769E-05  6.3134005349E-01 -6.3302170348E-01  1.5110172544E-01
H11       2.9863818030E-02  3.9665247545E-05  6.1999099580E-01 -6.2164241621E-01  1.5124479701E-01
H12      -9.9302778000E-03  3.4804079481E-05  6.3186380802E-01 -6.3354685310E-01  1.4988465284E-01
H13      -3.2226498000E-03  2.5682562328E-05  6.2802696855E-01 -6.2969979375E-01  1.5615163193E-01
H14      -5.2181512000E-03  2.2902230036E-05  6.2135906602E-01 -6.2301413046E-01  1.6080623098E-01
H15       2.5370776280E-02  2.1888992969E-05  6.0962410716E-01 -6.1124791413E-01  1.5713527269E-01
H16      -2.2062974000E-03  4.4500544544E-06  6.2303401691E-01 -6.2469354278E-01  1.5424202009E-01
H17      -3.9174062000E-03  2.2623421356E-05  6.2033501701E-01 -6.2198735377E-01  1.6176518528E-01
H18       1.9440372300E-03  2.0478417843E-05  6.1910722124E-01 -6.2075628761E-01  1.5890855720E-01
H19      -3.8108400000E-05  7.3524893163E-05  6.2251563082E-01 -6.2417377591E-01  1.5490368898E-01
H20       3.6595457088E-01  4.2365420826E-05  4.8086011519E-01 -4.8214094381E-01  1.8598779732E-01
H21       3.5515479172E-01  2.9489135006E-05  4.8616629656E-01 -4.8746125883E-01  1.9202376510E-01
H22       6.0494482638E-01  2.2873881935E-05  3.5062519548E-01 -3.5155912777E-01  1.5853712441E-01
--------------------------------------------------------------------------------------------------
Total    -2.5274286000E-04 -3.3204402196E-04  4.4031641570E+02 -4.4148925131E+02
 
Molecular charge q(Mol) from the wfn file:  -6.9999999339E-07
Molecular energy E(Mol) from the wfn file:  -4.4148939268E+02
Molecular virial ratio (-V(Mol)/T(Mol)) from the wfn file:   2.0026636200E+00
Note.  K_Scaled(A) = (1+V(Mol)/T(Mol))*K(A) = (E(Mol)/T(Mol))*K(A)
       Only use K_Scaled(A) data with caution.
 
N_AIMInt(SumA)     =         72.000253
N_Analytic(Mol)    =         71.999993
 
G_AIMInt(SumA)     =        440.316748
G_Analytic(Mol)    =        440.316542
 
K_AIMInt(SumA)     =        440.316416
K_Analytic(Mol)    =        440.316542
 
L_AIMInt(SumA)     =         -0.000332
L_Analytic(Mol)    =          0.000000
 
VenT_AIMInt(SumA)  =      -2019.502048
VenT_Analytic(Mol) =      -2019.499622
 
Some Information About the Atomic Calculations:
----------------------------------------------
  Time(sec) = "Elapsed User Time", in Seconds, for Atom A by AIMInt and, if used, by TWOe
  NProc = Number of Processors Used for AIMInt Job
  BIM = Basin Integration Method
  OAQ = Angular Quadrature Outside of Beta Sphere
  ORQ = Multiple of Default for Radial Quadrature Outside of Beta Sphere
  IAQ = Multiple of Default for Angular Quadrature Inside of Beta Sphere
  IRQ = Multiple of Default for Radial Quadrature Inside of Beta Sphere
  MIR = Maximum Integration Radius
------------------------------------------------------------------------------------------------------
Atom A     Time(sec)   NProc      BIM              OAQ                 ORQ      IAQ      IRQ      MIR
------------------------------------------------------------------------------------------------------
O1             72       16     Proaim(5)    4334      (Very High)      1.00     1.00     1.00    13.00
O2             56       16     Proaim(5)    3074      (Very High)      1.00     1.00     1.00    13.00
N3            101       16     Proaim(5)    4334      (Very High)      1.00     1.00     1.00    13.00
C4            222       16     Proaim(5)    4334      (Very High)      1.00     1.00     1.00    13.00
C5            253       16     Proaim(5)    4334      (Very High)      1.00     1.00     1.00    13.00
C6            172       16     Proaim(5)    4334      (Very High)      1.00     1.00     1.00    13.00
C7            130       16     Proaim(5)    4334      (Very High)      1.00     1.00     1.00    13.00
C8            100       16     Proaim(5)    4334      (Very High)      1.00     1.00     1.00    13.00
C9            148       16     Proaim(5)    4334      (Very High)      1.00     1.00     1.00    13.00
H10            42       16     Proaim(5)    2030      (Very High)      1.00     1.00     1.00    13.00
H11            35       16     Proaim(5)    2030      (Very High)      1.00     1.00     1.00    13.00
H12            38       16     Proaim(5)    2030      (Very High)      1.00     1.00     1.00    13.00
H13            28       16     Proaim(5)    2030      (Very High)      1.00     1.00     1.00    13.00
H14            33       16     Proaim(5)    2030      (Very High)      1.00     1.00     1.00    13.00
H15            33       16     Proaim(5)    2030      (Very High)      1.00     1.00     1.00    13.00
H16            44       16     Proaim(5)    2030      (Very High)      1.00     1.00     1.00    13.00
H17            23       16     Proaim(5)    2030      (Very High)      1.00     1.00     1.00    13.00
H18            16       16     Proaim(5)    2030      (Very High)      1.00     1.00     1.00    13.00
H19            38       16     Proaim(5)    2030      (Very High)      1.00     1.00     1.00    13.00
H20            29       16     Proaim(5)    2030      (Very High)      1.00     1.00     1.00    13.00
H21            23       16     Proaim(5)    2030      (Very High)      1.00     1.00     1.00    13.00
H22            14       16     Proaim(5)    2030      (Very High)      1.00     1.00     1.00    13.00
------------------------------------------------------------------------------------------------------
Total        1650
Note:  Total wall clock time is less than total of atomic times if more than one atom
       was calculated at a time
 
Electron Density Critical Point Analysis of Molecular Structure:               
---------------------------------------------------------------                
  NACP = Nuclear Attractor Critical Point                                      
  NNACP = Non-Nuclear Attractor Critical Point                                 
  BCP = Bond Critical Point                                                    
  RCP = Ring Critical Point                                                    
  CCP = Cage Critical Point                                                    
  Rho = Electron Density                                                       
  GradRho = Gradient of Electron Density                                       
  HessRho_EigVals = Eigenvalues of the Hessian of Rho, Ascending Order         
  HessRho_EigVecs = Eigenvectors of the Hessian of Rho                         
  DelSqRho = Laplacian of Rho = Trace of Hessian of Rho                        
  Bond Ellipticity = (HessRho_EigVal(1) / HessRho_EigVal(2)) - 1               
  V = Virial Field = Potential Energy Density = Trace of Stress Tensor         
  G = Lagrangian Form of Kinetic Energy Density                                
  K = Hamiltonian Form of Kinetic Energy Density                               
  L = K - G = Lagrangian Density = (-1/4)DelSqRho                              
  Vnuc = Electrostatic Potential from Nuclei                                   
  Ven = Electron-nuclear attractive contribution to Virial Field V             
  Vrep = V - Ven = Repulsive contribution to Virial Field V                    
  DelSqV = Laplacian of V                                                      
  DelSqVen = Laplacian of Ven                                                  
  DelSqVrep = Laplacian of Vrep                                                
  DelSqG = Laplacian of G                                                      
  DelSqK = Laplacian of K                                                      
  Stress_EigVals = Eigenvalues of Stress Tensor, Ascending Order               
  Stress_EigVecs = Eigenvectors of Stress Tensor                               
  -DivStress = Ehrenfest Force Density = Minus Divergence of Stress Tensor     
  ESP = Total Electrostatic Potential                                          
  ESPe = Electrostatic Potential from Electrons                                
  ESPn = Electrostatic Potential from Nuclei                                   
  BP = Bond Path                                                               
  BPL = Bond Path Length                                                       
  GBL = Geometric Bond Length                                                  
  GBL_I = Distance Between Nuclear Attractors                                  
  GBL_II = Distance Between Nuclei                                             
  GBL_III = Sum of Distances Between BCP and Nuclear Attractors                
  GBL_IV = Sum of Distances Between BCP and Nuclei                             

CP# 1      Coords =  3.37887048738338E+00 -1.90561219160382E+00  2.34108725529633E+00
           Type = (3,-3) NACP O1
           Rho =  3.0165242913E+02     Rho at Nucleus =  3.0165240700E+02
           GradRho =  8.2319022819E-11  8.3886113027E-11  3.1733577891E-10
           HessRho_EigVals = -1.5025641443E+06 -1.5025390336E+06 -1.5025312983E+06
           HessRho_EigVec1 = -4.9526337314E-01  7.6609581377E-01 -4.0964789193E-01
           HessRho_EigVec2 = -4.6121664580E-01  1.6773124559E-01  8.7128952415E-01
           HessRho_EigVec3 =  7.3620200820E-01  6.2045421538E-01  2.7026499911E-01
           DelSqRho = -4.5076344763E+06
           Bond Ellipticity = NA
           V = -1.1270611827E+06
           G =  7.6281795695E+01
           K =  1.1269849009E+06
           L =  1.1269086191E+06
           Vnuc =  1.4742162100E+06
           Ven = -4.4470090081E+08
           Vrep =  4.4357383963E+08
           DelSqV =  2.1964855684E+11
           DelSqVen =  6.6452278108E+12
           DelSqVrep = -6.4255792581E+12
           DelSqG =  5.6149993060E+09
           DelSqK = -2.2526355615E+11
           Stress_EigVals = -3.7569048380E+05 -3.7568783605E+05 -3.7568286281E+05
           Stress_EigVec1 =  7.3453082559E-01  6.2105857543E-01  2.7340576465E-01
           Stress_EigVec2 = -4.6656474680E-01  1.6966713358E-01  8.6806128864E-01
           Stress_EigVec3 = -4.9272893491E-01  7.6517926636E-01 -4.1438977669E-01
           -DivStress = -1.8797312420E+05  6.6710609486E+04  3.3828592869E+05
           ESP =  -2.2306179357E+01     ESP at Nucleus =  -2.2306179596E+01
           ESPe = -3.4472574154E+01     ESPe at Nucleus = -3.4472568816E+01
           ESPn =  1.2166394798E+01     ESPn at Nucleus =  1.2166389220E+01

CP# 2      Coords =  4.26697254333842E+00 -1.07878978602057E+00 -1.69778313205279E+00
           Type = (3,-3) NACP O2
           Rho =  3.0189676714E+02     Rho at Nucleus =  3.0189674394E+02
           GradRho =  2.1696533126E-10 -2.2278516425E-11  6.8134404294E-11
           HessRho_EigVals = -1.5038567948E+06 -1.5038502386E+06 -1.5038270085E+06
           HessRho_EigVec1 =  7.2146329435E-01  6.2471381687E-01  2.9870279865E-01
           HessRho_EigVec2 = -5.2650197613E-01  2.1471397195E-01  8.2261387016E-01
           HessRho_EigVec3 = -4.4976258631E-01  7.5075332651E-01 -4.8382130864E-01
           DelSqRho = -4.5115340419E+06
           Bond Ellipticity = NA
           V = -1.1280352552E+06
           G =  7.5872363540E+01
           K =  1.1279593828E+06
           L =  1.1278835105E+06
           Vnuc =  1.4403511726E+06
           Ven = -4.3483736255E+08
           Vrep =  4.3370932729E+08
           DelSqV =  2.1983846669E+11
           DelSqVen =  6.4981933425E+12
           DelSqVrep = -6.2783548778E+12
           DelSqG =  5.6201808528E+09
           DelSqK = -2.2545864754E+11
           Stress_EigVals = -3.7601631085E+05 -3.7601002197E+05 -3.7600892237E+05
           Stress_EigVec1 = -4.5272571991E-01  7.5186635037E-01 -4.7930826586E-01
           Stress_EigVec2 = -5.2540617483E-01  2.0936689150E-01  8.2469015769E-01
           Stress_EigVec3 =  7.2040806074E-01  6.2518996787E-01  3.0024944645E-01
           -DivStress =  2.0111006199E+05 -7.4886916061E+04 -3.4026366608E+05
           ESP =  -2.2366677474E+01     ESP at Nucleus =  -2.2366677698E+01
           ESPe = -3.4544397359E+01     ESPe at Nucleus = -3.4544384496E+01
           ESPn =  1.2177719886E+01     ESPn at Nucleus =  1.2177706797E+01

CP# 3      Coords =  1.12398027236495E+00  3.17446125304657E+00 -1.74170742889291E+00
           Type = (3,-3) NACP N3
           Rho =  1.9830412458E+02     Rho at Nucleus =  1.9830411179E+02
           GradRho =  6.0921572464E-11 -4.1573921485E-11  3.5396288800E-11
           HessRho_EigVals = -7.3790320862E+05 -7.3790113558E+05 -7.3788683350E+05
           HessRho_EigVec1 = -2.9353993388E-01 -5.0778331392E-01  8.0993235108E-01
           HessRho_EigVec2 =  4.9898829021E-01  6.4128290949E-01  5.8289528753E-01
           HessRho_EigVec3 =  8.1538027536E-01 -5.7524980321E-01 -6.5135784765E-02
           DelSqRho = -2.2136911777E+06
           Bond Ellipticity = NA
           V = -5.5347984784E+05
           G =  2.8526708783E+01
           K =  5.5345132113E+05
           L =  5.5342279443E+05
           Vnuc =  1.1890005179E+06
           Ven = -2.3578370682E+08
           Vrep =  2.3523022697E+08
           DelSqV =  7.8809254953E+10
           DelSqVen =  2.6320799601E+12
           DelSqVrep = -2.5532707051E+12
           DelSqG =  2.0598481325E+09
           DelSqK = -8.0869103085E+10
           Stress_EigVals = -1.8449535228E+05 -1.8449253016E+05 -1.8449196540E+05
           Stress_EigVec1 =  8.1968705148E-01 -5.6521564668E-01 -9.2975321341E-02
           Stress_EigVec2 =  5.1116232888E-01  6.4851608332E-01  5.6403897313E-01
           Stress_EigVec3 = -2.5850766171E-01 -5.0986092459E-01  8.2049718245E-01
           -DivStress = -1.1869338392E+05  9.5696758864E+04 -1.0398660771E+04
           ESP =  -1.8405468081E+01     ESP at Nucleus =  -1.8405468280E+01
           ESPe = -3.1434350665E+01     ESPe at Nucleus = -3.1434344790E+01
           ESPn =  1.3028882585E+01     ESPn at Nucleus =  1.3028876510E+01

CP# 4      Coords = -1.47918365890350E+00  3.67573544650719E-01  9.51814561085766E-01
           Type = (3,-3) NACP C4
           Rho =  1.2203411359E+02     Rho at Nucleus =  1.2203411348E+02
           GradRho =  7.6903650353E-10  9.1161261375E-10 -7.9953853255E-10
           HessRho_EigVals = -3.2258427481E+05 -3.2258369926E+05 -3.2258328737E+05
           HessRho_EigVec1 =  9.5667891406E-01  2.4801529669E-01 -1.5249218999E-01
           HessRho_EigVec2 = -7.4049070068E-02  7.1381750102E-01  6.9640599542E-01
           HessRho_EigVec3 = -2.8157093356E-01  6.5494502658E-01 -7.0125945379E-01
           DelSqRho = -9.6775126144E+05
           Bond Ellipticity = NA
           V = -2.4195525384E+05
           G =  8.7192372206E+00
           K =  2.4194653460E+05
           L =  2.4193781536E+05
           Vnuc =  7.3308532323E+06
           Ven = -8.9461417608E+08
           Vrep =  8.9437222083E+08
           DelSqV =  2.3736757019E+10
           DelSqVen =  7.0944424919E+12
           DelSqVrep = -7.0707057185E+12
           DelSqG =  6.3966495973E+08
           DelSqK = -2.4376421979E+10
           Stress_EigVals = -8.0651878829E+04 -8.0651768285E+04 -8.0651606722E+04
           Stress_EigVec1 = -2.9066974493E-01  6.5100576658E-01 -7.0121508203E-01
           Stress_EigVec2 = -8.7759687480E-02  7.1162912137E-01  6.9705253093E-01
           Stress_EigVec3 =  9.5279028996E-01  2.6415049782E-01 -1.4971699257E-01
           -DivStress = -3.5242570106E+03 -4.0214913641E+03  3.5077714187E+03
           ESP =  -1.4761327161E+01     ESP at Nucleus =  -1.4761327162E+01
           ESPe = -3.0620588398E+01     ESPe at Nucleus = -3.0620587729E+01
           ESPn =  1.5859261237E+01     ESPn at Nucleus =  1.5859260568E+01

CP# 5      Coords =  1.15429504685496E+00  1.51267737668550E+00  4.33923490181217E-01
           Type = (3,-3) NACP C5
           Rho =  1.2203952911E+02     Rho at Nucleus =  1.2203952861E+02
           GradRho =  9.5570039066E-12  1.8566565974E-11 -7.2505722428E-12
           HessRho_EigVals = -3.2259877965E+05 -3.2259746380E+05 -3.2259685719E+05
           HessRho_EigVec1 = -2.6742266164E-01  7.4286717439E-01 -6.1370471829E-01
           HessRho_EigVec2 = -7.8350838432E-01  2.0309492174E-01  5.8725383308E-01
           HessRho_EigVec3 =  5.6089190736E-01  6.3788777538E-01  5.2773047503E-01
           DelSqRho = -9.6779310065E+05
           Bond Ellipticity = NA
           V = -2.4196560076E+05
           G =  8.6627973612E+00
           K =  2.4195693796E+05
           L =  2.4194827516E+05
           Vnuc =  3.4209132244E+06
           Ven = -4.1748663901E+08
           Vrep =  4.1724467341E+08
           DelSqV =  2.3737774139E+10
           DelSqVen =  3.3107364086E+12
           DelSqVrep = -3.2869986344E+12
           DelSqG =  6.3969138930E+08
           DelSqK = -2.4377465528E+10
           Stress_EigVals = -8.0655424402E+04 -8.0655246509E+04 -8.0654929846E+04
           Stress_EigVec1 =  5.6581592857E-01  6.3246910824E-01  5.2899448210E-01
           Stress_EigVec2 = -7.7298369273E-01  1.8359608429E-01  6.0727974494E-01
           Stress_EigVec3 = -2.8696436321E-01  7.5251266099E-01 -5.9276989574E-01
           -DivStress = -5.6011993025E+03 -1.4605360396E+03  1.2425711281E+04
           ESP =  -1.4723807084E+01     ESP at Nucleus =  -1.4723807097E+01
           ESPe = -3.0980563238E+01     ESPe at Nucleus = -3.0980562631E+01
           ESPn =  1.6256756154E+01     ESPn at Nucleus =  1.6256755534E+01

CP# 6      Coords = -2.38631344905454E+00 -1.20272837303959E+00 -1.30230738515598E+00
           Type = (3,-3) NACP C6
           Rho =  1.2201667829E+02     Rho at Nucleus =  1.2201667826E+02
           GradRho = -1.9909412987E-10 -1.0830946289E-10  1.7898509447E-10
           HessRho_EigVals = -3.2252701183E+05 -3.2252675026E+05 -3.2252637871E+05
           HessRho_EigVec1 =  7.2824247931E-01  6.0304238665E-01  3.2558066778E-01
           HessRho_EigVec2 = -4.8339522815E-01  1.1524123641E-01  8.6778367744E-01
           HessRho_EigVec3 = -4.8579002123E-01  7.8934107795E-01 -3.7543137580E-01
           DelSqRho = -9.6758014080E+05
           Bond Ellipticity = NA
           V = -2.4191267293E+05
           G =  8.8188666066E+00
           K =  2.4190385407E+05
           L =  2.4189503520E+05
           Vnuc =  1.2588667396E+07
           Ven = -1.5360273798E+09
           Vrep =  1.5357854671E+09
           DelSqV =  2.3732554481E+10
           DelSqVen =  1.2180546650E+13
           DelSqVrep = -1.2156814620E+13
           DelSqG =  6.3953041230E+08
           DelSqK = -2.4372084893E+10
           Stress_EigVals = -8.0637646132E+04 -8.0637546642E+04 -8.0637480159E+04
           Stress_EigVec1 = -4.8357263507E-01  7.9283107735E-01 -3.7091291350E-01
           Stress_EigVec2 = -4.9554968056E-01  1.0132485573E-01  8.6264928430E-01
           Stress_EigVec3 =  7.2151785889E-01  6.0095936336E-01  3.4388925964E-01
           -DivStress =  2.2589192209E+03  1.0395112829E+03 -2.7728895571E+03
           ESP =  -1.4773319331E+01     ESP at Nucleus =  -1.4773319330E+01
           ESPe = -2.9171938842E+01     ESPe at Nucleus = -2.9171938712E+01
           ESPn =  1.4398619512E+01     ESPn at Nucleus =  1.4398619382E+01

CP# 7      Coords = -3.33677392641059E+00  2.45957714615131E+00  1.63973684747770E+00
           Type = (3,-3) NACP C7
           Rho =  1.2202496766E+02     Rho at Nucleus =  1.2202496763E+02
           GradRho =  1.6849389337E-10 -1.6491786064E-10  7.3317720233E-11
           HessRho_EigVals = -3.2254414512E+05 -3.2254357282E+05 -3.2254338784E+05
           HessRho_EigVec1 = -5.7161037113E-01  7.4803849725E-01  3.3719429155E-01
           HessRho_EigVec2 =  8.0236531173E-01  4.2359998510E-01  4.2044376455E-01
           HessRho_EigVec3 = -1.7167262494E-01 -5.1088301914E-01  8.4233428673E-01
           DelSqRho = -9.6763110577E+05
           Bond Ellipticity = NA
           V = -2.4192559169E+05
           G =  8.9076229413E+00
           K =  2.4191668407E+05
           L =  2.4190777644E+05
           Vnuc =  1.2903024904E+07
           Ven = -1.5744911966E+09
           Vrep =  1.5742492710E+09
           DelSqV =  2.3733800778E+10
           DelSqVen =  1.2485372412E+13
           DelSqVrep = -1.2461638611E+13
           DelSqG =  6.3955509915E+08
           DelSqK = -2.4373355877E+10
           Stress_EigVals = -8.0641947265E+04 -8.0641895194E+04 -8.0641749230E+04
           Stress_EigVec1 = -1.8454981972E-01 -5.0764436162E-01  8.4156910956E-01
           Stress_EigVec2 =  7.9932677926E-01  4.2069839061E-01  4.2905659778E-01
           Stress_EigVec3 = -5.7185493265E-01  7.5187104364E-01  3.2813392044E-01
           -DivStress = -1.7474245067E+03  2.9999655344E+03 -1.0741398517E+03
           ESP =  -1.4787958275E+01     ESP at Nucleus =  -1.4787958275E+01
           ESPe = -2.7466072082E+01     ESPe at Nucleus = -2.7466071532E+01
           ESPn =  1.2678113807E+01     ESPn at Nucleus =  1.2678113257E+01

CP# 8      Coords = -4.82268128453192E+00 -2.65028684878440E+00 -7.83116225013376E-01
           Type = (3,-3) NACP C8
           Rho =  1.2201312492E+02     Rho at Nucleus =  1.2201312490E+02
           GradRho = -2.9935301147E-11  6.8871854823E-11 -1.4298220170E-11
           HessRho_EigVals = -3.2250840795E+05 -3.2250787427E+05 -3.2250780510E+05
           HessRho_EigVec1 =  7.9548339993E-01  5.5590382935E-01 -2.4119928057E-01
           HessRho_EigVec2 = -4.9193506472E-01  3.5999570401E-01 -7.9271873019E-01
           HessRho_EigVec3 = -3.5384467289E-01  7.4924897438E-01  5.5983919286E-01
           DelSqRho = -9.6752408733E+05
           Bond Ellipticity = NA
           V = -2.4189880251E+05
           G =  8.8903404550E+00
           K =  2.4188991217E+05
           L =  2.4188102183E+05
           Vnuc =  1.7282600319E+07
           Ven = -2.1087040716E+09
           Vrep =  2.1084621728E+09
           DelSqV =  2.3731169625E+10
           DelSqVen =  1.6721326899E+13
           DelSqVrep = -1.6697597827E+13
           DelSqG =  6.3947534256E+08
           DelSqK = -2.4370644967E+10
           Stress_EigVals = -8.0632990926E+04 -8.0632974875E+04 -8.0632836713E+04
           Stress_EigVec1 = -3.6624223257E-01  7.6498504258E-01  5.2977779465E-01
           Stress_EigVec2 = -4.9320467764E-01  3.2319691889E-01 -8.0764651771E-01
           Stress_EigVec3 =  7.8906005667E-01  5.5708315021E-01 -2.5892584019E-01
           -DivStress = -2.3874100086E+03 -1.2599511564E+03  2.7377828576E+02
           ESP =  -1.4782027254E+01     ESP at Nucleus =  -1.4782027253E+01
           ESPe = -2.6329353543E+01     ESPe at Nucleus = -2.6329353037E+01
           ESPn =  1.1547326289E+01     ESPn at Nucleus =  1.1547325784E+01

CP# 9      Coords =  3.10093491201183E+00 -5.88970364941908E-01  1.83117972468376E-01
           Type = (3,-3) NACP C9
           Rho =  1.2232718331E+02     Rho at Nucleus =  1.2232718135E+02
           GradRho =  5.6118390116E-12 -3.1095476445E-12  4.2140181993E-12
           HessRho_EigVals = -3.2341670896E+05 -3.2341449918E+05 -3.2341173676E+05
           HessRho_EigVec1 =  7.2474520485E-01  6.2515408813E-01  2.8970114625E-01
           HessRho_EigVec2 =  1.0325113841E-01 -5.1424693138E-01  8.5140430818E-01
           HessRho_EigVec3 = -6.8123680939E-01  5.8713921659E-01  4.3724586891E-01
           DelSqRho = -9.7024294490E+05
           Bond Ellipticity = NA
           V = -2.4257733499E+05
           G =  8.2993824104E+00
           K =  2.4256903561E+05
           L =  2.4256073623E+05
           Vnuc =  1.7221354422E+06
           Ven = -2.1066397794E+08
           Vrep =  2.1042140060E+08
           DelSqV =  2.3797836815E+10
           DelSqVen =  1.6708897485E+12
           DelSqVrep = -1.6470919117E+12
           DelSqG =  6.4142599119E+08
           DelSqK = -2.4439262806E+10
           Stress_EigVals = -8.0859972126E+04 -8.0859074207E+04 -8.0858288657E+04
           Stress_EigVec1 = -6.6611426452E-01  5.2574061917E-01  5.2904497725E-01
           Stress_EigVec2 =  1.8027707009E-01 -5.7479654355E-01  7.9819114974E-01
           Stress_EigVec3 =  7.2373473358E-01  6.2706118910E-01  2.8810119840E-01
           -DivStress = -8.8688317300E+03  1.8841069356E+04 -1.7648557863E+04
           ESP =  -1.4642790165E+01     ESP at Nucleus =  -1.4642790227E+01
           ESPe = -3.0956937375E+01     ESPe at Nucleus = -3.0956938404E+01
           ESPn =  1.6314147209E+01     ESPn at Nucleus =  1.6314148177E+01

CP# 10     Coords = -1.27133755744614E+00 -8.79867642323435E-01  2.55324341265897E+00
           Type = (3,-3) NACP H10
           Rho =  4.4487409345E-01     Rho at Nucleus =  4.4172370893E-01
           GradRho = -4.6279980130E-11  2.8688056693E-10 -3.6886289450E-10
           HessRho_EigVals = -9.0902748206E+00 -9.0899427270E+00 -8.3938578145E+00
           HessRho_EigVec1 = -2.9368174192E-01  7.3657120047E-01  6.0927325651E-01
           HessRho_EigVec2 =  9.5086577461E-01  2.9045305635E-01  1.0719748475E-01
           HessRho_EigVec3 =  9.8006699479E-02 -6.1081903105E-01  7.8568110463E-01
           DelSqRho = -2.6574075362E+01
           Bond Ellipticity = NA
           V = -6.6608629990E+00
           G =  8.6720792519E-03
           K =  6.6521909198E+00
           L =  6.6435188405E+00
           Vnuc =  5.2857744137E+01
           Ven = -2.3515041005E+01
           Vrep =  1.6854178006E+01
           DelSqV =  1.7349825839E+03
           DelSqVen =  1.4046456775E+03
           DelSqVrep =  3.3033690648E+02
           DelSqG =  1.3303971853E+02
           DelSqK = -1.8680223025E+03
           Stress_EigVals = -2.2788628041E+00 -2.2786067629E+00 -2.1033934321E+00
           Stress_EigVec1 = -3.6315971842E-01  7.1309044051E-01  5.9968078389E-01
           Stress_EigVec2 =  9.2658457268E-01  3.4393537623E-01  1.5214955360E-01
           Stress_EigVec3 =  9.7755043827E-02 -6.1090955193E-01  7.8564207548E-01
           -DivStress =  1.4957312964E+00 -9.2729657347E+00  1.1922462655E+01
           ESP =  -1.1247648347E+00     ESP at Nucleus =  -1.1259698152E+00
           ESPe = -1.6973534818E+01     ESPe at Nucleus = -1.6901191192E+01
           ESPn =  1.5848769983E+01     ESPn at Nucleus =  1.5775221376E+01

CP# 11     Coords =  1.67861862391892E+00  2.59700021970409E+00  2.07861495470343E+00
           Type = (3,-3) NACP H11
           Rho =  4.4247942322E-01     Rho at Nucleus =  4.3921668078E-01
           GradRho = -1.3718036523E-09 -2.9704334225E-09 -4.5208100183E-09
           HessRho_EigVals = -9.0402737132E+00 -9.0342816062E+00 -8.3230849168E+00
           HessRho_EigVec1 = -4.0711358672E-02  8.4051800255E-01 -5.4025186040E-01
           HessRho_EigVec2 = -9.6739390109E-01  1.0212027782E-01  2.3177680856E-01
           HessRho_EigVec3 =  2.4998325024E-01  5.3207230359E-01  8.0895453417E-01
           DelSqRho = -2.6397640236E+01
           Bond Ellipticity = NA
           V = -6.6156950013E+00
           G =  8.1424711457E-03
           K =  6.6075525302E+00
           L =  6.5994100590E+00
           Vnuc =  5.1706033177E+01
           Ven = -2.2878855737E+01
           Vrep =  1.6263160735E+01
           DelSqV =  1.7214549246E+03
           DelSqVen =  1.3649172765E+03
           DelSqVrep =  3.5653764818E+02
           DelSqG =  1.3198102051E+02
           DelSqK = -1.8534359452E+03
           Stress_EigVals = -2.2651796919E+00 -2.2649632669E+00 -2.0855520425E+00
           Stress_EigVec1 =  6.0381244408E-01  5.6868940517E-01 -5.5857219123E-01
           Stress_EigVec2 =  7.5706849716E-01 -6.2846886504E-01  1.7853340382E-01
           Stress_EigVec3 =  2.4951517585E-01  5.3067810028E-01  8.1001415476E-01
           -DivStress =  3.7722029478E+00  8.1959670351E+00  1.2474944794E+01
           ESP =  -1.0978753759E+00     ESP at Nucleus =  -1.0991292525E+00
           ESPe = -1.6568907741E+01     ESPe at Nucleus = -1.6486607720E+01
           ESPn =  1.5471032365E+01     ESPn at Nucleus =  1.5387478468E+01

CP# 12     Coords = -9.28689648050013E-01 -2.53048272318529E+00 -1.83475424472820E+00
           Type = (3,-3) NACP H12
           Rho =  4.4301890661E-01     Rho at Nucleus =  4.3996258275E-01
           GradRho = -1.0860685187E-13  1.0139795578E-13  4.2528127086E-14
           HessRho_EigVals = -9.0516246140E+00 -9.0506072794E+00 -8.3720181644E+00
           HessRho_EigVec1 =  7.0497876278E-01  6.4108180976E-01  3.0334643103E-01
           HessRho_EigVec2 = -2.2214106932E-02 -4.0754411862E-01  9.1291528897E-01
           HessRho_EigVec3 =  7.0888043948E-01 -6.5032446100E-01 -2.7306888865E-01
           DelSqRho = -2.6474250058E+01
           Bond Ellipticity = NA
           V = -6.6360004322E+00
           G =  8.7189588826E-03
           K =  6.6272814733E+00
           L =  6.6185625145E+00
           Vnuc =  5.2825614732E+01
           Ven = -2.3402746080E+01
           Vrep =  1.6766745647E+01
           DelSqV =  1.7296249843E+03
           DelSqVen =  1.3985185339E+03
           DelSqVrep =  3.3110645046E+02
           DelSqG =  1.3259539678E+02
           DelSqK = -1.8622203811E+03
           Stress_EigVals = -2.2691796018E+00 -2.2690585605E+00 -2.0977622700E+00
           Stress_EigVec1 =  7.0543830993E-01  6.6207784312E-01  2.5300142399E-01
           Stress_EigVec2 =  1.6029482273E-02 -3.7176951500E-01  9.2818666410E-01
           Stress_EigVec3 =  7.0859004127E-01 -6.5072294978E-01 -2.7287322339E-01
           -DivStress =  1.0515962382E+01 -9.7338488633E+00 -4.1558723319E+00
           ESP =  -1.1249526108E+00     ESP at Nucleus =  -1.1261204408E+00
           ESPe = -1.6439500463E+01     ESPe at Nucleus = -1.6381233637E+01
           ESPn =  1.5314547853E+01     ESPn at Nucleus =  1.5255113197E+01

CP# 13     Coords = -2.66258868600244E+00  3.53115509010551E-02 -2.90086316390950E+00
           Type = (3,-3) NACP H13
           Rho =  4.4272374458E-01     Rho at Nucleus =  4.3964423611E-01
           GradRho =  2.9706309664E-11 -1.3245730119E-10  1.7230627731E-10
           HessRho_EigVals = -9.0556920275E+00 -9.0546381345E+00 -8.3710726782E+00
           HessRho_EigVec1 =  4.8915968244E-01  7.3011109332E-01  4.7713792188E-01
           HessRho_EigVec2 =  8.6187072352E-01 -3.2070765902E-01 -3.9284278457E-01
           HessRho_EigVec3 =  1.3379708899E-01 -6.0339405770E-01  7.8613863288E-01
           DelSqRho = -2.6481402840E+01
           Bond Ellipticity = NA
           V = -6.6377269075E+00
           G =  8.6880987074E-03
           K =  6.6290388088E+00
           L =  6.6203507101E+00
           Vnuc =  5.2179606793E+01
           Ven = -2.3101150910E+01
           Vrep =  1.6463424003E+01
           DelSqV =  1.7300755635E+03
           DelSqVen =  1.3817891881E+03
           DelSqVrep =  3.4828637532E+02
           DelSqG =  1.3275256844E+02
           DelSqK = -1.8628281319E+03
           Stress_EigVals = -2.2701898314E+00 -2.2700113369E+00 -2.0975257392E+00
           Stress_EigVec1 =  6.2134404132E-01  6.6903846169E-01  4.0782241123E-01
           Stress_EigVec2 = -7.7196898902E-01  4.3360149386E-01  4.6481568877E-01
           Stress_EigVec3 =  1.3414716664E-01 -6.0363671302E-01  7.8589264940E-01
           -DivStress = -2.0323613374E+00  9.0481088797E+00 -1.1766654809E+01
           ESP =  -1.1262557701E+00     ESP at Nucleus =  -1.1274371513E+00
           ESPe = -1.5934442832E+01     ESPe at Nucleus = -1.5867974106E+01
           ESPn =  1.4808187062E+01     ESPn at Nucleus =  1.4740536955E+01

CP# 14     Coords = -2.63462358331235E+00  3.56835775341884E+00  3.19598421583540E+00
           Type = (3,-3) NACP H14
           Rho =  4.4006635850E-01     Rho at Nucleus =  4.3699308714E-01
           GradRho = -3.7497941608E-12 -6.2783410285E-12 -8.6355237797E-12
           HessRho_EigVals = -8.9976916040E+00 -8.9962386569E+00 -8.3161989431E+00
           HessRho_EigVec1 =  7.8642917044E-01 -6.1002331470E-01  9.6957286498E-02
           HessRho_EigVec2 =  5.1927298771E-01  5.6793739928E-01 -6.3859429588E-01
           HessRho_EigVec3 =  3.3449173999E-01  5.5255648219E-01  7.6341116698E-01
           DelSqRho = -2.6310129204E+01
           Bond Ellipticity = NA
           V = -6.5947424242E+00
           G =  8.6050616275E-03
           K =  6.5861373626E+00
           L =  6.5775323010E+00
           Vnuc =  5.0319834698E+01
           Ven = -2.2144066416E+01
           Vrep =  1.5549323992E+01
           DelSqV =  1.7187609927E+03
           DelSqVen =  1.3239213525E+03
           DelSqVrep =  3.9483964021E+02
           DelSqG =  1.3183608194E+02
           DelSqK = -1.8505970746E+03
           Stress_EigVals = -2.2556968071E+00 -2.2555927992E+00 -2.0834528180E+00
           Stress_EigVec1 =  1.5450158113E-01 -8.3138415751E-01  5.3378801418E-01
           Stress_EigVec2 =  9.2951642613E-01 -6.0796791141E-02 -3.6373474366E-01
           Stress_EigVec3 =  3.3485590183E-01  5.5236232025E-01  7.6339203046E-01
           -DivStress =  4.9369569589E+00  8.2811743484E+00  1.1384817875E+01
           ESP =  -1.1252100981E+00     ESP at Nucleus =  -1.1264076618E+00
           ESPe = -1.4156243251E+01     ESPe at Nucleus = -1.4091782445E+01
           ESPn =  1.3031033153E+01     ESPn at Nucleus =  1.2965374783E+01

CP# 15     Coords = -3.61501543208478E+00  3.70473118292113E+00  5.71941011411828E-02
           Type = (3,-3) NACP H15
           Rho =  4.3765017388E-01     Rho at Nucleus =  4.3443568297E-01
           GradRho =  8.8096173186E-11 -4.3331294864E-10  5.4190133221E-10
           HessRho_EigVals = -8.9493138555E+00 -8.9472792908E+00 -8.2461978432E+00
           HessRho_EigVec1 = -7.0333547011E-01  4.9194140040E-01  5.1314020994E-01
           HessRho_EigVec2 =  6.9831170538E-01  6.1316880115E-01  3.6930310507E-01
           HessRho_EigVec3 =  1.3296608067E-01 -6.1807578812E-01  7.7479180528E-01
           DelSqRho = -2.6142790989E+01
           Bond Ellipticity = NA
           V = -6.5527732354E+00
           G =  8.5377439928E-03
           K =  6.5442354914E+00
           L =  6.5356977474E+00
           Vnuc =  4.9942487346E+01
           Ven = -2.1857338271E+01
           Vrep =  1.5304565035E+01
           DelSqV =  1.7058683005E+03
           DelSqVen =  1.3056360100E+03
           DelSqVrep =  4.0023229053E+02
           DelSqG =  1.3089257872E+02
           DelSqK = -1.8367608793E+03
           Stress_EigVals = -2.2435889711E+00 -2.2432018987E+00 -2.0659823655E+00
           Stress_EigVec1 =  8.8025976201E-01 -2.8565052454E-01 -3.7887534785E-01
           Stress_EigVec2 =  4.5546802384E-01  7.3251340151E-01  5.0593773911E-01
           Stress_EigVec3 =  1.3300988924E-01 -6.1792223979E-01  7.7490675241E-01
           -DivStress = -1.9005746985E+00  9.4298313504E+00 -1.1789367132E+01
           ESP =  -1.1303307928E+00     ESP at Nucleus =  -1.1315721670E+00
           ESPe = -1.4738713922E+01     ESPe at Nucleus = -1.4677192590E+01
           ESPn =  1.3608383130E+01     ESPn at Nucleus =  1.3545620423E+01

CP# 16     Coords = -5.13385881497069E+00  1.68919179653950E+00  2.19301623014385E+00
           Type = (3,-3) NACP H16
