AIMSum (Version 17.01.25, Professional)
Copyright (c) 1997-2017 by Todd A. Keith
AIMSum is a component of the AIMAll package ( http://aim.tkgristmill.com )

TP:  64-bit Linux

Licensed To:  Research Group of Fernando Cortes Guzman, UNAM, fercor@unam.mx

Much of the Quantum Theory of Atoms in Molecules (QTAIM) is described in the book:
  "Atoms in Molecules - A Quantum Theory"
  R.F.W. Bader, Oxford University Press, Oxford, 1990

For additional references see:  http://aim.tkgristmill.com/references.html

Wfn File:  /home/alejandro/wd/aimqb_inps/isoleucine_b2plyp_def2QZVP.wfn
Sum File:  /home/alejandro/wd/aimqb_inps/isoleucine_b2plyp_def2QZVP.sum

SumViz File:  /home/alejandro/wd/aimqb_inps/isoleucine_b2plyp_def2QZVP.sumviz

Wfn Title:   opt isoleucine M062X def2TZVP                                                 
 
Total memory allocated for AIMSum =       17.046 Megabytes

Atomic units (a.u.) used throughout, except where stated otherwise

Model:  Unknown
 
Restricted, natural orbital wavefunction.
  Number of electrons (from MO Occs)                   =          71.9999981000
  Number of Alpha electrons (from MO Occs)             =          35.9999990500
  Number of Beta electrons (from MO Occs)              =          35.9999990500
  Number of electron pairs (N*(N-1)/2)                 =        2555.9998641500
  Number of electron pairs (from Muller 2EDM)          =        2555.9998550922
  Number of electron pairs (from Muller 2EDM, no SOSI) =        2556.4067016264
 
Nuclear Charges and Cartesian Coordinates:
-------------------------------------------------------------------------------
Atom      Charge                X                  Y                  Z
-------------------------------------------------------------------------------
O1         8.0           3.3788678900E+00  -1.9056112700E+00   2.3410919300E+00
O2         8.0           4.2669753200E+00  -1.0787908200E+00  -1.6977878300E+00
N3         7.0           1.1239757000E+00   3.1744649400E+00  -1.7417078300E+00
C4         6.0          -1.4791841100E+00   3.6757303000E-01   9.5181501000E-01
C5         6.0           1.1542943300E+00   1.5126771900E+00   4.3392508000E-01
C6         6.0          -2.3863131600E+00  -1.2027282400E+00  -1.3023077400E+00
C7         6.0          -3.3367741500E+00   2.4595775300E+00   1.6397367100E+00
C8         6.0          -4.8226815900E+00  -2.6502870100E+00  -7.8311619000E-01
C9         6.0           3.1009337800E+00  -5.8896796000E-01   1.8311572000E-01
H10        1.0          -1.2686744500E+00  -8.9637589000E-01   2.5744682000E+00
H11        1.0           1.6853814900E+00   2.6116913800E+00   2.1009770300E+00
H12        1.0          -9.0990181000E-01  -2.5478751100E+00  -1.8421848300E+00
H13        1.0          -2.6662184900E+00   5.1471340000E-02  -2.9218797900E+00
H14        1.0          -2.6257518200E+00   3.5832454300E+00   3.2164497500E+00
H15        1.0          -3.6184510300E+00   3.7217895600E+00   3.5870680000E-02
H16        1.0          -5.1578467400E+00   1.6793137100E+00   2.2004891200E+00
H17        1.0          -4.6340846800E+00  -3.8234611300E+00   9.0422588000E-01
H18        1.0          -5.2942293100E+00  -3.8860212400E+00  -2.3622768100E+00
H19        1.0          -6.4161048100E+00  -1.3775346100E+00  -4.9440143000E-01
H20        1.0           1.1595330800E+00   2.1249674800E+00  -3.3463476500E+00
H21        1.0           2.7127469100E+00   4.2402542800E+00  -1.7832633500E+00
H22        1.0           4.6173755200E+00  -3.2145703300E+00   2.0243835800E+00
 
Some Atomic Properties:
----------------------
  q(A) = Net Charge of Atom A
  L(A) = Lagrangian of Atom A = -(1/4) Times Atomic Integral of the Laplacian of the Electron Density
  K(A) = Electronic Kinetic Energy of Atom A (Hamiltonian Form)
  K_Scaled(A) = K(A) * E(Mol)/K(Mol) = Approximation to Virial-Based Total Energy of Atom A.
  |Mu_Intra(A)| = Magnitude of Intraatomic Dipole Moment of Atom A
--------------------------------------------------------------------------------------------------
Atom A          q(A)              L(A)              K(A)          K_Scaled(A)      |Mu_Intra(A)|
--------------------------------------------------------------------------------------------------
O1       -1.1858340487E+00  1.3279159386E-04  7.5730616802E+01 -7.5929794383E+01  2.9823566265E-01
O2       -1.2294274819E+00  4.1545331897E-05  7.5817033757E+01 -7.6016438621E+01  5.2022781679E-01
N3       -1.0352544035E+00  9.2059425416E-05  5.5000943125E+01 -5.5145600006E+01  2.6264466165E-01
C4        9.1745554200E-02 -8.9229689590E-04  3.7880611008E+01 -3.7980240045E+01  5.2043485709E-02
C5        4.1084564920E-01  2.1014781832E-04  3.7720114223E+01 -3.7819321141E+01  4.0010820850E-01
C6        9.0957161600E-02 -8.4130074692E-05  3.7865629823E+01 -3.7965219458E+01  2.5448701604E-03
C7        8.9190334500E-02 -2.4313169579E-04  3.7857994933E+01 -3.7957564488E+01  3.1775392002E-02
C8        9.6734971000E-02 -4.3781030614E-05  3.7840709335E+01 -3.7940233428E+01  1.1114583057E-02
C9        1.6130906794E+00  2.3781729653E-04  3.6939814488E+01 -3.7036969155E+01  8.8300186600E-01
H10      -2.7135549000E-02  6.8119091898E-06  6.5271501700E-01 -6.5443170971E-01  1.3152700062E-01
H11       5.8102648000E-04  4.2924666555E-05  6.4005002157E-01 -6.4173340433E-01  1.3322042200E-01
H12      -4.1795370500E-02  3.7772850701E-05  6.5299843721E-01 -6.5471587534E-01  1.2979172679E-01
H13      -3.4792883900E-02  4.5858279514E-05  6.4912285978E-01 -6.5083010483E-01  1.3605614668E-01
H14      -3.7141956700E-02  2.3984143616E-05  6.4233970342E-01 -6.4402910823E-01  1.4137856806E-01
H15      -7.5447434000E-03  2.6798464593E-05  6.3112694863E-01 -6.3278686299E-01  1.3897469487E-01
H16      -3.3821261100E-02  5.2554245138E-05  6.4401688961E-01 -6.4571070555E-01  1.3425483949E-01
H17      -3.5947848700E-02  2.3384265744E-05  6.4154323287E-01 -6.4323054290E-01  1.4155766641E-01
H18      -2.9734977500E-02  1.9127073834E-05  6.4011252645E-01 -6.4179607361E-01  1.3937373033E-01
H19      -3.2327963500E-02  7.6075841197E-05  6.4377874173E-01 -6.4547193132E-01  1.3481643247E-01
H20       3.6685261677E-01  4.2635386598E-05  4.8292993779E-01 -4.8420008216E-01  1.8616410252E-01
H21       3.5536002573E-01  2.9955904210E-05  4.8816962747E-01 -4.8945355264E-01  1.9392080107E-01
H22       6.1528063311E-01  2.4976329168E-05  3.4326435183E-01 -3.4416716454E-01  1.5898860867E-01
--------------------------------------------------------------------------------------------------
Total    -1.1983641000E-04 -9.6118870915E-05  4.4040563579E+02 -4.4156393784E+02
 
Molecular charge q(Mol) from the wfn file:   1.8999999991E-06
Molecular energy E(Mol) from the wfn file:  -4.4156406766E+02
Molecular virial ratio (-V(Mol)/T(Mol)) from the wfn file:   2.0026300800E+00
Note.  K_Scaled(A) = (1+V(Mol)/T(Mol))*K(A) = (E(Mol)/T(Mol))*K(A)
       Only use K_Scaled(A) data with caution.
 
N_AIMInt(SumA)     =         72.000120
N_Analytic(Mol)    =         71.999990
 
G_AIMInt(SumA)     =        440.405732
G_Analytic(Mol)    =        440.405742
 
K_AIMInt(SumA)     =        440.405636
K_Analytic(Mol)    =        440.405742
 
L_AIMInt(SumA)     =         -0.000096
L_Analytic(Mol)    =          0.000000
 
VenT_AIMInt(SumA)  =      -2019.555428
VenT_Analytic(Mol) =      -2019.555448
 
Some Information About the Atomic Calculations:
----------------------------------------------
  Time(sec) = "Elapsed User Time", in Seconds, for Atom A by AIMInt and, if used, by TWOe
  NProc = Number of Processors Used for AIMInt Job
  BIM = Basin Integration Method
  OAQ = Angular Quadrature Outside of Beta Sphere
  ORQ = Multiple of Default for Radial Quadrature Outside of Beta Sphere
  IAQ = Multiple of Default for Angular Quadrature Inside of Beta Sphere
  IRQ = Multiple of Default for Radial Quadrature Inside of Beta Sphere
  MIR = Maximum Integration Radius
------------------------------------------------------------------------------------------------------
Atom A     Time(sec)   NProc      BIM              OAQ                 ORQ      IAQ      IRQ      MIR
------------------------------------------------------------------------------------------------------
O1            260       16     Proaim(5)    4334      (Very High)      1.00     1.00     1.00    13.00
O2            252       16     Proaim(5)    3074      (Very High)      1.00     1.00     1.00    13.00
N3            370       16     Proaim(5)    4334      (Very High)      1.00     1.00     1.00    13.00
C4            903       16     Proaim(5)    4334      (Very High)      1.00     1.00     1.00    13.00
C5            720       16     Proaim(5)    4334      (Very High)      1.00     1.00     1.00    13.00
C6            618       16     Proaim(5)    4334      (Very High)      1.00     1.00     1.00    13.00
C7            529       16     Proaim(5)    4334      (Very High)      1.00     1.00     1.00    13.00
C8            391       16     Proaim(5)    4334      (Very High)      1.00     1.00     1.00    13.00
C9            329       16     Proaim(5)    4334      (Very High)      1.00     1.00     1.00    13.00
H10           144       16     Proaim(5)    2030      (Very High)      1.00     1.00     1.00    13.00
H11           108       16     Proaim(5)    2030      (Very High)      1.00     1.00     1.00    13.00
H12           136       16     Proaim(5)    2030      (Very High)      1.00     1.00     1.00    13.00
H13           141       16     Proaim(5)    2030      (Very High)      1.00     1.00     1.00    13.00
H14           120       16     Proaim(5)    2030      (Very High)      1.00     1.00     1.00    13.00
H15           130       16     Proaim(5)    2030      (Very High)      1.00     1.00     1.00    13.00
H16           189       16     Proaim(5)    2030      (Very High)      1.00     1.00     1.00    13.00
H17           110       16     Proaim(5)    2030      (Very High)      1.00     1.00     1.00    13.00
H18            90       16     Proaim(5)    2030      (Very High)      1.00     1.00     1.00    13.00
H19           165       16     Proaim(5)    2030      (Very High)      1.00     1.00     1.00    13.00
H20            94       16     Proaim(5)    2030      (Very High)      1.00     1.00     1.00    13.00
H21            88       16     Proaim(5)    2030      (Very High)      1.00     1.00     1.00    13.00
H22            69       16     Proaim(5)    2030      (Very High)      1.00     1.00     1.00    13.00
------------------------------------------------------------------------------------------------------
Total        5956
Note:  Total wall clock time is less than total of atomic times if more than one atom
       was calculated at a time
 
Electron Density Critical Point Analysis of Molecular Structure:               
---------------------------------------------------------------                
  NACP = Nuclear Attractor Critical Point                                      
  NNACP = Non-Nuclear Attractor Critical Point                                 
  BCP = Bond Critical Point                                                    
  RCP = Ring Critical Point                                                    
  CCP = Cage Critical Point                                                    
  Rho = Electron Density                                                       
  GradRho = Gradient of Electron Density                                       
  HessRho_EigVals = Eigenvalues of the Hessian of Rho, Ascending Order         
  HessRho_EigVecs = Eigenvectors of the Hessian of Rho                         
  DelSqRho = Laplacian of Rho = Trace of Hessian of Rho                        
  Bond Ellipticity = (HessRho_EigVal(1) / HessRho_EigVal(2)) - 1               
  V = Virial Field = Potential Energy Density = Trace of Stress Tensor         
  G = Lagrangian Form of Kinetic Energy Density                                
  K = Hamiltonian Form of Kinetic Energy Density                               
  L = K - G = Lagrangian Density = (-1/4)DelSqRho                              
  Vnuc = Electrostatic Potential from Nuclei                                   
  Ven = Electron-nuclear attractive contribution to Virial Field V             
  Vrep = V - Ven = Repulsive contribution to Virial Field V                    
  DelSqV = Laplacian of V                                                      
  DelSqVen = Laplacian of Ven                                                  
  DelSqVrep = Laplacian of Vrep                                                
  DelSqG = Laplacian of G                                                      
  DelSqK = Laplacian of K                                                      
  Stress_EigVals = Eigenvalues of Stress Tensor, Ascending Order               
  Stress_EigVecs = Eigenvectors of Stress Tensor                               
  -DivStress = Ehrenfest Force Density = Minus Divergence of Stress Tensor     
  ESP = Total Electrostatic Potential                                          
  ESPe = Electrostatic Potential from Electrons                                
  ESPn = Electrostatic Potential from Nuclei                                   
  BP = Bond Path                                                               
  BPL = Bond Path Length                                                       
  GBL = Geometric Bond Length                                                  
  GBL_I = Distance Between Nuclear Attractors                                  
  GBL_II = Distance Between Nuclei                                             
  GBL_III = Sum of Distances Between BCP and Nuclear Attractors                
  GBL_IV = Sum of Distances Between BCP and Nuclei                             

CP# 1      Coords =  3.37886931681867E+00 -1.90561181595322E+00  2.34108945391846E+00
           Type = (3,-3) NACP O1
           Rho =  3.0701184474E+02     Rho at Nucleus =  3.0701183116E+02
           GradRho = -3.7835272431E-11  6.7540441914E-11  2.2029509515E-10
           HessRho_EigVals = -3.2082869962E+06 -3.2082545637E+06 -3.2082482774E+06
           HessRho_EigVec1 = -4.8844523199E-01  7.6408221677E-01 -4.2142570088E-01
           HessRho_EigVec2 = -4.6352414993E-01  1.8198560231E-01  8.6719467421E-01
           HessRho_EigVec3 =  7.3930143905E-01  6.1891809359E-01  2.6528056027E-01
           DelSqRho = -9.6247898373E+06
           Bond Ellipticity = NA
           V = -2.4063799147E+06
           G =  9.1227690261E+01
           K =  2.4062886870E+06
           L =  2.4061974593E+06
           Vnuc =  2.7496797497E+06
           Ven = -8.4418425239E+08
           Vrep =  8.4177787248E+08
           DelSqV =  1.9823822914E+12
           DelSqVen =  2.6465089700E+13
           DelSqVrep = -2.4482707408E+13
           DelSqG =  2.5146681103E+10
           DelSqK = -2.0075289725E+12
           Stress_EigVals = -8.0213099033E+05 -8.0212721108E+05 -8.0212171330E+05
           Stress_EigVec1 =  7.3370382874E-01  6.2112525206E-01  2.7546708141E-01
           Stress_EigVec2 = -4.6994809181E-01  1.7107670708E-01  8.6595701469E-01
           Stress_EigVec3 = -4.9074176783E-01  7.6481120647E-01 -4.1741626198E-01
           -DivStress = -9.3657936302E+05  3.5836779111E+05  1.6253375067E+06
           ESP =  -2.2307835254E+01     ESP at Nucleus =  -2.2307835323E+01
           ESPe = -3.4474227345E+01     ESPe at Nucleus = -3.4474224543E+01
           ESPn =  1.2166392092E+01     ESPn at Nucleus =  1.2166389220E+01

CP# 2      Coords =  4.26697385168009E+00 -1.07879027500519E+00 -1.69778534582530E+00
           Type = (3,-3) NACP O2
           Rho =  3.0725818320E+02     Rho at Nucleus =  3.0725816935E+02
           GradRho = -8.4021182509E-10  7.8467683799E-11  1.1126267368E-10
           HessRho_EigVals = -3.2108556920E+06 -3.2108454129E+06 -3.2108200282E+06
           HessRho_EigVec1 =  7.2026811831E-01  6.2536277055E-01  3.0022532032E-01
           HessRho_EigVec2 = -5.2966148164E-01  2.1629555605E-01  8.2016763366E-01
           HessRho_EigVec3 = -4.4796490110E-01  7.4975838618E-01 -4.8702136476E-01
           DelSqRho = -9.6325211331E+06
           Bond Ellipticity = NA
           V = -2.4083114756E+06
           G =  9.0596169921E+01
           K =  2.4082208794E+06
           L =  2.4081302833E+06
           Vnuc =  2.7241741620E+06
           Ven = -8.3702480373E+08
           Vrep =  8.3461649225E+08
           DelSqV =  1.9839716642E+12
           DelSqVen =  2.6240665190E+13
           DelSqVrep = -2.4256693526E+13
           DelSqG =  2.5166892046E+10
           DelSqK = -2.0091385562E+12
           Stress_EigVals = -8.0277626314E+05 -8.0276788599E+05 -8.0276732647E+05
           Stress_EigVec1 = -4.5452217378E-01  7.5239990118E-01 -4.7676407398E-01
           Stress_EigVec2 = -5.4662853899E-01  1.8699377949E-01  8.1622948170E-01
           Stress_EigVec3 =  7.0328289750E-01  6.3160724753E-01  3.2629043958E-01
           -DivStress =  9.6461356367E+05 -3.5803897900E+05 -1.6319657857E+06
           ESP =  -2.2368273927E+01     ESP at Nucleus =  -2.2368273999E+01
           ESPe = -3.4545987644E+01     ESPe at Nucleus = -3.4545980796E+01
           ESPn =  1.2177713717E+01     ESPn at Nucleus =  1.2177706797E+01

CP# 3      Coords =  1.12397814630500E+00  3.17446307934187E+00 -1.74170773978304E+00
           Type = (3,-3) NACP N3
           Rho =  2.0212316165E+02     Rho at Nucleus =  2.0212315394E+02
           GradRho =  1.0618281853E-10 -1.7814082384E-11 -3.8734442234E-11
           HessRho_EigVals = -1.6322927634E+06 -1.6322901666E+06 -1.6322720535E+06
           HessRho_EigVec1 = -2.8939393440E-01 -5.0190890264E-01  8.1506969283E-01
           HessRho_EigVec2 =  5.0072676130E-01  6.4633011428E-01  5.7578650027E-01
           HessRho_EigVec3 =  8.1579645822E-01 -5.7475632822E-01 -6.4275204594E-02
           DelSqRho = -4.8968549835E+06
           Bond Ellipticity = NA
           V = -1.2242821850E+06
           G =  3.4219582261E+01
           K =  1.2242479655E+06
           L =  1.2242137459E+06
           Vnuc =  2.2765596804E+06
           Ven = -4.6014544029E+08
           Vrep =  4.5892115810E+08
           DelSqV =  7.8571684521E+11
           DelSqVen =  1.1147982627E+13
           DelSqVrep = -1.0362265773E+13
           DelSqG =  9.8869564153E+09
           DelSqK = -7.9560380163E+11
           Stress_EigVals = -4.0809642957E+05 -4.0809323517E+05 -4.0809252030E+05
           Stress_EigVec1 =  8.2015173830E-01 -5.6351343865E-01 -9.9013790108E-02
           Stress_EigVec2 =  5.1457363609E-01  6.5083745634E-01  5.5823344442E-01
           Stress_EigVec3 = -2.5013016453E-01 -5.0878601581E-01  8.2375463028E-01
           -DivStress = -6.3647244481E+05  4.8410356800E+05 -2.3474465094E+04
           ESP =  -1.8405795833E+01     ESP at Nucleus =  -1.8405795886E+01
           ESPe = -3.1434675290E+01     ESPe at Nucleus = -3.1434672396E+01
           ESPn =  1.3028879456E+01     ESPn at Nucleus =  1.3028876510E+01

CP# 4      Coords = -1.47918387627173E+00  3.67573263383741E-01  9.51814827310306E-01
           Type = (3,-3) NACP C4
           Rho =  1.2463200466E+02     Rho at Nucleus =  1.2463200460E+02
           GradRho =  1.1357919320E-09  1.0939364597E-09 -8.1880927656E-10
           HessRho_EigVals = -7.4198129517E+05 -7.4198061089E+05 -7.4198004130E+05
           HessRho_EigVec1 =  9.5902945695E-01  2.4265670787E-01 -1.4621977578E-01
           HessRho_EigVec2 = -8.0102123015E-02  7.2730938107E-01  6.8161918554E-01
           HessRho_EigVec3 =  2.7174648220E-01 -6.4198036289E-01  7.1694843822E-01
           DelSqRho = -2.2259419474E+06
           Bond Ellipticity = NA
           V = -5.5650629684E+05
           G =  1.0405001623E+01
           K =  5.5649589184E+05
           L =  5.5648548684E+05
           Vnuc =  1.5895943575E+07
           Ven = -1.9811433137E+09
           Vrep =  1.9805868074E+09
           DelSqV =  2.6386160318E+11
           DelSqVen =  3.5383447388E+13
           DelSqVrep = -3.5119586309E+13
           DelSqG =  3.3130941893E+09
           DelSqK = -2.6717469737E+11
           Stress_EigVals = -1.8550227220E+05 -1.8550211224E+05 -1.8550191240E+05
           Stress_EigVec1 =  2.8181713185E-01 -6.3882951117E-01  7.1587426260E-01
           Stress_EigVec2 = -9.8509260654E-02  7.2290783220E-01  6.8388609557E-01
           Stress_EigVec3 =  9.5439773143E-01  2.6325106229E-01 -1.4079718903E-01
           -DivStress = -2.0422069709E+04 -2.0390966010E+04  1.5962563798E+04
           ESP =  -1.4761117155E+01     ESP at Nucleus =  -1.4761117156E+01
           ESPe = -3.0620378026E+01     ESPe at Nucleus = -3.0620377723E+01
           ESPn =  1.5859260871E+01     ESPn at Nucleus =  1.5859260568E+01

CP# 5      Coords =  1.15429471420466E+00  1.51267736431688E+00  4.33924244884390E-01
           Type = (3,-3) NACP C5
           Rho =  1.2463752645E+02     Rho at Nucleus =  1.2463752612E+02
           GradRho = -4.3410825848E-11  3.1007910662E-11  9.8947761950E-12
           HessRho_EigVals = -7.4201277565E+05 -7.4201117743E+05 -7.4201042612E+05
           HessRho_EigVec1 = -2.7646503009E-01  7.4393227843E-01 -6.0838462525E-01
           HessRho_EigVec2 = -7.9901796616E-01  1.7381709641E-01  5.7563695742E-01
           HessRho_EigVec3 =  5.3398256234E-01  6.4525373467E-01  5.4636090729E-01
           DelSqRho = -2.2260343792E+06
           Bond Ellipticity = NA
           V = -5.5652924778E+05
           G =  1.0326490396E+01
           K =  5.5651892129E+05
           L =  5.5650859480E+05
           Vnuc =  6.4127556936E+06
           Ven = -7.9927000735E+08
           Vrep =  7.9871347810E+08
           DelSqV =  2.6387247559E+11
           DelSqVen =  1.4275014033E+13
           DelSqVrep = -1.4011141296E+13
           DelSqG =  3.3132215173E+09
           DelSqK = -2.6718569711E+11
           Stress_EigVals = -1.8551003907E+05 -1.8550979684E+05 -1.8550941188E+05
           Stress_EigVec1 =  5.3411863176E-01  6.3965544061E-01  5.5277319446E-01
           Stress_EigVec2 = -7.9738829589E-01  1.6393977893E-01  5.8077160266E-01
           Stress_EigVec3 = -2.8087220009E-01  7.5097580932E-01 -5.9761705216E-01
           -DivStress = -3.3570060482E+04 -1.5231658848E+04  7.2971561962E+04
           ESP =  -1.4723121305E+01     ESP at Nucleus =  -1.4723121309E+01
           ESPe = -3.0979877099E+01     ESPe at Nucleus = -3.0979876842E+01
           ESPn =  1.6256755794E+01     ESPn at Nucleus =  1.6256755534E+01

CP# 6      Coords = -2.38631327819144E+00 -1.20272831743656E+00 -1.30230760595123E+00
           Type = (3,-3) NACP C6
           Rho =  1.2461637174E+02     Rho at Nucleus =  1.2461637173E+02
           GradRho = -2.4660491328E-10 -4.1393270128E-11  2.3106919082E-10
           HessRho_EigVals = -7.4188004185E+05 -7.4187966278E+05 -7.4187916129E+05
           HessRho_EigVec1 =  7.1536919142E-01  6.1174045842E-01  3.3766926348E-01
           HessRho_EigVec2 = -4.9521148638E-01  1.0293181189E-01  8.6265324775E-01
           HessRho_EigVec3 = -4.9296298413E-01  7.8433325419E-01 -3.7657514874E-01
           DelSqRho = -2.2256388659E+06
           Bond Ellipticity = NA
           V = -5.5643082476E+05
           G =  1.0554140288E+01
           K =  5.5642027062E+05
           L =  5.5640971648E+05
           Vnuc =  3.0805841280E+07
           Ven = -3.8389121688E+09
           Vrep =  3.8383557380E+09
           DelSqV =  2.6382573076E+11
           DelSqVen =  6.8562660098E+13
           DelSqVrep = -6.8298834367E+13
           DelSqG =  3.3126088381E+09
           DelSqK = -2.6713833960E+11
           Stress_EigVals = -1.8547706936E+05 -1.8547692915E+05 -1.8547682624E+05
           Stress_EigVec1 = -4.9254357811E-01  7.8780878407E-01 -3.6980825222E-01
           Stress_EigVec2 = -5.0895863057E-01  8.3936969968E-02  8.5668879848E-01
           Stress_EigVec3 =  7.0594754482E-01  6.1017366775E-01  3.5961946436E-01
           -DivStress =  1.0324853298E+04  6.7641707508E+03 -1.1711891050E+04
           ESP =  -1.4773717649E+01     ESP at Nucleus =  -1.4773717649E+01
           ESPe = -2.9172337060E+01     ESPe at Nucleus = -2.9172337031E+01
           ESPn =  1.4398619411E+01     ESPn at Nucleus =  1.4398619382E+01

CP# 7      Coords = -3.33677406614645E+00  2.45957735880237E+00  1.63973680825639E+00
           Type = (3,-3) NACP C7
           Rho =  1.2462508156E+02     Rho at Nucleus =  1.2462508154E+02
           GradRho =  2.2871701134E-10 -1.2648688557E-10  1.4706619729E-10
           HessRho_EigVals = -7.4192558401E+05 -7.4192481191E+05 -7.4192457795E+05
           HessRho_EigVec1 = -5.8442385506E-01  7.3837812690E-01  3.3652117222E-01
           HessRho_EigVec2 =  7.9428165884E-01  4.3569218137E-01  4.2342528210E-01
           HessRho_EigVec3 = -1.6602832308E-01 -5.1475243061E-01  8.4110910774E-01
           DelSqRho = -2.2257749739E+06
           Bond Ellipticity = NA
           V = -5.5646514259E+05
           G =  1.0699561580E+01
           K =  5.5645444303E+05
           L =  5.5644374347E+05
           Vnuc =  2.7976871313E+07
           Ven = -3.4866198690E+09
           Vrep =  3.4860634039E+09
           DelSqV =  2.6384185731E+11
           DelSqVen =  6.2270151328E+13
           DelSqVrep = -6.2006305276E+13
           DelSqG =  3.3127838622E+09
           DelSqK = -2.6715464118E+11
           Stress_EigVals = -1.8548849515E+05 -1.8548842860E+05 -1.8548821884E+05
           Stress_EigVec1 = -1.8320784725E-01 -5.0798931383E-01  8.4165416992E-01
           Stress_EigVec2 =  7.9012769260E-01  4.3331038817E-01  4.3352086097E-01
           Stress_EigVec3 = -5.8492145976E-01  7.4443869092E-01  3.2199056099E-01
           -DivStress = -7.3273086080E+03  1.4958175256E+04 -8.5836292028E+03
           ESP =  -1.4788506795E+01     ESP at Nucleus =  -1.4788506795E+01
           ESPe = -2.7466620254E+01     ESPe at Nucleus = -2.7466620052E+01
           ESPn =  1.2678113460E+01     ESPn at Nucleus =  1.2678113257E+01

CP# 8      Coords = -4.82268145678605E+00 -2.65028694802631E+00 -7.83116210774632E-01
           Type = (3,-3) NACP C8
           Rho =  1.2461393475E+02     Rho at Nucleus =  1.2461393474E+02
           GradRho = -2.3870454938E-11  1.7304670698E-10  8.2326865803E-12
           HessRho_EigVals = -7.4185936665E+05 -7.4185864233E+05 -7.4185856558E+05
           HessRho_EigVec1 =  8.0404217039E-01  5.4605256242E-01 -2.3525047780E-01
           HessRho_EigVec2 = -4.3783472427E-01  2.7607800833E-01 -8.5561772278E-01
           HessRho_EigVec3 = -4.0226476661E-01  7.9095355894E-01  4.6105913412E-01
           DelSqRho = -2.2255765746E+06
           Bond Ellipticity = NA
           V = -5.5641550839E+05
           G =  1.0682377107E+01
           K =  5.5640482602E+05
           L =  5.5639414364E+05
           Vnuc =  4.0435206990E+07
           Ven = -5.0387902454E+09
           Vrep =  5.0382338299E+09
           DelSqV =  2.6381836540E+11
           DelSqVen =  8.9991577338E+13
           DelSqVrep = -8.9727725418E+13
           DelSqG =  3.3124893763E+09
           DelSqK = -2.6713085478E+11
           Stress_EigVals = -1.8547191553E+05 -1.8547189588E+05 -1.8547169698E+05
           Stress_EigVec1 = -4.0953023904E-01  7.9848620666E-01  4.4125362445E-01
           Stress_EigVec2 = -4.3689162019E-01  2.5294979591E-01 -8.6321614498E-01
           Stress_EigVec3 =  8.0088119938E-01  5.4629312510E-01 -2.4526134214E-01
           -DivStress = -1.1638461565E+04 -5.4146166423E+03  1.8148275466E+03
           ESP =  -1.4782888889E+01     ESP at Nucleus =  -1.4782888889E+01
           ESPe = -2.6330214885E+01     ESPe at Nucleus = -2.6330214673E+01
           ESPn =  1.1547325996E+01     ESPn at Nucleus =  1.1547325784E+01

CP# 9      Coords =  3.10093434316260E+00 -5.88969215234203E-01  1.83117041593209E-01
           Type = (3,-3) NACP C9
           Rho =  1.2491361255E+02     Rho at Nucleus =  1.2491361120E+02
           GradRho = -1.4278381234E-10  2.5045556406E-11  8.7766224691E-12
           HessRho_EigVals = -7.4363433030E+05 -7.4363167746E+05 -7.4362851859E+05
           HessRho_EigVec1 = -7.2587043931E-01 -6.2500457731E-01 -2.8719572365E-01
           HessRho_EigVec2 = -9.5381697900E-02  5.0496649129E-01 -8.5785265307E-01
           HessRho_EigVec3 = -6.8118605171E-01  5.9529666640E-01  4.2615424665E-01
           DelSqRho = -2.2308945263E+06
           Bond Ellipticity = NA
           V = -5.5774337418E+05
           G =  9.8712957999E+00
           K =  5.5773350288E+05
           L =  5.5772363159E+05
           Vnuc =  3.1451414419E+06
           Ven = -3.9287097950E+08
           Vrep =  3.9231323612E+08
           DelSqV =  2.6444730825E+11
           DelSqVen =  7.0164787937E+12
           DelSqVrep = -6.7520314855E+12
           DelSqG =  3.3203446199E+09
           DelSqK = -2.6776765287E+11
           Stress_EigVals = -1.8591550712E+05 -1.8591438537E+05 -1.8591348169E+05
           Stress_EigVec1 = -6.6272669029E-01  5.1848509792E-01  5.4033927972E-01
           Stress_EigVec2 =  1.8981586972E-01 -5.8167836645E-01  7.9096157531E-01
           Stress_EigVec3 =  7.2440545938E-01  6.2675631727E-01  2.8707707881E-01
           -DivStress = -4.9309584127E+04  1.0991250082E+05 -1.1573298927E+05
           ESP =  -1.4642216222E+01     ESP at Nucleus =  -1.4642216235E+01
           ESPe = -3.0956363866E+01     ESPe at Nucleus = -3.0956364412E+01
           ESPn =  1.6314147645E+01     ESPn at Nucleus =  1.6314148177E+01

CP# 10     Coords = -1.26982974481519E+00 -8.89186665153378E-01  2.56522125996781E+00
           Type = (3,-3) NACP H10
           Rho =  4.7432903395E-01     Rho at Nucleus =  4.7272328156E-01
           GradRho = -3.0607615636E-13  1.9000984476E-12 -2.4453372912E-12
           HessRho_EigVals = -2.3855216919E+01 -2.3854003219E+01 -2.2533146689E+01
           HessRho_EigVec1 = -1.6085046994E-01  7.6929112952E-01  6.1831891800E-01
           HessRho_EigVec2 =  9.8211028535E-01  1.8690293246E-01  2.2949537035E-02
           HessRho_EigVec3 =  9.7910743703E-02 -6.1094881281E-01  7.8559215525E-01
           DelSqRho = -7.0242366827E+01
           Bond Ellipticity = NA
           V = -1.7581334959E+01
           G =  1.0371626169E-02
           K =  1.7570963333E+01
           L =  1.7560591707E+01
           Vnuc =  1.0077115062E+02
           Ven = -4.7798682524E+01
           Vrep =  3.0217347565E+01
           DelSqV =  2.3933897656E+04
           DelSqVen =  7.0784041276E+03
           DelSqVrep =  1.6855493528E+04
           DelSqG =  8.6930169304E+02
           DelSqK = -2.4803199349E+04
           Stress_EigVals = -5.9714436151E+00 -5.9709081331E+00 -5.6389832110E+00
           Stress_EigVec1 = -2.5306172819E-01  7.4810719682E-01  6.1342920031E-01
           Stress_EigVec2 =  9.6249669247E-01  2.5876656190E-01  8.1486093407E-02
           Stress_EigVec3 =  9.7774632216E-02 -6.1104458798E-01  7.8553461591E-01
           -DivStress =  9.2267104308E+00 -5.7417802183E+01  7.3850298105E+01
           ESP =  -1.1273578099E+00     ESP at Nucleus =  -1.1275310661E+00
           ESPe = -1.6934490327E+01     ESPe at Nucleus = -1.6902752443E+01
           ESPn =  1.5807132518E+01     ESPn at Nucleus =  1.5775221376E+01

CP# 11     Coords =  1.68244253197688E+00  2.60529666963770E+00  2.09124740644688E+00
           Type = (3,-3) NACP H11
           Rho =  4.7180263351E-01     Rho at Nucleus =  4.7014135713E-01
           GradRho = -1.0240474044E-12 -2.2277071603E-12 -3.3811615105E-12
           HessRho_EigVals = -2.3731389763E+01 -2.3724704818E+01 -2.2368958857E+01
           HessRho_EigVec1 =  4.5337270593E-02 -8.4084731201E-01  5.3937030858E-01
           HessRho_EigVec2 =  9.6767649337E-01 -9.7120434958E-02 -2.3274411978E-01
           HessRho_EigVec3 =  2.4808614647E-01  5.3248795197E-01  8.0926500291E-01
           DelSqRho = -6.9825053438E+01
           Bond Ellipticity = NA
           V = -1.7475769778E+01
           G =  9.7532093408E-03
           K =  1.7466016569E+01
           L =  1.7456263360E+01
           Vnuc =  9.8700548963E+01
           Ven = -4.6567178929E+01
           Vrep =  2.9091409151E+01
           DelSqV =  2.3764427590E+04
           DelSqVen =  6.8917711058E+03
           DelSqVrep =  1.6872656484E+04
           DelSqG =  8.6357683943E+02
           DelSqK = -2.4628004429E+04
           Stress_EigVals = -5.9391576239E+00 -5.9388793089E+00 -5.5977328455E+00
           Stress_EigVec1 =  7.8980771907E-01  3.7324585802E-01 -4.8671479983E-01
           Stress_EigVec2 =  5.6102049177E-01 -7.6034984519E-01  3.2729821375E-01
           Stress_EigVec3 =  2.4791082009E-01  5.3155963202E-01  8.0992875174E-01
           -DivStress =  2.3329081343E+01  5.0760380771E+01  7.7231966560E+01
           ESP =  -1.1003260974E+00     ESP at Nucleus =  -1.1005075554E+00
           ESPe = -1.6524014757E+01     ESPe at Nucleus = -1.6487986023E+01
           ESPn =  1.5423688659E+01     ESPn at Nucleus =  1.5387478468E+01

CP# 12     Coords = -9.18111059876967E-01 -2.54028432968432E+00 -1.83898628136616E+00
           Type = (3,-3) NACP H12
           Rho =  4.7253876505E-01     Rho at Nucleus =  4.7097553510E-01
           GradRho = -1.8286583407E-12  1.6908152841E-12  7.0968749627E-13
           HessRho_EigVals = -2.3775224312E+01 -2.3774958625E+01 -2.2484447260E+01
           HessRho_EigVec1 = -2.4777226466E-01 -5.9116558701E-01  7.6754944701E-01
           HessRho_EigVec2 =  6.6107005696E-01  4.7599664458E-01  5.8001170173E-01
           HessRho_EigVec3 =  7.0823391945E-01 -6.5111476952E-01 -2.7286310168E-01
           DelSqRho = -7.0034630197E+01
           Bond Ellipticity = NA
           V = -1.7529561936E+01
           G =  1.0452193457E-02
           K =  1.7519109743E+01
           L =  1.7508657549E+01
           Vnuc =  1.0127000011E+02
           Ven = -4.7854000788E+01
           Vrep =  3.0324438852E+01
           DelSqV =  2.3879880261E+04
           DelSqVen =  7.0924070078E+03
           DelSqVrep =  1.6787473253E+04
           DelSqG =  8.6742630279E+02
           DelSqK = -2.4747306564E+04
           Stress_EigVals = -5.9515981543E+00 -5.9513403848E+00 -5.6266233973E+00
           Stress_EigVec1 = -1.8329254033E-01 -5.4252579414E-01  8.1979851631E-01
           Stress_EigVec2 =  6.8195841337E-01  5.3046641352E-01  5.0352567617E-01
           Stress_EigVec3 =  7.0805124610E-01 -6.5136099577E-01 -2.7274949329E-01
           -DivStress =  6.5376794110E+01 -6.0452201724E+01 -2.5472306936E+01
           ESP =  -1.1278518062E+00     ESP at Nucleus =  -1.1280172854E+00
           ESPe = -1.6408733419E+01     ESPe at Nucleus = -1.6383130482E+01
           ESPn =  1.5280881612E+01     ESPn at Nucleus =  1.5255113197E+01

CP# 13     Coords = -2.66461981459363E+00  4.44031888771964E-02 -2.91270334662156E+00
           Type = (3,-3) NACP H13
           Rho =  4.7174489939E-01     Rho at Nucleus =  4.7016779915E-01
           GradRho =  3.8701207605E-13 -1.6954143091E-12  2.2068545175E-12
           HessRho_EigVals = -2.3732988130E+01 -2.3732242513E+01 -2.2431548181E+01
           HessRho_EigVec1 =  3.0867783725E-02  7.9517497138E-01  6.0559387779E-01
           HessRho_EigVec2 =  9.9038242245E-01  5.7421757229E-02 -1.2587850931E-01
           HessRho_EigVec3 =  1.3486970467E-01 -6.0365512231E-01  7.8575483204E-01
           DelSqRho = -6.9896778824E+01
           Bond Ellipticity = NA
           V = -1.7495001792E+01
           G =  1.0403542985E-02
           K =  1.7484598249E+01
           L =  1.7474194706E+01
           Vnuc =  1.0029266788E+02
           Ven = -4.7312554520E+01
           Vrep =  2.9817552728E+01
           DelSqV =  2.3825766645E+04
           DelSqVen =  7.0101344245E+03
           DelSqVrep =  1.6815632220E+04
           DelSqG =  8.6547044386E+02
           DelSqK = -2.4691237088E+04
           Stress_EigVals = -5.9408574164E+00 -5.9407754040E+00 -5.6133689715E+00
           Stress_EigVec1 = -3.4654139658E-01  7.1396410973E-01  6.0841130041E-01
           Stress_EigVec2 =  9.2825066120E-01  3.5444557430E-01  1.1277874286E-01
           Stress_EigVec3 =  1.3512871804E-01 -6.0384069495E-01  7.8556772126E-01
           -DivStress = -1.2706527266E+01  5.6178455352E+01 -7.2932944374E+01
           ESP =  -1.1291202913E+00     ESP at Nucleus =  -1.1292891888E+00
           ESPe = -1.5899093540E+01     ESPe at Nucleus = -1.5869826144E+01
           ESPn =  1.4769973248E+01     ESPn at Nucleus =  1.4740536955E+01

CP# 14     Coords = -2.62966350710512E+00  3.57675819079201E+00  3.20750509133889E+00
           Type = (3,-3) NACP H14
           Rho =  4.6904199633E-01     Rho at Nucleus =  4.6746634539E-01
           GradRho = -9.6147373682E-13 -1.6011556990E-12 -2.2024861671E-12
           HessRho_EigVals = -2.3597084864E+01 -2.3596375370E+01 -2.2298384376E+01
           HessRho_EigVec1 =  7.3636809213E-01 -6.5890453797E-01  1.5364518453E-01
           HessRho_EigVec2 =  5.8778129155E-01  5.1054179591E-01 -6.2758284547E-01
           HessRho_EigVec3 =  3.3507489639E-01  5.5244174758E-01  7.6323844855E-01
           DelSqRho = -6.9491844611E+01
           Bond Ellipticity = NA
           V = -1.7393540819E+01
           G =  1.0289832917E-02
           K =  1.7383250986E+01
           L =  1.7372961153E+01
           Vnuc =  9.8307550262E+01
           Ven = -4.6110369629E+01
           Vrep =  2.8716828810E+01
           DelSqV =  2.3685356237E+04
           DelSqVen =  6.8315730069E+03
           DelSqVrep =  1.6853783230E+04
           DelSqG =  8.6040032151E+02
           DelSqK = -2.4545756559E+04
           Stress_EigVals = -5.9071211242E+00 -5.9067735780E+00 -5.5796461163E+00
           Stress_EigVec1 =  3.3152563656E-01  6.8915437384E-01 -6.4432678147E-01
           Stress_EigVec2 =  8.8183655964E-01 -4.6910479836E-01 -4.8010105575E-02
           Stress_EigVec3 =  3.3534315915E-01  5.5227433145E-01  7.6324178898E-01
           -DivStress =  3.0911296904E+01  5.1262758973E+01  7.0681990869E+01
           ESP =  -1.1278570170E+00     ESP at Nucleus =  -1.1280313646E+00
           ESPe = -1.4121760336E+01     ESPe at Nucleus = -1.4093406148E+01
           ESPn =  1.2993903319E+01     ESPn at Nucleus =  1.2965374783E+01

CP# 15     Coords = -3.61693412764789E+00  3.71434569526181E+00  4.52166535367370E-02
           Type = (3,-3) NACP H15
           Rho =  4.6615824406E-01     Rho at Nucleus =  4.6450808739E-01
           GradRho =  5.4530191063E-13 -2.6662760447E-12  3.3460502319E-12
           HessRho_EigVals = -2.3428602490E+01 -2.3427153918E+01 -2.2082928177E+01
           HessRho_EigVec1 =  7.9915249896E-01 -3.9694227478E-01 -4.5143339918E-01
           HessRho_EigVec2 =  5.8662892757E-01  6.7891999183E-01  4.4151347208E-01
           HessRho_EigVec3 =  1.3123179773E-01 -6.1766048537E-01  7.7541842903E-01
           DelSqRho = -6.8938684585E+01
           Bond Ellipticity = NA
           V = -1.7255044970E+01
           G =  1.0186912044E-02
           K =  1.7244858058E+01
           L =  1.7234671146E+01
           Vnuc =  9.6601440267E+01
           Ven = -4.5031557769E+01
           Vrep =  2.7776512799E+01
           DelSqV =  2.3460167845E+04
           DelSqVen =  6.6595762211E+03
           DelSqVrep =  1.6800591624E+04
           DelSqG =  8.5202810437E+02
           DelSqK = -2.4312195949E+04
           Stress_EigVals = -5.8648062395E+00 -5.8644502134E+00 -5.5257885174E+00
           Stress_EigVec1 =  9.8855359262E-01  2.2673549114E-02 -1.4915664482E-01
           Stress_EigVec2 =  7.4518591058E-02  7.8624900538E-01  6.1339993571E-01
           Stress_EigVec3 =  1.3118221721E-01 -6.1749365318E-01  7.7555967802E-01
           -DivStress = -1.1889135627E+01  5.8342789085E+01 -7.3252054823E+01
           ESP =  -1.1328912407E+00     ESP at Nucleus =  -1.1330670575E+00
           ESPe = -1.4705838215E+01     ESPe at Nucleus = -1.4678687480E+01
           ESPn =  1.3572946975E+01     ESPn at Nucleus =  1.3545620423E+01

CP# 16     Coords = -5.14737166409184E+00  1.68366411637605E+00  2.19723767887060E+00
           Type = (3,-3) NACP H16
