AIMSum (Version 17.01.25, Professional)
Copyright (c) 1997-2017 by Todd A. Keith
AIMSum is a component of the AIMAll package ( http://aim.tkgristmill.com )

TP:  64-bit Linux

Licensed To:  Research Group of Fernando Cortes Guzman, UNAM, fercor@unam.mx

Much of the Quantum Theory of Atoms in Molecules (QTAIM) is described in the book:
  "Atoms in Molecules - A Quantum Theory"
  R.F.W. Bader, Oxford University Press, Oxford, 1990

For additional references see:  http://aim.tkgristmill.com/references.html

Wfn File:  /home/alejandro/wd/aimqb_inps/leucine_b2plyp_def2QZVP.wfn
Sum File:  /home/alejandro/wd/aimqb_inps/leucine_b2plyp_def2QZVP.sum

SumViz File:  /home/alejandro/wd/aimqb_inps/leucine_b2plyp_def2QZVP.sumviz

Wfn Title:   opt leucine M062X def2TZVP                                                    
 
Total memory allocated for AIMSum =       17.072 Megabytes

Atomic units (a.u.) used throughout, except where stated otherwise

Model:  Unknown
 
Restricted, natural orbital wavefunction.
  Number of electrons (from MO Occs)                   =          72.0000006000
  Number of Alpha electrons (from MO Occs)             =          36.0000003000
  Number of Beta electrons (from MO Occs)              =          36.0000003000
  Number of electron pairs (N*(N-1)/2)                 =        2556.0000429000
  Number of electron pairs (from Muller 2EDM)          =        2556.0000344418
  Number of electron pairs (from Muller 2EDM, no SOSI) =        2556.4076457933
 
Nuclear Charges and Cartesian Coordinates:
-------------------------------------------------------------------------------
Atom      Charge                X                  Y                  Z
-------------------------------------------------------------------------------
O1         8.0           1.9358020400E+00  -2.7066063800E+00   2.2238535300E+00
O2         8.0           3.2348497000E+00  -1.9481379700E+00  -1.7187014300E+00
N3         7.0           3.5823790600E+00   3.0614069300E+00   1.6032482000E-01
C4         6.0          -3.3368241800E+00   6.2581817000E-01  -7.4570192000E-01
C5         6.0          -8.6150387000E-01   2.0823353800E+00  -1.1492706700E+00
C6         6.0           1.3701359600E+00   1.4699242400E+00   6.0167803000E-01
C7         6.0          -4.2222563100E+00   7.2662543000E-01   1.9993468600E+00
C8         6.0          -3.2277693900E+00  -2.1034376300E+00  -1.6837106500E+00
C9         6.0           2.2826339300E+00  -1.2139779400E+00   2.0206494000E-01
H10        1.0          -4.7477341100E+00   1.6053892400E+00  -1.8978419100E+00
H11        1.0          -2.1374981000E-01   1.8297070100E+00  -3.0968647200E+00
H12        1.0          -1.2420977500E+00   4.0997517400E+00  -8.9541167000E-01
H13        1.0           8.1148298000E-01   1.6760743300E+00   2.5729811100E+00
H14        1.0          -2.9806487500E+00  -3.8507073000E-01   3.2176741200E+00
H15        1.0          -4.2578376400E+00   2.6629441400E+00   2.7130077600E+00
H16        1.0          -6.1225401800E+00  -5.2230420000E-02   2.1782740900E+00
H17        1.0          -2.4651891700E+00  -2.2160681700E+00  -3.5956038900E+00
H18        1.0          -2.0609528800E+00  -3.2825604100E+00  -4.5962704000E-01
H19        1.0          -5.1182028000E+00  -2.9274634400E+00  -1.6923206700E+00
H20        1.0           3.0892524700E+00   4.9087456900E+00   2.5821067000E-01
H21        1.0           4.2518670100E+00   2.7282088300E+00  -1.6063714700E+00
H22        1.0           2.5879864200E+00  -4.3630473000E+00   1.7939636000E+00
 
Some Atomic Properties:
----------------------
  q(A) = Net Charge of Atom A
  L(A) = Lagrangian of Atom A = -(1/4) Times Atomic Integral of the Laplacian of the Electron Density
  K(A) = Electronic Kinetic Energy of Atom A (Hamiltonian Form)
  K_Scaled(A) = K(A) * E(Mol)/K(Mol) = Approximation to Virial-Based Total Energy of Atom A.
  |Mu_Intra(A)| = Magnitude of Intraatomic Dipole Moment of Atom A
--------------------------------------------------------------------------------------------------
Atom A          q(A)              L(A)              K(A)          K_Scaled(A)      |Mu_Intra(A)|
--------------------------------------------------------------------------------------------------
O1       -1.1810987992E+00  9.3216495723E-05  7.5734265845E+01 -7.5932805495E+01  2.9934265652E-01
O2       -1.2250119506E+00  5.0252155659E-05  7.5817957636E+01 -7.6016716686E+01  5.1637163684E-01
N3       -1.0291032332E+00 -4.8647344253E-05  5.4985526213E+01 -5.5129672419E+01  2.6460038840E-01
C4        1.0253256900E-01  1.3149935019E-04  3.7852570230E+01 -3.7951801878E+01  2.2878762198E-02
C5        7.3397171500E-02 -6.4673396830E-04  3.7896781104E+01 -3.7996128652E+01  5.1329189323E-02
C6        4.0944126620E-01 -3.5237812584E-04  3.7720491257E+01 -3.7819376656E+01  4.0339879261E-01
C7        8.3395082400E-02 -1.2446930344E-05  3.7857584280E+01 -3.7956829073E+01  4.3302545946E-03
C8        8.3785807200E-02  3.0363469642E-05  3.7859673037E+01 -3.7958923306E+01  1.4614475401E-02
C9        1.6425247162E+00 -4.1167187486E-04  3.6922079005E+01 -3.7018871343E+01  8.5344441068E-01
H10      -4.4075082900E-02  2.9160775968E-05  6.5974257637E-01 -6.6147211133E-01  1.4129432497E-01
H11      -2.2610013400E-02  2.9683417814E-05  6.4142436088E-01 -6.4310587408E-01  1.4136964710E-01
H12      -4.2448895100E-02  3.0595101349E-05  6.5061285002E-01 -6.5231845112E-01  1.4479679997E-01
H13       2.4686837600E-03  9.5433811481E-05  6.4482199383E-01 -6.4651241403E-01  1.2436587360E-01
H14      -2.6665602600E-02  3.0908748521E-05  6.4082213805E-01 -6.4250207251E-01  1.2924380376E-01
H15      -3.8012218200E-02  2.5183479278E-05  6.4195467698E-01 -6.4363758042E-01  1.4131045755E-01
H16      -3.0904877300E-02  2.1275957138E-05  6.4009586498E-01 -6.4177389549E-01  1.4061146266E-01
H17      -2.4128710100E-02  2.5343595326E-05  6.3770480360E-01 -6.3937656587E-01  1.3717657358E-01
H18      -3.2843095700E-02  2.5202335678E-05  6.4710830913E-01 -6.4880472298E-01  1.2122513952E-01
H19      -3.3584520200E-02  2.1820231489E-05  6.4123831948E-01 -6.4291934497E-01  1.4112880112E-01
H20       3.5016340056E-01  3.4389608743E-05  4.8868758951E-01 -4.8996869869E-01  1.9811087048E-01
H21       3.6808408789E-01  3.6609345931E-05  4.7959736289E-01 -4.8085464177E-01  1.9170912910E-01
H22       6.1405581429E-01  2.6522506518E-05  3.4391859251E-01 -3.4482018542E-01  1.5903502211E-01
--------------------------------------------------------------------------------------------------
Total    -6.3839950000E-04 -7.3441785715E-04  4.4040465805E+02 -4.4155919207E+02
 
Molecular charge q(Mol) from the wfn file:  -6.0000000828E-07
Molecular energy E(Mol) from the wfn file:  -4.4155930827E+02
Molecular virial ratio (-V(Mol)/T(Mol)) from the wfn file:   2.0026215300E+00
Note.  K_Scaled(A) = (1+V(Mol)/T(Mol))*K(A) = (E(Mol)/T(Mol))*K(A)
       Only use K_Scaled(A) data with caution.
 
N_AIMInt(SumA)     =         72.000638
N_Analytic(Mol)    =         71.999993
 
G_AIMInt(SumA)     =        440.405392
G_Analytic(Mol)    =        440.404762
 
K_AIMInt(SumA)     =        440.404658
K_Analytic(Mol)    =        440.404762
 
L_AIMInt(SumA)     =         -0.000734
L_Analytic(Mol)    =          0.000000
 
VenT_AIMInt(SumA)  =      -2028.846245
VenT_Analytic(Mol) =      -2028.834305
 
Some Information About the Atomic Calculations:
----------------------------------------------
  Time(sec) = "Elapsed User Time", in Seconds, for Atom A by AIMInt and, if used, by TWOe
  NProc = Number of Processors Used for AIMInt Job
  BIM = Basin Integration Method
  OAQ = Angular Quadrature Outside of Beta Sphere
  ORQ = Multiple of Default for Radial Quadrature Outside of Beta Sphere
  IAQ = Multiple of Default for Angular Quadrature Inside of Beta Sphere
  IRQ = Multiple of Default for Radial Quadrature Inside of Beta Sphere
  MIR = Maximum Integration Radius
------------------------------------------------------------------------------------------------------
Atom A     Time(sec)   NProc      BIM              OAQ                 ORQ      IAQ      IRQ      MIR
------------------------------------------------------------------------------------------------------
O1            552       16     Proaim(5)    4334      (Very High)      1.00     1.00     1.00    13.00
O2            235       16     Proaim(5)    3074      (Very High)      1.00     1.00     1.00    13.00
N3            302       16     Proaim(5)    4334      (Very High)      1.00     1.00     1.00    13.00
C4            576       16     Proaim(5)    4334      (Very High)      1.00     1.00     1.00    13.00
C5            632       16     Proaim(5)    4334      (Very High)      1.00     1.00     1.00    13.00
C6            730       16     Proaim(5)    4334      (Very High)      1.00     1.00     1.00    13.00
C7            411       16     Proaim(5)    4334      (Very High)      1.00     1.00     1.00    13.00
C8            244       16     Proaim(5)    4334      (Very High)      1.00     1.00     1.00    13.00
C9            376       16     Proaim(5)    4334      (Very High)      1.00     1.00     1.00    13.00
H10            77       16     Proaim(5)    2030      (Very High)      1.00     1.00     1.00    13.00
H11            90       16     Proaim(5)    2030      (Very High)      1.00     1.00     1.00    13.00
H12            87       16     Proaim(5)    2030      (Very High)      1.00     1.00     1.00    13.00
H13           181       16     Proaim(5)    2030      (Very High)      1.00     1.00     1.00    13.00
H14           129       16     Proaim(5)    2030      (Very High)      1.00     1.00     1.00    13.00
H15            73       16     Proaim(5)    2030      (Very High)      1.00     1.00     1.00    13.00
H16            76       16     Proaim(5)    2030      (Very High)      1.00     1.00     1.00    13.00
H17            91       16     Proaim(5)    2030      (Very High)      1.00     1.00     1.00    13.00
H18           230       16     Proaim(5)    4334      (Very High)      1.00     1.00     1.00    13.00
H19            81       16     Proaim(5)    2030      (Very High)      1.00     1.00     1.00    13.00
H20            61       16     Proaim(5)    2030      (Very High)      1.00     1.00     1.00    13.00
H21            58       16     Proaim(5)    2030      (Very High)      1.00     1.00     1.00    13.00
H22            60       16     Proaim(5)    2030      (Very High)      1.00     1.00     1.00    13.00
------------------------------------------------------------------------------------------------------
Total        5352
Note:  Total wall clock time is less than total of atomic times if more than one atom
       was calculated at a time
 
Electron Density Critical Point Analysis of Molecular Structure:               
---------------------------------------------------------------                
  NACP = Nuclear Attractor Critical Point                                      
  NNACP = Non-Nuclear Attractor Critical Point                                 
  BCP = Bond Critical Point                                                    
  RCP = Ring Critical Point                                                    
  CCP = Cage Critical Point                                                    
  Rho = Electron Density                                                       
  GradRho = Gradient of Electron Density                                       
  HessRho_EigVals = Eigenvalues of the Hessian of Rho, Ascending Order         
  HessRho_EigVecs = Eigenvectors of the Hessian of Rho                         
  DelSqRho = Laplacian of Rho = Trace of Hessian of Rho                        
  Bond Ellipticity = (HessRho_EigVal(1) / HessRho_EigVal(2)) - 1               
  V = Virial Field = Potential Energy Density = Trace of Stress Tensor         
  G = Lagrangian Form of Kinetic Energy Density                                
  K = Hamiltonian Form of Kinetic Energy Density                               
  L = K - G = Lagrangian Density = (-1/4)DelSqRho                              
  Vnuc = Electrostatic Potential from Nuclei                                   
  Ven = Electron-nuclear attractive contribution to Virial Field V             
  Vrep = V - Ven = Repulsive contribution to Virial Field V                    
  DelSqV = Laplacian of V                                                      
  DelSqVen = Laplacian of Ven                                                  
  DelSqVrep = Laplacian of Vrep                                                
  DelSqG = Laplacian of G                                                      
  DelSqK = Laplacian of K                                                      
  Stress_EigVals = Eigenvalues of Stress Tensor, Ascending Order               
  Stress_EigVecs = Eigenvectors of Stress Tensor                               
  -DivStress = Ehrenfest Force Density = Minus Divergence of Stress Tensor     
  ESP = Total Electrostatic Potential                                          
  ESPe = Electrostatic Potential from Electrons                                
  ESPn = Electrostatic Potential from Nuclei                                   
  BP = Bond Path                                                               
  BPL = Bond Path Length                                                       
  GBL = Geometric Bond Length                                                  
  GBL_I = Distance Between Nuclear Attractors                                  
  GBL_II = Distance Between Nuclei                                             
  GBL_III = Sum of Distances Between BCP and Nuclear Attractors                
  GBL_IV = Sum of Distances Between BCP and Nuclei                             

CP# 1      Coords =  1.93580324137465E+00 -2.70660725644447E+00  2.22385099600175E+00
           Type = (3,-3) NACP O1
           Rho =  3.0703862300E+02     Rho at Nucleus =  3.0703860915E+02
           GradRho = -2.2043132713E-10 -1.9958634908E-11 -2.8832834191E-10
           HessRho_EigVals = -3.2085693062E+06 -3.2085370065E+06 -3.2085312564E+06
           HessRho_EigVec1 = -1.3606354961E-01  9.2382241648E-01 -3.5782517140E-01
           HessRho_EigVec2 = -4.4904372652E-01  2.6444308843E-01  8.5348086367E-01
           HessRho_EigVec3 =  8.8308914733E-01  2.7680678424E-01  3.7885559526E-01
           DelSqRho = -9.6256375691E+06
           Bond Ellipticity = NA
           V = -2.4065917070E+06
           G =  9.1157367718E+01
           K =  2.4065005496E+06
           L =  2.4064093923E+06
           Vnuc =  2.7228336057E+06
           Ven = -8.3601508096E+08
           Vrep =  8.3360848925E+08
           DelSqV =  1.9825565677E+12
           DelSqVen =  2.6209009517E+13
           DelSqVrep = -2.4226452949E+13
           DelSqG =  2.5148916110E+10
           DelSqK = -2.0077054838E+12
           Stress_EigVals = -8.0220150282E+05 -8.0219781367E+05 -8.0219239051E+05
           Stress_EigVec1 =  8.9641990654E-01  2.6860519194E-01  3.5253737679E-01
           Stress_EigVec2 = -4.2104462220E-01  2.6773476763E-01  8.6662536330E-01
           Stress_EigVec3 = -1.3839355939E-01  9.2529419379E-01 -3.5309754694E-01
           -DivStress = -7.8865881301E+05  5.7535815239E+05  1.6634986697E+06
           ESP =  -2.2306835595E+01     ESP at Nucleus =  -2.2306835665E+01
           ESPe = -3.4858834601E+01     ESPe at Nucleus = -3.4858831570E+01
           ESPn =  1.2551999006E+01     ESPn at Nucleus =  1.2551995904E+01

CP# 2      Coords =  3.23484847136956E+00 -1.94813708292498E+00 -1.71869890472866E+00
           Type = (3,-3) NACP O2
           Rho =  3.0725129780E+02     Rho at Nucleus =  3.0725128388E+02
           GradRho = -2.5888482198E-10  4.3301802453E-11 -3.5318261801E-11
           HessRho_EigVals = -3.2107848741E+06 -3.2107756268E+06 -3.2107509992E+06
           HessRho_EigVec1 =  8.9641842966E-01  2.6965153404E-01  3.5174145213E-01
           HessRho_EigVec2 = -4.2844059138E-01  3.2405352013E-01  8.4346189940E-01
           HessRho_EigVec3 = -1.1345773934E-01  9.0679510711E-01 -4.0601721035E-01
           DelSqRho = -9.6323115002E+06
           Bond Ellipticity = NA
           V = -2.4082591230E+06
           G =  9.0623990577E+01
           K =  2.4081684990E+06
           L =  2.4080778751E+06
           Vnuc =  2.7164177689E+06
           Ven = -8.3462288488E+08
           Vrep =  8.3221462576E+08
           DelSqV =  1.9839286018E+12
           DelSqVen =  2.6165382087E+13
           DelSqVrep = -2.4181453468E+13
           DelSqG =  2.5166361151E+10
           DelSqK = -2.0090949630E+12
           Stress_EigVals = -8.0275861039E+05 -8.0275040008E+05 -8.0275011257E+05
           Stress_EigVec1 = -1.1618603602E-01  9.0908741495E-01 -4.0007608903E-01
           Stress_EigVec2 = -4.8179932901E-01  3.0065340100E-01  8.2308987300E-01
           Stress_EigVec3 =  8.6854488174E-01  2.8838794088E-01  4.0306597965E-01
           -DivStress =  8.0712912417E+05 -5.8275643591E+05 -1.6589265391E+06
           ESP =  -2.2370018304E+01     ESP at Nucleus =  -2.2370018376E+01
           ESPe = -3.5003416235E+01     ESPe at Nucleus = -3.5003409237E+01
           ESPn =  1.2633397932E+01     ESPn at Nucleus =  1.2633390861E+01

CP# 3      Coords =  3.58237674540856E+00  3.06140747357132E+00  1.60322851767633E-01
           Type = (3,-3) NACP N3
           Rho =  2.0215001678E+02     Rho at Nucleus =  2.0215000900E+02
           GradRho =  8.2622587276E-12  1.6763535439E-10  4.4052018200E-12
           HessRho_EigVals = -1.6325081288E+06 -1.6325051681E+06 -1.6324868484E+06
           HessRho_EigVec1 =  5.9611025900E-01  7.1674349742E-01 -3.6184432842E-01
           HessRho_EigVec2 = -4.1770363827E-01  6.6172352068E-01  6.2261196002E-01
           HessRho_EigVec3 =  6.8569397670E-01 -2.2000168427E-01  6.9384654588E-01
           DelSqRho = -4.8975001453E+06
           Bond Ellipticity = NA
           V = -1.2244433119E+06
           G =  3.4137766566E+01
           K =  1.2244091741E+06
           L =  1.2243750363E+06
           Vnuc =  2.2679224756E+06
           Ven = -4.5846056650E+08
           Vrep =  4.5723612319E+08
           DelSqV =  7.8582012494E+11
           DelSqVen =  1.1107150629E+13
           DelSqVrep = -1.0321330508E+13
           DelSqG =  9.8882467490E+09
           DelSqK = -7.9570837168E+11
           Stress_EigVals = -4.0815019481E+05 -4.0814697471E+05 -4.0814614233E+05
           Stress_EigVec1 =  6.6154089931E-01 -2.3438905875E-01  7.1233798697E-01
           Stress_EigVec2 =  4.1662519355E-01 -6.7493977323E-01 -6.0899897423E-01
           Stress_EigVec3 =  6.2352793574E-01  6.9965568078E-01 -3.4884787759E-01
           -DivStress =  6.0228089725E+05 -1.4144102489E+05  5.1215277923E+05
           ESP =  -1.8402943898E+01     ESP at Nucleus =  -1.8402943952E+01
           ESPe = -3.0757219339E+01     ESPe at Nucleus = -3.0757216284E+01
           ESPn =  1.2354275441E+01     ESPn at Nucleus =  1.2354272332E+01

CP# 4      Coords = -3.33682398339407E+00  6.25818095238091E-01 -7.45701786108921E-01
           Type = (3,-3) NACP C4
           Rho =  1.2459752660E+02     Rho at Nucleus =  1.2459752658E+02
           GradRho =  2.8556599083E-10 -1.2967257619E-10  2.3573324159E-10
           HessRho_EigVals = -7.4177553749E+05 -7.4177540387E+05 -7.4177476037E+05
           HessRho_EigVec1 =  7.5661457186E-01  5.9527606239E-01 -2.7051949874E-01
           HessRho_EigVec2 = -1.8789081356E-01  5.9421415023E-01  7.8205280247E-01
           HessRho_EigVec3 =  6.2628382690E-01 -5.4088441761E-01  5.6143798852E-01
           DelSqRho = -2.2253257017E+06
           Bond Ellipticity = NA
           V = -5.5635223962E+05
           G =  1.0407093349E+01
           K =  5.5634183253E+05
           L =  5.5633142543E+05
           Vnuc =  2.4063616257E+07
           Ven = -2.9982670667E+09
           Vrep =  2.9977107144E+09
           DelSqV =  2.6378865787E+11
           DelSqVen =  5.3549413171E+13
           DelSqVrep = -5.3285621368E+13
           DelSqG =  3.3121761931E+09
           DelSqK = -2.6710083407E+11
           Stress_EigVals = -1.8545088066E+05 -1.8545069724E+05 -1.8545066172E+05
           Stress_EigVec1 =  6.1750030394E-01 -5.4266513797E-01  5.6939259098E-01
           Stress_EigVec2 =  1.4893253958E-01 -6.3013321395E-01 -7.6207035852E-01
           Stress_EigVec3 =  7.7234219960E-01  5.5537976260E-01 -3.0828695400E-01
           -DivStress = -1.7173614349E+04  6.5299596610E+03 -1.1694776596E+04
           ESP =  -1.4759703218E+01     ESP at Nucleus =  -1.4759703219E+01
           ESPe = -2.9419695580E+01     ESPe at Nucleus = -2.9419695268E+01
           ESPn =  1.4659992362E+01     ESPn at Nucleus =  1.4659992049E+01

CP# 5      Coords = -8.61503783006950E-01  2.08233535144554E+00 -1.14927048198330E+00
           Type = (3,-3) NACP C5
           Rho =  1.2466833241E+02     Rho at Nucleus =  1.2466833239E+02
           GradRho =  1.5956421491E-10  1.1700901099E-10  2.0800045240E-10
           HessRho_EigVals = -7.4218915501E+05 -7.4218860810E+05 -7.4218809998E+05
           HessRho_EigVec1 =  6.9486571153E-01 -3.7647574446E-01  6.1272151649E-01
           HessRho_EigVec2 =  6.2688794271E-01  7.3459825318E-01 -2.5957063338E-01
           HessRho_EigVec3 = -3.5238210826E-01  5.6447446378E-01  7.4645524281E-01
           DelSqRho = -2.2265658631E+06
           Bond Ellipticity = NA
           V = -5.5666252380E+05
           G =  1.0529012613E+01
           K =  5.5665199479E+05
           L =  5.5664146577E+05
           Vnuc =  2.8690936350E+07
           Ven = -3.5768511900E+09
           Vrep =  3.5762945275E+09
           DelSqV =  2.6393544395E+11
           DelSqVen =  6.3882236264E+13
           DelSqVrep = -6.3618300820E+13
           DelSqG =  3.3139868943E+09
           DelSqK = -2.6724943085E+11
           Stress_EigVals = -1.8555432511E+05 -1.8555417655E+05 -1.8555402214E+05
           Stress_EigVec1 = -3.5330672702E-01  5.7078921267E-01  7.4119770058E-01
           Stress_EigVec2 =  6.2799581161E-01  7.3195263866E-01 -2.6432289981E-01
           Stress_EigVec3 =  6.9339427258E-01 -3.7208199293E-01  6.1705702596E-01
           -DivStress = -7.6018716467E+03  2.4962499664E+03 -1.6432642011E+04
           ESP =  -1.4768593836E+01     ESP at Nucleus =  -1.4768593836E+01
           ESPe = -2.9786573146E+01     ESPe at Nucleus = -2.9786572930E+01
           ESPn =  1.5017979310E+01     ESPn at Nucleus =  1.5017979094E+01

CP# 6      Coords =  1.37013685371534E+00  1.46992434062721E+00  6.01677555524506E-01
           Type = (3,-3) NACP C6
           Rho =  1.2462558507E+02     Rho at Nucleus =  1.2462558469E+02
           GradRho =  4.0450079692E-11 -3.5997731321E-11 -3.8214504270E-11
           HessRho_EigVals = -7.4194284802E+05 -7.4194138236E+05 -7.4194022253E+05
           HessRho_EigVec1 =  6.8157695480E-01  7.3026785254E-01 -4.6494281780E-02
           HessRho_EigVec2 =  7.3075477996E-01 -6.8258473603E-01 -8.6907832492E-03
           HessRho_EigVec3 =  3.8082886676E-02  2.8052481070E-02  9.9888074966E-01
           DelSqRho = -2.2258244529E+06
           Bond Ellipticity = NA
           V = -5.5647680608E+05
           G =  1.0346424793E+01
           K =  5.5646645965E+05
           L =  5.5645611323E+05
           Vnuc =  5.9006028512E+06
           Ven = -7.3536608261E+08
           Vrep =  7.3480960580E+08
           DelSqV =  2.6384764404E+11
           DelSqVen =  1.3133706199E+13
           DelSqVrep = -1.2869858588E+13
           DelSqG =  3.3129142444E+09
           DelSqK = -2.6716055828E+11
           Stress_EigVals = -1.8549261849E+05 -1.8549228080E+05 -1.8549190679E+05
           Stress_EigVec1 =  3.7941256333E-02  3.1214439928E-02  9.9879233067E-01
           Stress_EigVec2 =  7.1641714684E-01 -6.9765119312E-01 -5.4115106666E-03
           Stress_EigVec3 =  6.9663974390E-01  7.1575727134E-01 -4.8832322743E-02
           -DivStress = -7.8083168499E+04 -8.7929019644E+03  4.1454377444E+04
           ESP =  -1.4723087041E+01     ESP at Nucleus =  -1.4723087045E+01
           ESPe = -3.0890353926E+01     ESPe at Nucleus = -3.0890353716E+01
           ESPn =  1.6167266884E+01     ESPn at Nucleus =  1.6167266670E+01

CP# 7      Coords = -4.22225631667007E+00  7.26625481406682E-01  1.99934683999102E+00
           Type = (3,-3) NACP C7
           Rho =  1.2462817206E+02     Rho at Nucleus =  1.2462817206E+02
           GradRho =  8.7422416097E-12 -1.6703806096E-11 -5.2903782773E-11
           HessRho_EigVals = -7.4194281992E+05 -7.4194224785E+05 -7.4194215471E+05
           HessRho_EigVec1 = -3.1749379392E-01  4.6553908908E-02  9.4711690112E-01
           HessRho_EigVec2 =  1.2849336758E-01  9.9169415181E-01 -5.6713088260E-03
           HessRho_EigVec3 =  9.3951431352E-01 -1.1989763477E-01  3.2083860720E-01
           DelSqRho = -2.2258272225E+06
           Bond Ellipticity = NA
           V = -5.5647816972E+05
           G =  1.0682048152E+01
           K =  5.5646748767E+05
           L =  5.5645680562E+05
           Vnuc =  1.0798118732E+08
           Ven = -1.3457497992E+10
           Vrep =  1.3456941514E+10
           DelSqV =  2.6384802314E+11
           DelSqVen =  2.4034959111E+14
           DelSqVrep = -2.4008574309E+14
           DelSqG =  3.3128570291E+09
           DelSqK = -2.6716088017E+11
           Stress_EigVals = -1.8549279239E+05 -1.8549276778E+05 -1.8549260955E+05
           Stress_EigVec1 =  9.4366503281E-01 -1.1177246491E-01  3.1145340252E-01
           Stress_EigVec2 =  1.2020545286E-01  9.9271722490E-01 -7.9473571852E-03
           Stress_EigVec3 = -3.0829686173E-01  4.4938040375E-02  9.5022819237E-01
           -DivStress =  5.8165052783E+02 -4.4907230092E+03  1.7499357260E+03
           ESP =  -1.4781835682E+01     ESP at Nucleus =  -1.4781835682E+01
           ESPe = -2.7257312024E+01     ESPe at Nucleus = -2.7257312020E+01
           ESPn =  1.2475476342E+01     ESPn at Nucleus =  1.2475476338E+01

CP# 8      Coords = -3.22776942443763E+00 -2.10343759525728E+00 -1.68371060849293E+00
           Type = (3,-3) NACP C8
           Rho =  1.2462946065E+02     Rho at Nucleus =  1.2462946065E+02
           GradRho =  1.0182588639E-10  1.2923684102E-10 -4.0298096004E-11
           HessRho_EigVals = -7.4195095356E+05 -7.4195025467E+05 -7.4195020917E+05
           HessRho_EigVec1 =  1.5132744796E-02  9.5203271194E-01  3.0562185038E-01
           HessRho_EigVec2 =  8.3673211833E-01 -1.7939417697E-01  5.1739452203E-01
           HessRho_EigVec3 =  5.4740329027E-01  2.4789401901E-01 -7.9931107408E-01
           DelSqRho = -2.2258514174E+06
           Bond Ellipticity = NA
           V = -5.5648422877E+05
           G =  1.0687210788E+01
           K =  5.5647354156E+05
           L =  5.5646285435E+05
           Vnuc =  9.3523741405E+07
           Ven = -1.1655813449E+10
           Vrep =  1.1655256965E+10
           DelSqV =  2.6385089462E+11
           DelSqVen =  2.0816995130E+14
           DelSqVrep = -2.0790610040E+14
           DelSqG =  3.3128948802E+09
           DelSqK = -2.6716378950E+11
           Stress_EigVals = -1.8549481683E+05 -1.8549480066E+05 -1.8549461129E+05
           Stress_EigVec1 =  5.0320744985E-01  2.5554702767E-01 -8.2551679515E-01
           Stress_EigVec2 =  8.6408452022E-01 -1.6188137311E-01  4.7660503875E-01
           Stress_EigVec3 =  1.1840791306E-02  9.5314749000E-01  3.0227414374E-01
           -DivStress =  3.0087037663E+03 -3.0370869773E+03 -3.6272769395E+03
           ESP =  -1.4784883956E+01     ESP at Nucleus =  -1.4784883956E+01
           ESPe = -2.7696835439E+01     ESPe at Nucleus = -2.7696835395E+01
           ESPn =  1.2911951483E+01     ESPn at Nucleus =  1.2911951440E+01

CP# 9      Coords =  2.28263380981135E+00 -1.21397928411059E+00  2.02066168101917E-01
           Type = (3,-3) NACP C9
           Rho =  1.2489796183E+02     Rho at Nucleus =  1.2489796059E+02
           GradRho = -6.8213221495E-11  7.0434937017E-11 -6.2719251583E-12
           HessRho_EigVals = -7.4354090704E+05 -7.4353828663E+05 -7.4353532196E+05
           HessRho_EigVec1 =  9.0246011839E-01  2.4684816815E-01  3.5303217502E-01
           HessRho_EigVec2 = -1.4535360025E-01 -5.9697139991E-01  7.8898509402E-01
           HessRho_EigVec3 = -4.0550963689E-01  7.6334207900E-01  5.0286261027E-01
           DelSqRho = -2.2306145156E+06
           Bond Ellipticity = NA
           V = -5.5767339180E+05
           G =  9.8814469644E+00
           K =  5.5766351035E+05
           L =  5.5765362891E+05
           Vnuc =  3.2883357771E+06
           Ven = -4.1070643637E+08
           Vrep =  4.1014876298E+08
           DelSqV =  2.6441417496E+11
           DelSqVen =  7.3350095503E+12
           DelSqVrep = -7.0705953672E+12
           DelSqG =  3.3199271691E+09
           DelSqK = -2.6773410213E+11
           Stress_EigVals = -1.8589214873E+05 -1.8589108196E+05 -1.8589016111E+05
           Stress_EigVec1 = -4.2211083378E-01  6.8261048161E-01  5.9654452843E-01
           Stress_EigVec2 = -8.8909325804E-02 -6.8604227457E-01  7.2210880710E-01
           Stress_EigVec3 =  9.0217380575E-01  2.5177157881E-01  3.5027631424E-01
           -DivStress =  1.0526049084E+04  1.1767958521E+05 -1.0753349185E+05
           ESP =  -1.4639467317E+01     ESP at Nucleus =  -1.4639467329E+01
           ESPe = -3.1401594603E+01     ESPe at Nucleus = -3.1401595116E+01
           ESPn =  1.6762127286E+01     ESPn at Nucleus =  1.6762127786E+01

CP# 10     Coords = -4.73980979259560E+00  1.59993454314990E+00 -1.89139206398447E+00
           Type = (3,-3) NACP H10
           Rho =  4.7676245927E-01     Rho at Nucleus =  4.7519760714E-01
           GradRho =  1.6817325009E-12 -1.1580561863E-12  1.3684887468E-12
           HessRho_EigVals = -2.3995665239E+01 -2.3994921762E+01 -2.2696366149E+01
           HessRho_EigVec1 =  3.8941219223E-01  8.8120927551E-01  2.6800812916E-01
           HessRho_EigVec2 = -6.1712126533E-01  3.3612907942E-02  7.8614980525E-01
           HessRho_EigVec3 =  6.8375396775E-01 -4.7152983487E-01  5.5690225930E-01
           DelSqRho = -7.0686953151E+01
           Bond Ellipticity = NA
           V = -1.7692556380E+01
           G =  1.0409046228E-02
           K =  1.7682147334E+01
           L =  1.7671738288E+01
           Vnuc =  1.0015215036E+02
           Ven = -4.7748785506E+01
           Vrep =  3.0056229126E+01
           DelSqV =  2.4106376998E+04
           DelSqVen =  7.0794503603E+03
           DelSqVrep =  1.7026926638E+04
           DelSqG =  8.7582740149E+02
           DelSqK = -2.4982204400E+04
           Stress_EigVals = -6.0065192062E+00 -6.0063297813E+00 -5.6797073926E+00
           Stress_EigVec1 =  3.0482963932E-01  8.7794938699E-01  3.6916631060E-01
           Stress_EigVec2 = -6.6312809826E-01 -8.2573657337E-02  7.4393730677E-01
           Stress_EigVec3 =  6.8362271487E-01 -4.7157869439E-01  5.5702200918E-01
           -DivStress = -6.3692945990E+01  4.3842955542E+01 -5.1841544658E+01
           ESP =  -1.1305763800E+00     ESP at Nucleus =  -1.1307519685E+00
           ESPe = -1.4943884792E+01     ESPe at Nucleus = -1.4910420343E+01
           ESPn =  1.3813308412E+01     ESPn at Nucleus =  1.3779668375E+01

CP# 11     Coords = -2.17437787049745E-01  1.83110983603708E+00 -3.08573423733229E+00
           Type = (3,-3) NACP H11
           Rho =  4.6924751257E-01     Rho at Nucleus =  4.6764839288E-01
           GradRho = -1.5286439280E-09  5.8095313349E-10  4.6138709639E-09
           HessRho_EigVals = -2.3600327678E+01 -2.3598929445E+01 -2.2285860078E+01
           HessRho_EigVec1 =  8.1197381687E-01  5.4805585255E-01  2.0083152939E-01
           HessRho_EigVec2 =  4.9324314900E-01 -8.2823147820E-01  2.6597709393E-01
           HessRho_EigVec3 = -3.1210529743E-01  1.1690766018E-01  9.4282706914E-01
           DelSqRho = -6.9485117201E+01
           Bond Ellipticity = NA
           V = -1.7391756327E+01
           G =  1.0238513531E-02
           K =  1.7381517814E+01
           L =  1.7371279300E+01
           Vnuc =  9.9889780503E+01
           Ven = -4.6873031032E+01
           Vrep =  2.9481274705E+01
           DelSqV =  2.3672607470E+04
           DelSqVen =  6.9408531756E+03
           DelSqVrep =  1.6731754295E+04
           DelSqG =  8.5986032328E+02
           DelSqK = -2.4532467794E+04
           Stress_EigVals = -5.9075119418E+00 -5.9072402035E+00 -5.5770041821E+00
           Stress_EigVec1 =  2.6743891648E-01  9.6305967793E-01 -3.1503693474E-02
           Stress_EigVec2 =  9.1157799836E-01 -2.4227709708E-01  3.3215562788E-01
           Stress_EigVec3 = -3.1225306860E-01  1.1754941506E-01  9.4269833784E-01
           -DivStress =  2.9137867902E+01 -1.1085573058E+01 -8.7938919624E+01
           ESP =  -1.1200777012E+00     ESP at Nucleus =  -1.1202497818E+00
           ESPe = -1.6329975926E+01     ESPe at Nucleus = -1.6299270955E+01
           ESPn =  1.5209898225E+01     ESPn at Nucleus =  1.5179021174E+01

CP# 12     Coords = -1.23991344120675E+00  4.08842916905709E+00 -8.96686020537949E-01
           Type = (3,-3) NACP H12
           Rho =  4.7176154618E-01     Rho at Nucleus =  4.7020786949E-01
           GradRho =  1.3953256028E-09 -7.2379245059E-09 -8.1506391082E-10
           HessRho_EigVals = -2.3744688523E+01 -2.3742776187E+01 -2.2457399676E+01
           HessRho_EigVec1 =  9.8210159225E-01  1.8131325660E-01  5.1009464727E-02
           HessRho_EigVec2 = -2.9639434589E-02 -1.1867570253E-01  9.9249059519E-01
           HessRho_EigVec3 = -1.8600528602E-01  9.7623848552E-01  1.1117757401E-01
           DelSqRho = -6.9944864386E+01
           Bond Ellipticity = NA
           V = -1.7507042223E+01
           G =  1.0413063255E-02
           K =  1.7496629160E+01
           L =  1.7486216097E+01
           Vnuc =  1.0063993678E+02
           Ven = -4.7478052184E+01
           Vrep =  2.9971009961E+01
           DelSqV =  2.3852654464E+04
           DelSqVen =  7.0392468401E+03
           DelSqVrep =  1.6813407624E+04
           DelSqG =  8.6662659895E+02
           DelSqK = -2.4719281063E+04
           Stress_EigVals = -5.9436635272E+00 -5.9434760629E+00 -5.6199026330E+00
           Stress_EigVec1 =  7.7416700637E-01  2.1599927498E-01 -5.9498719268E-01
           Stress_EigVec2 =  6.0494365225E-01  2.4182826162E-02  7.9590097909E-01
           Stress_EigVec3 = -1.8630250629E-01  9.7609400374E-01  1.1194584415E-01
           -DivStress = -1.7374271889E+01  9.0057520726E+01  1.0137875747E+01
           ESP =  -1.1172244492E+00     ESP at Nucleus =  -1.1173956257E+00
           ESPe = -1.5561725986E+01     ESPe at Nucleus = -1.5529040157E+01
           ESPn =  1.4444501537E+01     ESPn at Nucleus =  1.4411644531E+01

CP# 13     Coords =  8.14707638211276E-01  1.67486336672663E+00  2.56131046435761E+00
           Type = (3,-3) NACP H13
           Rho =  4.7672236927E-01     Rho at Nucleus =  4.7500102449E-01
           GradRho =  1.2750615092E-15  1.6219145156E-15  2.9483080657E-15
           HessRho_EigVals = -2.3960744132E+01 -2.3952772234E+01 -2.2553052989E+01
           HessRho_EigVec1 =  9.0836870204E-01  3.5809088236E-01  2.1595652600E-01
           HessRho_EigVec2 =  3.2163610329E-01 -9.2832789202E-01  1.8643374685E-01
           HessRho_EigVec3 = -2.6723869146E-01  9.9891165138E-02  9.5843895837E-01
           DelSqRho = -7.0466569354E+01
           Bond Ellipticity = NA
           V = -1.7635827199E+01
           G =  9.5924299846E-03
           K =  1.7626234769E+01
           L =  1.7616642339E+01
           Vnuc =  9.8110630509E+01
           Ven = -4.6771532227E+01
           Vrep =  2.9135705029E+01
           DelSqV =  2.3963054238E+04
           DelSqVen =  6.9135195492E+03
           DelSqVrep =  1.7049534689E+04
           DelSqG =  8.7044475583E+02
           DelSqK = -2.4833498994E+04
           Stress_EigVals = -5.9968242110E+00 -5.9952055254E+00 -5.6437974622E+00
           Stress_EigVec1 =  9.6236221610E-01  7.7040784633E-02  2.6062172304E-01
           Stress_EigVec2 = -4.7853022471E-02  9.9203157381E-01 -1.1654803644E-01
           Stress_EigVec3 = -2.6752393025E-01  9.9689889467E-02  9.5838033822E-01
           -DivStress = -2.5829076685E+01  9.7021863539E+00  9.3478214891E+01
           ESP =  -1.1116835834E+00     ESP at Nucleus =  -1.1118656784E+00
           ESPe = -1.7041925809E+01     ESPe at Nucleus = -1.7008055743E+01
           ESPn =  1.5930242225E+01     ESPn at Nucleus =  1.5896190064E+01

CP# 14     Coords = -2.98764862754816E+00 -3.78683534087023E-01  3.21061801539786E+00
           Type = (3,-3) NACP H14
           Rho =  4.6814288322E-01     Rho at Nucleus =  4.6654637400E-01
           GradRho = -1.9272585567E-12  1.7547202623E-12 -1.9385576211E-12
           HessRho_EigVals = -2.3538429623E+01 -2.3537089007E+01 -2.2228811313E+01
           HessRho_EigVec1 = -3.4563804877E-01  4.9911770998E-01  7.9461679496E-01
           HessRho_EigVec2 = -7.2683367011E-01 -6.7799444106E-01  1.0971031803E-01
           HessRho_EigVec3 =  5.9350413245E-01 -5.3963418116E-01  5.9711623265E-01
           DelSqRho = -6.9304329942E+01
           Bond Ellipticity = NA
           V = -1.7346729245E+01
           G =  1.0323379629E-02
           K =  1.7336405865E+01
           L =  1.7326082485E+01
           Vnuc =  9.8872152152E+01
           Ven = -4.6286294379E+01
           Vrep =  2.8939565134E+01
           DelSqV =  2.3610432897E+04
           DelSqVen =  6.8522682548E+03
           DelSqVrep =  1.6758164643E+04
           DelSqG =  8.5741696675E+02
           DelSqK = -2.4467849864E+04
           Stress_EigVals = -5.8922661587E+00 -5.8921347008E+00 -5.5623283851E+00
           Stress_EigVec1 =  6.3797610130E-01  7.6771779659E-01  5.9965648223E-02
           Stress_EigVec2 = -4.9060517684E-01  3.4520040090E-01  8.0008952229E-01
           Stress_EigVec3 =  5.9354279932E-01 -5.3985745158E-01  5.9687593129E-01
           -DivStress =  5.5160922718E+01 -5.0333293259E+01  5.5603903174E+01
           ESP =  -1.1237356212E+00     ESP at Nucleus =  -1.1239010870E+00
           ESPe = -1.5354364190E+01     ESPe at Nucleus = -1.5332874038E+01
           ESPn =  1.4230628568E+01     ESPn at Nucleus =  1.4208972951E+01

CP# 15     Coords = -4.25756171128694E+00  2.65199709107191E+00  2.70885581671109E+00
           Type = (3,-3) NACP H15
           Rho =  4.6874301490E-01     Rho at Nucleus =  4.6717098464E-01
           GradRho =  5.8503279207E-11 -2.3280925632E-09 -8.8290659595E-10
           HessRho_EigVals = -2.3583325613E+01 -2.3581916070E+01 -2.2287168618E+01
           HessRho_EigVec1 = -1.3472523738E-01 -3.5361330475E-01  9.2563855857E-01
           HessRho_EigVec2 =  9.9063042873E-01 -2.6976398788E-02  1.3387915293E-01
           HessRho_EigVec3 = -2.2371054815E-02  9.3500262278E-01  3.5393450142E-01
           DelSqRho = -6.9452410302E+01
           Bond Ellipticity = NA
           V = -1.7383585745E+01
           G =  1.0241584608E-02
           K =  1.7373344160E+01
           L =  1.7363102575E+01
           Vnuc =  9.8295310033E+01
           Ven = -4.6075239976E+01
           Vrep =  2.8691654231E+01
           DelSqV =  2.3673119519E+04
           DelSqVen =  6.8268462394E+03
           DelSqVrep =  1.6846273279E+04
           DelSqG =  8.5996358140E+02
           DelSqK = -2.4533083100E+04
           Stress_EigVals = -5.9034598326E+00 -5.9032887605E+00 -5.5768371515E+00
           Stress_EigVec1 =  6.7173488982E-01 -2.4796382953E-01  6.9805886359E-01
           Stress_EigVec2 = -7.4045879730E-01 -2.5299159576E-01  6.2266846875E-01
           Stress_EigVec3 = -2.2203767797E-02  9.3515196183E-01  3.5355028069E-01
           -DivStress = -2.1780965721E+00  8.6457440168E+01  3.2790557937E+01
           ESP =  -1.1219069615E+00     ESP at Nucleus =  -1.1220790227E+00
           ESPe = -1.4029009171E+01     ESPe at Nucleus = -1.4001224133E+01
           ESPn =  1.2907102210E+01     ESPn at Nucleus =  1.2879145110E+01

CP# 16     Coords = -6.11167591074912E+00 -4.77924610579959E-02  2.17714457423944E+00
           Type = (3,-3) NACP H16
