AIMSum (Version 17.01.25, Professional)
Copyright (c) 1997-2017 by Todd A. Keith
AIMSum is a component of the AIMAll package ( http://aim.tkgristmill.com )

TP:  64-bit Linux

Licensed To:  Research Group of Fernando Cortes Guzman, UNAM, fercor@unam.mx

Much of the Quantum Theory of Atoms in Molecules (QTAIM) is described in the book:
  "Atoms in Molecules - A Quantum Theory"
  R.F.W. Bader, Oxford University Press, Oxford, 1990

For additional references see:  http://aim.tkgristmill.com/references.html

Wfn File:  /home/alejandro/wd/aimqb_inps/leucine_pbepbe_def2QZVP.wfn
Sum File:  /home/alejandro/wd/aimqb_inps/leucine_pbepbe_def2QZVP.sum

SumViz File:  /home/alejandro/wd/aimqb_inps/leucine_pbepbe_def2QZVP.sumviz

Wfn Title:   opt leucine M062X def2TZVP                                                    
 
Total memory allocated for AIMSum =        1.348 Megabytes

Atomic units (a.u.) used throughout, except where stated otherwise

Model:  Restricted SCF
 
Restricted, closed-shell, single-determinant wavefunction.
  Number of electrons (from MO Occs)                   =          72.0000000000
  Number of Alpha electrons (from MO Occs)             =          36.0000000000
  Number of Beta electrons (from MO Occs)              =          36.0000000000
  Number of electron pairs (N*(N-1)/2)                 =        2556.0000000000
  Number of electron pairs (from Muller 2EDM)          =        2556.0000000000
 
Nuclear Charges and Cartesian Coordinates:
-------------------------------------------------------------------------------
Atom      Charge                X                  Y                  Z
-------------------------------------------------------------------------------
O1         8.0           1.9358020400E+00  -2.7066063800E+00   2.2238535300E+00
O2         8.0           3.2348497000E+00  -1.9481379700E+00  -1.7187014300E+00
N3         7.0           3.5823790600E+00   3.0614069300E+00   1.6032482000E-01
C4         6.0          -3.3368241800E+00   6.2581817000E-01  -7.4570192000E-01
C5         6.0          -8.6150387000E-01   2.0823353800E+00  -1.1492706700E+00
C6         6.0           1.3701359600E+00   1.4699242400E+00   6.0167803000E-01
C7         6.0          -4.2222563100E+00   7.2662543000E-01   1.9993468600E+00
C8         6.0          -3.2277693900E+00  -2.1034376300E+00  -1.6837106500E+00
C9         6.0           2.2826339300E+00  -1.2139779400E+00   2.0206494000E-01
H10        1.0          -4.7477341100E+00   1.6053892400E+00  -1.8978419100E+00
H11        1.0          -2.1374981000E-01   1.8297070100E+00  -3.0968647200E+00
H12        1.0          -1.2420977500E+00   4.0997517400E+00  -8.9541167000E-01
H13        1.0           8.1148298000E-01   1.6760743300E+00   2.5729811100E+00
H14        1.0          -2.9806487500E+00  -3.8507073000E-01   3.2176741200E+00
H15        1.0          -4.2578376400E+00   2.6629441400E+00   2.7130077600E+00
H16        1.0          -6.1225401800E+00  -5.2230420000E-02   2.1782740900E+00
H17        1.0          -2.4651891700E+00  -2.2160681700E+00  -3.5956038900E+00
H18        1.0          -2.0609528800E+00  -3.2825604100E+00  -4.5962704000E-01
H19        1.0          -5.1182028000E+00  -2.9274634400E+00  -1.6923206700E+00
H20        1.0           3.0892524700E+00   4.9087456900E+00   2.5821067000E-01
H21        1.0           4.2518670100E+00   2.7282088300E+00  -1.6063714700E+00
H22        1.0           2.5879864200E+00  -4.3630473000E+00   1.7939636000E+00
 
Some Atomic Properties:
----------------------
  q(A) = Net Charge of Atom A
  L(A) = Lagrangian of Atom A = -(1/4) Times Atomic Integral of the Laplacian of the Electron Density
  K(A) = Electronic Kinetic Energy of Atom A (Hamiltonian Form)
  K_Scaled(A) = K(A) * E(Mol)/K(Mol) = Approximation to Virial-Based Total Energy of Atom A.
  |Mu_Intra(A)| = Magnitude of Intraatomic Dipole Moment of Atom A
--------------------------------------------------------------------------------------------------
Atom A          q(A)              L(A)              K(A)          K_Scaled(A)      |Mu_Intra(A)|
--------------------------------------------------------------------------------------------------
O1       -1.1035927602E+00  2.2139668215E-05  7.5562241896E+01 -7.5851117102E+01  2.4763582240E-01
O2       -1.1661349682E+00  4.8404391319E-05  7.5650999241E+01 -7.5940213767E+01  4.5229875664E-01
N3       -9.7796170360E-01 -5.6559977967E-05  5.4859304355E+01 -5.5069032024E+01  2.7924859453E-01
C4        8.2650938700E-02  7.0274054702E-05  3.7789508570E+01 -3.7933978239E+01  1.0630886340E-02
C5        4.8042125200E-02 -2.9239934328E-04  3.7842213835E+01 -3.7986884997E+01  3.6511103747E-02
C6        3.6535322910E-01 -2.2279325164E-04  3.7682687112E+01 -3.7826748401E+01  3.8125249863E-01
C7        4.9196707600E-02 -7.2526052207E-05  3.7809891118E+01 -3.7954438710E+01  1.6552419902E-02
C8        4.9273647200E-02 -2.1523241549E-04  3.7812331037E+01 -3.7956887957E+01  1.9196854436E-02
C9        1.5480272838E+00 -4.7603542854E-04  3.6966114028E+01 -3.7107435851E+01  8.0467835654E-01
H10      -3.0220001600E-02  2.8801317370E-05  6.4855441070E-01 -6.5103384070E-01  1.4587759601E-01
H11      -1.1501803700E-02  2.7528210556E-05  6.3118829029E-01 -6.3360132944E-01  1.4695539197E-01
H12      -2.9747653500E-02  2.9436199280E-05  6.3959685918E-01 -6.4204204437E-01  1.5048965507E-01
H13       1.0223982720E-02  5.7775559434E-05  6.3587068812E-01 -6.3830162812E-01  1.2954095363E-01
H14      -1.4936789300E-02  4.1419933481E-05  6.2998115588E-01 -6.3238958014E-01  1.3488543219E-01
H15      -2.5703186500E-02  2.4131942845E-05  6.3131683738E-01 -6.3373036796E-01  1.4690825234E-01
H16      -1.9395317900E-02  2.2142885478E-05  6.3002294901E-01 -6.3243153305E-01  1.4574183485E-01
H17      -1.2902940800E-02  2.5705581140E-05  6.2769686810E-01 -6.3009655950E-01  1.4217557425E-01
H18      -2.0116254100E-02  3.8563393238E-05  6.3529821120E-01 -6.3772696262E-01  1.2759813563E-01
H19      -2.1957444500E-02  2.1372397186E-05  6.3106082360E-01 -6.3347337544E-01  1.4634943861E-01
H20       3.3788780998E-01  3.5038604943E-05  4.9592643673E-01 -4.9782236845E-01  1.9856266241E-01
H21       3.5425740500E-01  3.8146486956E-05  4.8752218218E-01 -4.8938598436E-01  1.9299565468E-01
H22       5.8860180478E-01  2.6465379746E-05  3.6325283047E-01 -3.6464154968E-01  1.6554802104E-01
--------------------------------------------------------------------------------------------------
Total    -6.5588982000E-04 -7.7820046324E-04  4.3966257973E+02 -4.4134341417E+02
 
Molecular charge q(Mol) from the wfn file:   0.0000000000E+00
Molecular energy E(Mol) from the wfn file:  -4.4134352773E+02
Molecular virial ratio (-V(Mol)/T(Mol)) from the wfn file:   2.0038230100E+00
Note.  K_Scaled(A) = (1+V(Mol)/T(Mol))*K(A) = (E(Mol)/T(Mol))*K(A)
       Only use K_Scaled(A) data with caution.
 
N_AIMInt(SumA)     =         72.000656
N_Analytic(Mol)    =         71.999992
 
G_AIMInt(SumA)     =        439.663358
G_Analytic(Mol)    =        439.662689
 
K_AIMInt(SumA)     =        439.662580
K_Analytic(Mol)    =        439.662689
 
L_AIMInt(SumA)     =         -0.000778
L_Analytic(Mol)    =          0.000000
 
VenT_AIMInt(SumA)  =      -2028.741613
VenT_Analytic(Mol) =      -2028.729397
 
Some Information About the Atomic Calculations:
----------------------------------------------
  Time(sec) = "Elapsed User Time", in Seconds, for Atom A by AIMInt and, if used, by TWOe
  NProc = Number of Processors Used for AIMInt Job
  BIM = Basin Integration Method
  OAQ = Angular Quadrature Outside of Beta Sphere
  ORQ = Multiple of Default for Radial Quadrature Outside of Beta Sphere
  IAQ = Multiple of Default for Angular Quadrature Inside of Beta Sphere
  IRQ = Multiple of Default for Radial Quadrature Inside of Beta Sphere
  MIR = Maximum Integration Radius
------------------------------------------------------------------------------------------------------
Atom A     Time(sec)   NProc      BIM              OAQ                 ORQ      IAQ      IRQ      MIR
------------------------------------------------------------------------------------------------------
O1            289       16     Proaim(5)    4334      (Very High)      1.00     1.00     1.00    13.00
O2            120       16     Proaim(5)    3074      (Very High)      1.00     1.00     1.00    13.00
N3            181       16     Proaim(5)    4334      (Very High)      1.00     1.00     1.00    13.00
C4            274       16     Proaim(5)    4334      (Very High)      1.00     1.00     1.00    13.00
C5            307       16     Proaim(5)    4334      (Very High)      1.00     1.00     1.00    13.00
C6            322       16     Proaim(5)    4334      (Very High)      1.00     1.00     1.00    13.00
C7            252       16     Proaim(5)    4334      (Very High)      1.00     1.00     1.00    13.00
C8            168       16     Proaim(5)    4334      (Very High)      1.00     1.00     1.00    13.00
C9            256       16     Proaim(5)    4334      (Very High)      1.00     1.00     1.00    13.00
H10            66       16     Proaim(5)    2030      (Very High)      1.00     1.00     1.00    13.00
H11            70       16     Proaim(5)    2030      (Very High)      1.00     1.00     1.00    13.00
H12            74       16     Proaim(5)    2030      (Very High)      1.00     1.00     1.00    13.00
H13           140       16     Proaim(5)    2030      (Very High)      1.00     1.00     1.00    13.00
H14           112       16     Proaim(5)    2030      (Very High)      1.00     1.00     1.00    13.00
H15            74       16     Proaim(5)    2030      (Very High)      1.00     1.00     1.00    13.00
H16            50       16     Proaim(5)    2030      (Very High)      1.00     1.00     1.00    13.00
H17            55       16     Proaim(5)    2030      (Very High)      1.00     1.00     1.00    13.00
H18           158       16     Proaim(5)    4334      (Very High)      1.00     1.00     1.00    13.00
H19            78       16     Proaim(5)    2030      (Very High)      1.00     1.00     1.00    13.00
H20            41       16     Proaim(5)    2030      (Very High)      1.00     1.00     1.00    13.00
H21            41       16     Proaim(5)    2030      (Very High)      1.00     1.00     1.00    13.00
H22            47       16     Proaim(5)    2030      (Very High)      1.00     1.00     1.00    13.00
------------------------------------------------------------------------------------------------------
Total        3175
Note:  Total wall clock time is less than total of atomic times if more than one atom
       was calculated at a time
 
Electron Density Critical Point Analysis of Molecular Structure:               
---------------------------------------------------------------                
  NACP = Nuclear Attractor Critical Point                                      
  NNACP = Non-Nuclear Attractor Critical Point                                 
  BCP = Bond Critical Point                                                    
  RCP = Ring Critical Point                                                    
  CCP = Cage Critical Point                                                    
  Rho = Electron Density                                                       
  GradRho = Gradient of Electron Density                                       
  HessRho_EigVals = Eigenvalues of the Hessian of Rho, Ascending Order         
  HessRho_EigVecs = Eigenvectors of the Hessian of Rho                         
  DelSqRho = Laplacian of Rho = Trace of Hessian of Rho                        
  Bond Ellipticity = (HessRho_EigVal(1) / HessRho_EigVal(2)) - 1               
  V = Virial Field = Potential Energy Density = Trace of Stress Tensor         
  G = Lagrangian Form of Kinetic Energy Density                                
  K = Hamiltonian Form of Kinetic Energy Density                               
  L = K - G = Lagrangian Density = (-1/4)DelSqRho                              
  Vnuc = Electrostatic Potential from Nuclei                                   
  Ven = Electron-nuclear attractive contribution to Virial Field V             
  Vrep = V - Ven = Repulsive contribution to Virial Field V                    
  DelSqV = Laplacian of V                                                      
  DelSqVen = Laplacian of Ven                                                  
  DelSqVrep = Laplacian of Vrep                                                
  DelSqG = Laplacian of G                                                      
  DelSqK = Laplacian of K                                                      
  Stress_EigVals = Eigenvalues of Stress Tensor, Ascending Order               
  Stress_EigVecs = Eigenvectors of Stress Tensor                               
  -DivStress = Ehrenfest Force Density = Minus Divergence of Stress Tensor     
  ESP = Total Electrostatic Potential                                          
  ESPe = Electrostatic Potential from Electrons                                
  ESPn = Electrostatic Potential from Nuclei                                   
  BP = Bond Path                                                               
  BPL = Bond Path Length                                                       
  GBL = Geometric Bond Length                                                  
  GBL_I = Distance Between Nuclear Attractors                                  
  GBL_II = Distance Between Nuclei                                             
  GBL_III = Sum of Distances Between BCP and Nuclear Attractors                
  GBL_IV = Sum of Distances Between BCP and Nuclei                             

CP# 1      Coords =  1.93580321114747E+00 -2.70660723200623E+00  2.22385105795493E+00
           Type = (3,-3) NACP O1
           Rho =  3.0769704922E+02     Rho at Nucleus =  3.0769703599E+02
           GradRho = -2.7449731377E-10  2.4840152157E-10  1.0821432639E-10
           HessRho_EigVals = -3.2240979147E+06 -3.2240659460E+06 -3.2240611780E+06
           HessRho_EigVec1 = -1.3805311691E-01  9.2479180431E-01 -3.5454401080E-01
           HessRho_EigVec2 = -4.5686030330E-01  2.5815176282E-01  8.5125573750E-01
           HessRho_EigVec3 =  8.7876049080E-01  2.7949559216E-01  3.8686200871E-01
           DelSqRho = -9.6722250387E+06
           Bond Ellipticity = NA
           V = -2.4182401450E+06
           G =  9.1942678398E+01
           K =  2.4181482024E+06
           L =  2.4180562597E+06
           Vnuc =  2.7922855613E+06
           Ven = -8.5917802779E+08
           Vrep =  8.5675978764E+08
           DelSqV =  1.9922488880E+12
           DelSqVen =  2.7007614321E+13
           DelSqVrep = -2.5015365433E+13
           DelSqG =  2.5338635233E+10
           DelSqK = -2.0175875232E+12
           Stress_EigVals = -8.0608409448E+05 -8.0608073524E+05 -8.0607531532E+05
           Stress_EigVec1 =  8.9569034674E-01  2.6938751888E-01  3.5379254858E-01
           Stress_EigVec2 = -4.2187639835E-01  2.6328691062E-01  8.6758302612E-01
           Stress_EigVec3 = -1.4056709171E-01  9.2634246765E-01 -3.4947178049E-01
           -DivStress = -7.7258010266E+05  5.6205846358E+05  1.6307731585E+06
           ESP =  -2.2295962696E+01     ESP at Nucleus =  -2.2295962766E+01
           ESPe = -3.4847961631E+01     ESPe at Nucleus = -3.4847958670E+01
           ESPn =  1.2551998934E+01     ESPn at Nucleus =  1.2551995904E+01

CP# 2      Coords =  3.23484849522354E+00 -1.94813709372688E+00 -1.71869895043612E+00
           Type = (3,-3) NACP O2
           Rho =  3.0788229891E+02     Rho at Nucleus =  3.0788228541E+02
           GradRho = -5.5557425327E-10 -3.2136293626E-10  1.6709744699E-10
           HessRho_EigVals = -3.2260184107E+06 -3.2260098047E+06 -3.2259860102E+06
           HessRho_EigVec1 =  8.9462888864E-01  2.7175901577E-01  3.5466348693E-01
           HessRho_EigVec2 = -4.3221387652E-01  3.2512787189E-01  8.4112010549E-01
           HessRho_EigVec3 = -1.1327098727E-01  9.0578082574E-01 -4.0832680438E-01
           DelSqRho = -9.6780142256E+06
           Bond Ellipticity = NA
           V = -2.4196862913E+06
           G =  9.1367446644E+01
           K =  2.4195949238E+06
           L =  2.4195035564E+06
           Vnuc =  2.7656173299E+06
           Ven = -8.5148462145E+08
           Vrep =  8.4906493516E+08
           DelSqV =  1.9934388088E+12
           DelSqVen =  2.6765683851E+13
           DelSqVrep = -2.4772245043E+13
           DelSqG =  2.5353701625E+10
           DelSqK = -2.0187925104E+12
           Stress_EigVals = -8.0656742969E+05 -8.0655950287E+05 -8.0655935873E+05
           Stress_EigVec1 = -1.1617078072E-01  9.0820191656E-01 -4.0208659323E-01
           Stress_EigVec2 = -5.9783192354E-01  2.5934347575E-01  7.5851035114E-01
           Stress_EigVec3 =  7.9315908928E-01  3.2849694114E-01  5.1282396469E-01
           -DivStress =  7.9525500223E+05 -5.7842168911E+05 -1.6367130823E+06
           ESP =  -2.2360827505E+01     ESP at Nucleus =  -2.2360827578E+01
           ESPe = -3.4994225312E+01     ESPe at Nucleus = -3.4994218439E+01
           ESPn =  1.2633397807E+01     ESPn at Nucleus =  1.2633390861E+01

CP# 3      Coords =  3.58237678549217E+00  3.06140743131857E+00  1.60322922345551E-01
           Type = (3,-3) NACP N3
           Rho =  2.0262432169E+02     Rho at Nucleus =  2.0262431428E+02
           GradRho = -1.9858115152E-10  2.6731938885E-10  2.9563018700E-12
           HessRho_EigVals = -1.6413461979E+06 -1.6413431355E+06 -1.6413253158E+06
           HessRho_EigVec1 =  5.9501337657E-01  7.1796000244E-01 -3.6123747950E-01
           HessRho_EigVec2 = -4.1936653835E-01  6.6076551107E-01  6.2251156286E-01
           HessRho_EigVec3 =  6.8563167095E-01 -2.1891179567E-01  6.9425271876E-01
           DelSqRho = -4.9240146493E+06
           Bond Ellipticity = NA
           V = -1.2310729692E+06
           G =  3.4653453156E+01
           K =  1.2310383158E+06
           L =  1.2310036623E+06
           Vnuc =  2.3300085997E+06
           Ven = -4.7211641203E+08
           Vrep =  4.7088533906E+08
           DelSqV =  7.9011782169E+11
           DelSqVen =  1.1472996461E+13
           DelSqVrep = -1.0682878635E+13
           DelSqG =  9.9722144717E+09
           DelSqK = -8.0009003616E+11
           Stress_EigVals = -4.1036003716E+05 -4.1035689351E+05 -4.1035603857E+05
           Stress_EigVec1 =  6.5984927299E-01 -2.3479606205E-01  7.1377149438E-01
           Stress_EigVec2 =  4.1847231360E-01 -6.7414028660E-01 -6.0861793988E-01
           Stress_EigVec3 =  6.2408321536E-01  7.0028971379E-01 -3.4657532669E-01
           -DivStress =  5.9508478491E+05 -1.3115972144E+05  4.9648746192E+05
           ESP =  -1.8397218105E+01     ESP at Nucleus =  -1.8397218158E+01
           ESPe = -3.0751493524E+01     ESPe at Nucleus = -3.0751490490E+01
           ESPn =  1.2354275419E+01     ESPn at Nucleus =  1.2354272332E+01

CP# 4      Coords = -3.33682396348492E+00  6.25818064477152E-01 -7.45701757107848E-01
           Type = (3,-3) NACP C4
           Rho =  1.2492698283E+02     Rho at Nucleus =  1.2492698279E+02
           GradRho =  5.5391732867E-10 -2.5181692842E-10  4.9210238662E-10
           HessRho_EigVals = -7.4640111724E+05 -7.4640101204E+05 -7.4640024699E+05
           HessRho_EigVec1 = -7.3821562256E-01 -6.1287977776E-01  2.8180857442E-01
           HessRho_EigVec2 = -1.9386640951E-01  5.9289758329E-01  7.8159341796E-01
           HessRho_EigVec3 =  6.4610642302E-01 -5.2235125513E-01  5.5650306054E-01
           DelSqRho = -2.2392023763E+06
           Bond Ellipticity = NA
           V = -5.5982194125E+05
           G =  1.0673589017E+01
           K =  5.5981126766E+05
           L =  5.5980059407E+05
           Vnuc =  2.0634818444E+07
           Ven = -2.5778456094E+09
           Vrep =  2.5772857874E+09
           DelSqV =  2.6545067467E+11
           DelSqVen =  4.6205532373E+13
           DelSqVrep = -4.5940085368E+13
           DelSqG =  3.3447705011E+09
           DelSqK = -2.6879544517E+11
           Stress_EigVals = -1.8660746598E+05 -1.8660725135E+05 -1.8660722392E+05
           Stress_EigVec1 =  6.3808516674E-01 -5.2497922514E-01  5.6324429261E-01
           Stress_EigVec2 =  1.4769532402E-01 -6.3448077477E-01 -7.5869640682E-01
           Stress_EigVec3 = -7.5566752692E-01 -5.6730147155E-01  3.2731579420E-01
           -DivStress = -1.9032533395E+04  9.2748421474E+03 -1.4317729476E+04
           ESP =  -1.4759043290E+01     ESP at Nucleus =  -1.4759043290E+01
           ESPe = -2.9419035699E+01     ESPe at Nucleus = -2.9419035340E+01
           ESPn =  1.4659992409E+01     ESPn at Nucleus =  1.4659992049E+01

CP# 5      Coords = -8.61503818133493E-01  2.08233531428201E+00 -1.14927045676492E+00
           Type = (3,-3) NACP C5
           Rho =  1.2500400600E+02     Rho at Nucleus =  1.2500400598E+02
           GradRho =  1.1677459000E-10 -4.2088221797E-11  3.5651313846E-10
           HessRho_EigVals = -7.4684379899E+05 -7.4684327565E+05 -7.4684267314E+05
           HessRho_EigVec1 =  7.3320106130E-01 -3.3393326698E-01  5.9237216083E-01
           HessRho_EigVec2 =  5.8768137393E-01  7.4943528706E-01 -3.0492188057E-01
           HessRho_EigVec3 = -3.4212104064E-01  5.7169513180E-01  7.4573310898E-01
           DelSqRho = -2.2405297478E+06
           Bond Ellipticity = NA
           V = -5.6015406219E+05
           G =  1.0812621247E+01
           K =  5.6014324957E+05
           L =  5.6013243695E+05
           Vnuc =  2.6191603042E+07
           Ven = -3.2740553039E+09
           Vrep =  3.2734951498E+09
           DelSqV =  2.6560771171E+11
           DelSqVen =  5.8683077689E+13
           DelSqVrep = -5.8417486755E+13
           DelSqG =  3.3466750910E+09
           DelSqK = -2.6895438680E+11
           Stress_EigVals = -1.8671818527E+05 -1.8671801124E+05 -1.8671786569E+05
           Stress_EigVec1 = -3.4193121658E-01  5.7994946332E-01  7.3941981520E-01
           Stress_EigVec2 =  5.8330011205E-01  7.4790182262E-01 -3.1686565451E-01
           Stress_EigVec3 =  7.3677949375E-01 -3.2295740232E-01  5.9401556703E-01
           -DivStress = -4.5601651390E+03  5.7814048724E+03 -1.8755051856E+04
           ESP =  -1.4769488895E+01     ESP at Nucleus =  -1.4769488895E+01
           ESPe = -2.9787468256E+01     ESPe at Nucleus = -2.9787467988E+01
           ESPn =  1.5017979361E+01     ESPn at Nucleus =  1.5017979094E+01

CP# 6      Coords =  1.37013680312302E+00  1.46992436551078E+00  6.01677525521597E-01
           Type = (3,-3) NACP C6
           Rho =  1.2495622122E+02     Rho at Nucleus =  1.2495622085E+02
           GradRho = -1.2509826508E-11  7.7650774699E-11  8.2938933499E-12
           HessRho_EigVals = -7.4657245688E+05 -7.4657101505E+05 -7.4656984524E+05
           HessRho_EigVec1 =  7.0794080756E-01  7.0537941992E-01 -3.5492068747E-02
           HessRho_EigVec2 = -7.0622835321E-01  7.0644568541E-01 -4.6647686748E-02
           HessRho_EigVec3 = -7.8310993858E-03  5.8089306290E-02  9.9828067515E-01
           DelSqRho = -2.2397133172E+06
           Bond Ellipticity = NA
           V = -5.5994961787E+05
           G =  1.0644290929E+01
           K =  5.5993897358E+05
           L =  5.5992832929E+05
           Vnuc =  6.0575085309E+06
           Ven = -7.5692337603E+08
           Vrep =  7.5636342641E+08
           DelSqV =  2.6551109083E+11
           DelSqVen =  1.3567082856E+13
           DelSqVrep = -1.3301571635E+13
           DelSqG =  3.3455135912E+09
           DelSqK = -2.6885660442E+11
           Stress_EigVals = -1.8665021627E+05 -1.8664988295E+05 -1.8664951866E+05
           Stress_EigVec1 = -3.8714650533E-03  5.8115096961E-02  9.9830238268E-01
           Stress_EigVec2 = -6.9116071180E-01  7.2131917814E-01 -4.4671173077E-02
           Stress_EigVec3 =  7.2269072377E-01  6.9016032829E-01 -3.7374309792E-02
           -DivStress = -7.4128366138E+04 -1.1037442637E+04  4.4354308673E+04
           ESP =  -1.4726588169E+01     ESP at Nucleus =  -1.4726588172E+01
           ESPe = -3.0893855059E+01     ESPe at Nucleus = -3.0893854842E+01
           ESPn =  1.6167266890E+01     ESPn at Nucleus =  1.6167266670E+01

CP# 7      Coords = -4.22225629919301E+00  7.26625477654335E-01  1.99934677771352E+00
           Type = (3,-3) NACP C7
           Rho =  1.2496261554E+02     Rho at Nucleus =  1.2496261554E+02
           GradRho =  1.2190663062E-10  9.8623886835E-12 -5.6725929509E-11
           HessRho_EigVals = -7.4658672918E+05 -7.4658607064E+05 -7.4658598685E+05
           HessRho_EigVec1 = -3.1496556487E-01  4.2076458182E-02  9.4816995555E-01
           HessRho_EigVec2 =  1.2517756635E-01  9.9213134030E-01 -2.4455003481E-03
           HessRho_EigVec3 =  9.4081202683E-01 -1.1791935912E-01  3.1775423666E-01
           DelSqRho = -2.2397587867E+06
           Bond Ellipticity = NA
           V = -5.5996167146E+05
           G =  1.0987396715E+01
           K =  5.5995068406E+05
           L =  5.5993969667E+05
           Vnuc =  6.2694903245E+07
           Ven = -7.8345190907E+09
           Vrep =  7.8339591290E+09
           DelSqV =  2.6551644943E+11
           DelSqVen =  1.4042127139E+14
           DelSqVrep = -1.4015588916E+14
           DelSqG =  3.3454815894E+09
           DelSqK = -2.6886193102E+11
           Stress_EigVals = -1.8665396585E+05 -1.8665394350E+05 -1.8665376212E+05
           Stress_EigVec1 =  9.4338950680E-01 -1.1625570893E-01  3.1064585721E-01
           Stress_EigVec2 =  1.2331281885E-01  9.9236299592E-01 -3.1037135425E-03
           Stress_EigVec3 = -3.0791262911E-01  4.1234627104E-02  9.5052065646E-01
           -DivStress = -9.5169373418E+02 -4.1892182879E+03  7.2380281692E+03
           ESP =  -1.4782644639E+01     ESP at Nucleus =  -1.4782644639E+01
           ESPe = -2.7258121071E+01     ESPe at Nucleus = -2.7258120978E+01
           ESPn =  1.2475476432E+01     ESPn at Nucleus =  1.2475476338E+01

CP# 8      Coords = -3.22776943069273E+00 -2.10343753517444E+00 -1.68371059392456E+00
           Type = (3,-3) NACP C8
           Rho =  1.2496410960E+02     Rho at Nucleus =  1.2496410959E+02
           GradRho = -1.4933365655E-10  1.2983580877E-10  8.2865936335E-12
           HessRho_EigVals = -7.4659606928E+05 -7.4659529124E+05 -7.4659524145E+05
           HessRho_EigVec1 =  8.6127209872E-03  9.5190755962E-01  3.0626429596E-01
           HessRho_EigVec2 =  8.5903502623E-01 -1.6381461380E-01  4.8499855259E-01
           HessRho_EigVec3 =  5.1184435597E-01  2.5891460030E-01 -8.1913282501E-01
           DelSqRho = -2.2397866020E+06
           Bond Ellipticity = NA
           V = -5.5996863605E+05
           G =  1.0992778432E+01
           K =  5.5995764327E+05
           L =  5.5994665049E+05
           Vnuc =  5.1089769145E+07
           Ven = -6.3843875108E+09
           Vrep =  6.3838275421E+09
           DelSqV =  2.6551974650E+11
           DelSqVen =  1.1443009225E+14
           DelSqVrep = -1.1416455572E+14
           DelSqG =  3.3455247882E+09
           DelSqK = -2.6886527129E+11
           Stress_EigVals = -1.8665629319E+05 -1.8665627685E+05 -1.8665606601E+05
           Stress_EigVec1 =  4.6448440363E-01  2.6779597076E-01 -8.4412058193E-01
           Stress_EigVec2 =  8.8556185048E-01 -1.4677224915E-01  4.4072453512E-01
           Stress_EigVec3 =  5.8692216463E-03  9.5223065742E-01  3.0532331603E-01
           -DivStress =  3.5778801569E+03 -8.3404224242E+03 -4.9312705073E+03
           ESP =  -1.4785668435E+01     ESP at Nucleus =  -1.4785668435E+01
           ESPe = -2.7697619993E+01     ESPe at Nucleus = -2.7697619874E+01
           ESPn =  1.2911951558E+01     ESPn at Nucleus =  1.2911951440E+01

CP# 9      Coords =  2.28263379274861E+00 -1.21397916617688E+00  2.02066103170497E-01
           Type = (3,-3) NACP C9
           Rho =  1.2520972250E+02     Rho at Nucleus =  1.2520972143E+02
           GradRho = -8.2356343967E-12 -8.5103313285E-12  1.0278888851E-11
           HessRho_EigVals = -7.4803253993E+05 -7.4803024230E+05 -7.4802742504E+05
           HessRho_EigVec1 =  9.0296460340E-01  2.4485822650E-01  3.5312798520E-01
           HessRho_EigVec2 = -1.4375622668E-01 -6.0229593721E-01  7.8522210317E-01
           HessRho_EigVec3 = -4.0495564239E-01  7.5979211165E-01  5.0865201736E-01
           DelSqRho = -2.2440902073E+06
           Bond Ellipticity = NA
           V = -5.6104311967E+05
           G =  1.0283927714E+01
           K =  5.6103283574E+05
           L =  5.6102255182E+05
           Vnuc =  3.5384309198E+06
           Ven = -4.4304595357E+08
           Vrep =  4.4248491045E+08
           DelSqV =  2.6602850720E+11
           DelSqVen =  7.9405580943E+12
           DelSqVrep = -7.6745296117E+12
           DelSqG =  3.3517973239E+09
           DelSqK = -2.6938030453E+11
           Stress_EigVals = -1.8701530654E+05 -1.8701431344E+05 -1.8701349969E+05
           Stress_EigVec1 = -4.2134774573E-01  6.7866734531E-01  6.0156189339E-01
           Stress_EigVec2 = -8.6648547330E-02 -6.9040873270E-01  7.1821153643E-01
           Stress_EigVec3 =  9.0275030126E-01  2.5049234764E-01  3.4970770274E-01
           -DivStress =  1.2095931125E+04  1.0800570420E+05 -1.0247357833E+05
           ESP =  -1.4652480115E+01     ESP at Nucleus =  -1.4652480126E+01
           ESPe = -3.1414607442E+01     ESPe at Nucleus = -3.1414607912E+01
           ESPn =  1.6762127327E+01     ESPn at Nucleus =  1.6762127786E+01

CP# 10     Coords = -4.74014054765850E+00  1.60016052675826E+00 -1.89165790038631E+00
           Type = (3,-3) NACP H10
           Rho =  4.7617857551E-01     Rho at Nucleus =  4.7473633003E-01
           GradRho =  8.9803945530E-13 -6.1433063497E-13  7.2620338562E-13
           HessRho_EigVals = -2.4042987530E+01 -2.4042389566E+01 -2.2821065547E+01
           HessRho_EigVec1 =  2.4705921791E-01  8.6764148350E-01  4.3146262753E-01
           HessRho_EigVec2 = -6.8685022616E-01 -1.5728072719E-01  7.0957701462E-01
           HessRho_EigVec3 =  6.8351920944E-01 -4.7165774557E-01  5.5708209572E-01
           DelSqRho = -7.0906442643E+01
           Bond Ellipticity = NA
           V = -1.7744233636E+01
           G =  8.8114875821E-03
           K =  1.7735422148E+01
           L =  1.7726610661E+01
           Vnuc =  1.0388971357E+02
           Ven = -4.9470055817E+01
           Vrep =  3.1725822181E+01
           DelSqV =  2.4232096670E+04
           DelSqVen =  7.3664500163E+03
           DelSqVrep =  1.6865646654E+04
           DelSqG =  8.8124069537E+02
           DelSqK = -2.5113337366E+04
           Stress_EigVals = -6.0177105915E+00 -6.0175359192E+00 -5.7089871251E+00
           Stress_EigVec1 =  1.8664860552E-01  8.5075275112E-01  4.9130647719E-01
           Stress_EigVec2 = -7.0581276026E-01 -2.3173865445E-01  6.6942179789E-01
           Stress_EigVec3 =  6.8336713816E-01 -4.7171702587E-01  5.5721845087E-01
           -DivStress = -6.1268717462E+01  4.2188209960E+01 -4.9895905636E+01
           ESP =  -1.1277548223E+00     ESP at Nucleus =  -1.1279785257E+00
           ESPe = -1.4939662034E+01     ESPe at Nucleus = -1.4907646900E+01
           ESPn =  1.3811907211E+01     ESPn at Nucleus =  1.3779668375E+01

CP# 11     Coords = -2.17290471830999E-01  1.83105998275525E+00 -3.08619891042750E+00
           Type = (3,-3) NACP H11
           Rho =  4.6898708923E-01     Rho at Nucleus =  4.6751186782E-01
           GradRho = -1.7363494496E-10  6.6279983238E-11  5.2313685328E-10
           HessRho_EigVals = -2.3666538069E+01 -2.3665253583E+01 -2.2430429622E+01
           HessRho_EigVec1 =  7.5801819083E-01  6.2887639161E-01  1.7298238766E-01
           HessRho_EigVec2 =  5.7257888340E-01 -7.6862387153E-01  2.8525561590E-01
           HessRho_EigVec3 = -3.1234891492E-01  1.1718288352E-01  9.4271221863E-01
           DelSqRho = -6.9762221275E+01
           Bond Ellipticity = NA
           V = -1.7457993249E+01
           G =  8.7189654025E-03
           K =  1.7449274284E+01
           L =  1.7440555319E+01
           Vnuc =  1.0355337019E+02
           Ven = -4.8565193663E+01
           Vrep =  3.1107200414E+01
           DelSqV =  2.3819247890E+04
           DelSqVen =  7.2241131333E+03
           DelSqVrep =  1.6595134757E+04
           DelSqG =  8.6613086779E+02
           DelSqK = -2.4685378758E+04
           Stress_EigVals = -5.9235291098E+00 -5.9231325411E+00 -5.6113315985E+00
           Stress_EigVec1 =  1.4029075168E-01  9.8712536461E-01 -7.6824602402E-02
           Stress_EigVec2 =  9.3950498555E-01 -1.0823028459E-01  3.2498705762E-01
           Stress_EigVec3 = -3.1248821917E-01  1.1776977557E-01  9.4259290940E-01
           -DivStress =  2.8107508174E+01 -1.0744761348E+01 -8.4667620970E+01
           ESP =  -1.1182496616E+00     ESP at Nucleus =  -1.1184692812E+00
           ESPe = -1.6326852454E+01     ESPe at Nucleus = -1.6297490455E+01
           ESPn =  1.5208602792E+01     ESPn at Nucleus =  1.5179021174E+01

CP# 12     Coords = -1.24000385318769E+00  4.08890156327791E+00 -8.96644341483410E-01
           Type = (3,-3) NACP H12
           Rho =  4.7128196764E-01     Rho at Nucleus =  4.6984972369E-01
           GradRho =  2.2421638938E-10 -1.1627032254E-09 -1.3213035050E-10
           HessRho_EigVals = -2.3800523989E+01 -2.3799233885E+01 -2.2590128491E+01
           HessRho_EigVec1 =  9.8239406238E-01  1.8680551198E-01  2.3678899606E-03
           HessRho_EigVec2 =  1.8593358870E-02 -1.1037690998E-01  9.9371586721E-01
           HessRho_EigVec3 = -1.8589296171E-01  9.7617654061E-01  1.1190696291E-01
           DelSqRho = -7.0189886366E+01
           Bond Ellipticity = NA
           V = -1.7565235041E+01
           G =  8.8817248496E-03
           K =  1.7556353316E+01
           L =  1.7547471591E+01
           Vnuc =  1.0437997676E+02
           Ven = -4.9192400830E+01
           Vrep =  3.1627165789E+01
           DelSqV =  2.3987251099E+04
           DelSqVen =  7.3264187269E+03
           DelSqVrep =  1.6660832372E+04
           DelSqG =  8.7250416090E+02
           DelSqK = -2.4859755260E+04
           Stress_EigVals = -5.9571630157E+00 -5.9568493581E+00 -5.6512226673E+00
           Stress_EigVec1 = -4.4108507662E-01 -1.8554687956E-01  8.7807534453E-01
           Stress_EigVec2 =  8.7793021502E-01  1.1381861623E-01  4.6506328617E-01
           Stress_EigVec3 = -1.8623236221E-01  9.7602135124E-01  1.1269351881E-01
           -DivStress = -1.6726189229E+01  8.6668426946E+01  9.8500263577E+00
           ESP =  -1.1150080297E+00     ESP at Nucleus =  -1.1152257215E+00
           ESPe = -1.5558132636E+01     ESPe at Nucleus = -1.5526870253E+01
           ESPn =  1.4443124606E+01     ESPn at Nucleus =  1.4411644531E+01

CP# 13     Coords =  8.14573213124738E-01  1.67492491803402E+00  2.56182592298068E+00
           Type = (3,-3) NACP H13
           Rho =  4.7636523939E-01     Rho at Nucleus =  4.7478568149E-01
           GradRho =  1.2830445387E-09 -4.7711785564E-10 -4.6293550898E-09
           HessRho_EigVals = -2.4024605385E+01 -2.4017359940E+01 -2.2707748705E+01
           HessRho_EigVec1 =  9.1572892508E-01  3.3534441883E-01  2.2132477616E-01
           HessRho_EigVec2 =  2.9939461357E-01 -9.3685271433E-01  1.8074804843E-01
           HessRho_EigVec3 = -2.6796156655E-01  9.9252770270E-02  9.5830344174E-01
           DelSqRho = -7.0749714030E+01
           Bond Ellipticity = NA
           V = -1.7703617634E+01
           G =  8.0945633384E-03
           K =  1.7695523071E+01
           L =  1.7687428508E+01
           Vnuc =  1.0189673250E+02
           Ven = -4.8540061369E+01
           Vrep =  3.0836443734E+01
           DelSqV =  2.4119112820E+04
           DelSqVen =  7.2091647561E+03
           DelSqVrep =  1.6909948064E+04
           DelSqG =  8.7701733905E+02
           DelSqK = -2.4996130159E+04
           Stress_EigVals = -6.0121879851E+00 -6.0107545878E+00 -5.6806750613E+00
           Stress_EigVec1 =  9.6329918092E-01  1.4663400652E-02  2.6802923855E-01
           Stress_EigVec2 =  1.2469298640E-02  9.9498454027E-01 -9.9248582981E-02
           Stress_EigVec3 = -2.6814027044E-01  9.8948215313E-02  9.5828495034E-01
           -DivStress = -2.4871052797E+01  9.2526720430E+00  8.9778929674E+01
           ESP =  -1.1105881708E+00     ESP at Nucleus =  -1.1108269219E+00
           ESPe = -1.7039317220E+01     ESPe at Nucleus = -1.7007016986E+01
           ESPn =  1.5928729049E+01     ESPn at Nucleus =  1.5896190064E+01

CP# 14     Coords = -2.98737715446871E+00 -3.78944988852470E-01  3.21091792771250E+00
           Type = (3,-3) NACP H14
           Rho =  4.6772169982E-01     Rho at Nucleus =  4.6624693553E-01
           GradRho = -1.0370176939E-12  9.4269383966E-13 -1.0361199745E-12
           HessRho_EigVals = -2.3599048968E+01 -2.3597916972E+01 -2.2366940195E+01
           HessRho_EigVec1 = -1.2164051993E-01  6.7272012721E-01  7.2982957898E-01
           HessRho_EigVec2 = -7.9484511938E-01 -5.0641568574E-01  3.3431181467E-01
           HessRho_EigVec3 =  5.9449543321E-01 -5.3943561588E-01  5.9630897714E-01
           DelSqRho = -6.9563906135E+01
           Bond Ellipticity = NA
           V = -1.7408687200E+01
           G =  8.8553332854E-03
           K =  1.7399831867E+01
           L =  1.7390976534E+01
           Vnuc =  1.0246575966E+02
           Ven = -4.7925459284E+01
           Vrep =  3.0516772083E+01
           DelSqV =  2.3750619975E+04
           DelSqVen =  7.1279184874E+03
           DelSqVrep =  1.6622701488E+04
           DelSqG =  8.6355356558E+02
           DelSqK = -2.4614173541E+04
           Stress_EigVals = -5.9070326111E+00 -5.9066388015E+00 -5.5950157878E+00
           Stress_EigVec1 =  5.5894275727E-01  8.1027910990E-01  1.7615549423E-01
           Stress_EigVec2 = -5.7809643605E-01  2.2848377694E-01  7.8332603321E-01
           Stress_EigVec3 =  5.9446404830E-01 -5.3966927625E-01  5.9612881791E-01
           -DivStress =  5.3262708305E+01 -4.8491292821E+01  5.3478912680E+01
           ESP =  -1.1211968753E+00     ESP at Nucleus =  -1.1214098077E+00
           ESPe = -1.5350914006E+01     ESPe at Nucleus = -1.5330382759E+01
           ESPn =  1.4229717131E+01     ESPn at Nucleus =  1.4208972951E+01

CP# 15     Coords = -4.25758201323707E+00  2.65244540392953E+00  2.70903570704727E+00
           Type = (3,-3) NACP H15
           Rho =  4.6843724245E-01     Rho at Nucleus =  4.6698616903E-01
           GradRho =  4.0974879739E-12 -1.6839381018E-10 -6.3711337557E-11
           HessRho_EigVals = -2.3653267322E+01 -2.3652209101E+01 -2.2433533099E+01
           HessRho_EigVec1 = -4.3373404485E-02 -3.5404389908E-01  9.3422249240E-01
           HessRho_EigVec2 =  9.9882076687E-01  5.0500676216E-03  4.8286359114E-02
           HessRho_EigVec3 = -2.1813377613E-02  9.3521517008E-01  3.5340736016E-01
           DelSqRho = -6.9739009522E+01
           Bond Ellipticity = NA
           V = -1.7452265778E+01
           G =  8.7566986692E-03
           K =  1.7443509079E+01
           L =  1.7434752381E+01
           Vnuc =  1.0196968688E+02
           Ven = -4.7766398935E+01
           Vrep =  3.0314133157E+01
           DelSqV =  2.3822853694E+04
           DelSqVen =  7.1112649672E+03
           DelSqVrep =  1.6711588727E+04
           DelSqG =  8.6655929188E+02
           DelSqK = -2.4689412986E+04
           Stress_EigVals = -5.9205133216E+00 -5.9201957448E+00 -5.6115567115E+00
           Stress_EigVec1 =  8.3584867449E-01 -1.7680457955E-01  5.1970870110E-01
           Stress_EigVec2 = -5.4853292254E-01 -3.0632692455E-01  7.7799450396E-01
           Stress_EigVec3 = -2.1647776909E-02  9.3536300758E-01  3.5302608659E-01
           -DivStress = -2.0263280705E+00  8.3325191368E+01  3.1522100760E+01
           ESP =  -1.1195694457E+00     ESP at Nucleus =  -1.1197874515E+00
           ESPe = -1.4025501957E+01     ESPe at Nucleus = -1.3998932562E+01
           ESPn =  1.2905932512E+01     ESPn at Nucleus =  1.2879145110E+01

CP# 16     Coords = -6.11212704706137E+00 -4.79748804156276E-02  2.17720106662204E+00
           Type = (3,-3) NACP H16
