AIMSum (Version 17.01.25, Professional)
Copyright (c) 1997-2017 by Todd A. Keith
AIMSum is a component of the AIMAll package ( http://aim.tkgristmill.com )

TP:  64-bit Linux

Licensed To:  Research Group of Fernando Cortes Guzman, UNAM, fercor@unam.mx

Much of the Quantum Theory of Atoms in Molecules (QTAIM) is described in the book:
  "Atoms in Molecules - A Quantum Theory"
  R.F.W. Bader, Oxford University Press, Oxford, 1990

For additional references see:  http://aim.tkgristmill.com/references.html

Wfn File:  /home/alejandro/wd/aimqb_inps/lysine_m062X_def2QZVP.wfn
Sum File:  /home/alejandro/wd/aimqb_inps/lysine_m062X_def2QZVP.sum

SumViz File:  /home/alejandro/wd/aimqb_inps/lysine_m062X_def2QZVP.sumviz

Wfn Title:   opt lysine M062X def2TZVP                                                     
 
Total memory allocated for AIMSum =        1.498 Megabytes

Atomic units (a.u.) used throughout, except where stated otherwise

Model:  Restricted SCF
 
Restricted, closed-shell, single-determinant wavefunction.
  Number of electrons (from MO Occs)                   =          80.0000000000
  Number of Alpha electrons (from MO Occs)             =          40.0000000000
  Number of Beta electrons (from MO Occs)              =          40.0000000000
  Number of electron pairs (N*(N-1)/2)                 =        3160.0000000000
  Number of electron pairs (from Muller 2EDM)          =        3160.0000000000
 
Nuclear Charges and Cartesian Coordinates:
-------------------------------------------------------------------------------
Atom      Charge                X                  Y                  Z
-------------------------------------------------------------------------------
O1         8.0           5.4222628100E+00  -2.8865669000E+00   9.8162576000E-01
O2         8.0           6.6230158800E+00   1.7375760000E-01  -1.6653009500E+00
N3         7.0           2.8872789300E+00   3.4587391400E+00   2.1607742000E-01
N4         7.0          -8.9004055400E+00  -8.7307024000E-01  -6.2056614000E-01
C5         6.0          -1.9684130700E+00   5.4754052000E-01   7.3529499000E-01
C6         6.0           4.9211742000E-01  -4.6638338000E-01  -3.5822566000E-01
C7         6.0          -4.2834063500E+00  -6.3097532000E-01  -5.0301114000E-01
C8         6.0           2.8309837400E+00   7.8755783000E-01   8.0890271000E-01
C9         6.0          -6.7476327600E+00   3.5322108000E-01   5.9545155000E-01
C10        6.0           5.1691212000E+00  -6.0537638000E-01  -1.1137586000E-01
H11        1.0          -2.0058921100E+00   2.5990078400E+00   5.1957668000E-01
H12        1.0          -2.0076568200E+00   1.6565879000E-01   2.7692919600E+00
H13        1.0           5.4106593000E-01  -1.3909365000E-01  -2.4027208600E+00
H14        1.0           6.0424528000E-01  -2.5071611100E+00  -7.0407250000E-02
H15        1.0          -4.2479830600E+00  -2.6866580500E+00  -2.9918270000E-01
H16        1.0          -4.2481379000E+00  -2.3963848000E-01  -2.5367510800E+00
H17        1.0           2.7394785600E+00   5.5327449000E-01   2.8594605900E+00
H18        1.0          -6.7761951800E+00   2.4239997200E+00   4.4157266000E-01
H19        1.0          -6.8173023500E+00  -9.7759930000E-02   2.6098369600E+00
H20        1.0           3.2717994000E+00   3.6763302500E+00  -1.6514471300E+00
H21        1.0           4.3150802200E+00   4.3240125000E+00   1.1531435700E+00
H22        1.0          -8.9463685000E+00  -4.3274494000E-01  -2.4840418700E+00
H23        1.0          -1.0549823820E+01  -2.6831254000E-01   1.3648542000E-01
H24        1.0           6.9007259800E+00  -3.6816288700E+00   2.5378609000E-01
 
Some Atomic Properties:
----------------------
  q(A) = Net Charge of Atom A
  L(A) = Lagrangian of Atom A = -(1/4) Times Atomic Integral of the Laplacian of the Electron Density
  K(A) = Electronic Kinetic Energy of Atom A (Hamiltonian Form)
  K_Scaled(A) = K(A) * E(Mol)/K(Mol) = Approximation to Virial-Based Total Energy of Atom A.
  |Mu_Intra(A)| = Magnitude of Intraatomic Dipole Moment of Atom A
--------------------------------------------------------------------------------------------------
Atom A          q(A)              L(A)              K(A)          K_Scaled(A)      |Mu_Intra(A)|
--------------------------------------------------------------------------------------------------
O1       -1.1907728516E+00  1.6577350159E-05  7.5666194705E+01 -7.5969725862E+01  2.9700114354E-01
O2       -1.2504303473E+00  3.6580332159E-05  7.5750665054E+01 -7.6054535059E+01  5.5067130806E-01
N3       -1.0306947670E+00 -1.2834197826E-04  5.4947672617E+01 -5.5168092458E+01  2.4989036056E-01
N4       -1.0362545929E+00 -7.2041455987E-05  5.4925780638E+01 -5.5146112661E+01  2.3209115965E-01
C5        1.1473014590E-01  2.0494417613E-04  3.7820662871E+01 -3.7972378569E+01  3.5090658157E-02
C6        1.1000781840E-01  1.8740905380E-04  3.7831453362E+01 -3.7983212345E+01  4.7283181733E-02
C7        1.1642924380E-01  2.7796151349E-04  3.7830319403E+01 -3.7982073838E+01  2.7419236807E-02
C8        4.2532469660E-01  1.2563937856E-04  3.7671271031E+01 -3.7822387451E+01  3.8729923154E-01
C9        4.4666742570E-01 -9.5387563347E-05  3.7628788842E+01 -3.7779734847E+01  3.8367756262E-01
C10       1.6434613887E+00 -1.2247631248E-05  3.6887359175E+01 -3.7035330972E+01  8.7721425715E-01
H11      -2.1759947600E-02  1.6062307717E-05  6.3938475740E-01 -6.4194961739E-01  1.2540002277E-01
H12      -5.5405635600E-02  3.0188430554E-05  6.5050893076E-01 -6.5311841481E-01  1.3124307660E-01
H13      -4.3320220400E-02  3.0779560120E-05  6.4438427464E-01 -6.4696918993E-01  1.2952470784E-01
H14      -2.8105231100E-02  3.0123955239E-05  6.4258924936E-01 -6.4516696400E-01  1.1995403555E-01
H15      -3.8281402000E-02  2.8634850329E-05  6.4409718068E-01 -6.4668094432E-01  1.3135557921E-01
H16      -6.0174621300E-02  2.9286959426E-05  6.5178207595E-01 -6.5439666716E-01  1.3240147273E-01
H17      -6.3964338000E-03  4.0431626114E-05  6.3825071351E-01 -6.4081102433E-01  1.2090818429E-01
H18      -6.4365660800E-02  3.3285943103E-05  6.5823350132E-01 -6.6087397210E-01  1.3548998121E-01
H19      -4.2799775600E-02  3.3174987747E-05  6.5186590158E-01 -6.5448082905E-01  1.2752901269E-01
H20       3.6329397520E-01  3.4749619628E-05  4.8059960872E-01 -4.8252751002E-01  1.8519244679E-01
H21       3.5342583460E-01  3.1396627666E-05  4.8720834499E-01 -4.8916275691E-01  1.8852434471E-01
H22       3.3813302779E-01  2.9584012380E-05  4.9328592871E-01 -4.9526472055E-01  1.9644511014E-01
H23       3.4302331290E-01  2.7614347447E-05  4.9213673751E-01 -4.9411091942E-01  1.9362314382E-01
H24       6.1505181922E-01  2.5382051217E-05  3.4501419603E-01 -3.4639820322E-01  1.5218883024E-01
--------------------------------------------------------------------------------------------------
Total     7.8720181000E-04  9.6178845414E-04  4.9507950910E+02 -4.9706549580E+02
 
Molecular charge q(Mol) from the wfn file:   0.0000000000E+00
Molecular energy E(Mol) from the wfn file:  -4.9706531167E+02
Molecular virial ratio (-V(Mol)/T(Mol)) from the wfn file:   2.0040114500E+00
Note.  K_Scaled(A) = (1+V(Mol)/T(Mol))*K(A) = (E(Mol)/T(Mol))*K(A)
       Only use K_Scaled(A) data with caution.
 
N_AIMInt(SumA)     =         79.999213
N_Analytic(Mol)    =         79.999992
 
G_AIMInt(SumA)     =        495.078547
G_Analytic(Mol)    =        495.079320
 
K_AIMInt(SumA)     =        495.079509
K_Analytic(Mol)    =        495.079320
 
L_AIMInt(SumA)     =          0.000962
L_Analytic(Mol)    =          0.000000
 
VenT_AIMInt(SumA)  =      -2248.567143
VenT_Analytic(Mol) =      -2248.580090
 
Some Information About the Atomic Calculations:
----------------------------------------------
  Time(sec) = "Elapsed User Time", in Seconds, for Atom A by AIMInt and, if used, by TWOe
  NProc = Number of Processors Used for AIMInt Job
  BIM = Basin Integration Method
  OAQ = Angular Quadrature Outside of Beta Sphere
  ORQ = Multiple of Default for Radial Quadrature Outside of Beta Sphere
  IAQ = Multiple of Default for Angular Quadrature Inside of Beta Sphere
  IRQ = Multiple of Default for Radial Quadrature Inside of Beta Sphere
  MIR = Maximum Integration Radius
------------------------------------------------------------------------------------------------------
Atom A     Time(sec)   NProc      BIM              OAQ                 ORQ      IAQ      IRQ      MIR
------------------------------------------------------------------------------------------------------
O1            191       16     Proaim(5)    4334      (Very High)      1.00     1.00     1.00    13.00
O2            105       16     Proaim(5)    3074      (Very High)      1.00     1.00     1.00    13.00
N3            191       16     Proaim(5)    4334      (Very High)      1.00     1.00     1.00    13.00
N4            123       16     Proaim(5)    4334      (Very High)      1.00     1.00     1.00    13.00
C5            190       16     Proaim(5)    4334      (Very High)      1.00     1.00     1.00    13.00
C6            204       16     Proaim(5)    4334      (Very High)      1.00     1.00     1.00    13.00
C7            171       16     Proaim(5)    4334      (Very High)      1.00     1.00     1.00    13.00
C8            226       16     Proaim(5)    4334      (Very High)      1.00     1.00     1.00    13.00
C9            162       16     Proaim(5)    4334      (Very High)      1.00     1.00     1.00    13.00
C10           145       16     Proaim(5)    4334      (Very High)      1.00     1.00     1.00    13.00
H11            65       16     Proaim(5)    2030      (Very High)      1.00     1.00     1.00    13.00
H12            57       16     Proaim(5)    2030      (Very High)      1.00     1.00     1.00    13.00
H13            59       16     Proaim(5)    2030      (Very High)      1.00     1.00     1.00    13.00
H14            57       16     Proaim(5)    2030      (Very High)      1.00     1.00     1.00    13.00
H15            52       16     Proaim(5)    2030      (Very High)      1.00     1.00     1.00    13.00
H16            55       16     Proaim(5)    2030      (Very High)      1.00     1.00     1.00    13.00
H17            57       16     Proaim(5)    2030      (Very High)      1.00     1.00     1.00    13.00
H18            53       16     Proaim(5)    2030      (Very High)      1.00     1.00     1.00    13.00
H19            53       16     Proaim(5)    2030      (Very High)      1.00     1.00     1.00    13.00
H20            41       16     Proaim(5)    2030      (Very High)      1.00     1.00     1.00    13.00
H21            44       16     Proaim(5)    2030      (Very High)      1.00     1.00     1.00    13.00
H22            52       16     Proaim(5)    2030      (Very High)      1.00     1.00     1.00    13.00
H23            54       16     Proaim(5)    2030      (Very High)      1.00     1.00     1.00    13.00
H24            38       16     Proaim(5)    2030      (Very High)      1.00     1.00     1.00    13.00
------------------------------------------------------------------------------------------------------
Total        2445
Note:  Total wall clock time is less than total of atomic times if more than one atom
       was calculated at a time
 
Electron Density Critical Point Analysis of Molecular Structure:               
---------------------------------------------------------------                
  NACP = Nuclear Attractor Critical Point                                      
  NNACP = Non-Nuclear Attractor Critical Point                                 
  BCP = Bond Critical Point                                                    
  RCP = Ring Critical Point                                                    
  CCP = Cage Critical Point                                                    
  Rho = Electron Density                                                       
  GradRho = Gradient of Electron Density                                       
  HessRho_EigVals = Eigenvalues of the Hessian of Rho, Ascending Order         
  HessRho_EigVecs = Eigenvectors of the Hessian of Rho                         
  DelSqRho = Laplacian of Rho = Trace of Hessian of Rho                        
  Bond Ellipticity = (HessRho_EigVal(1) / HessRho_EigVal(2)) - 1               
  V = Virial Field = Potential Energy Density = Trace of Stress Tensor         
  G = Lagrangian Form of Kinetic Energy Density                                
  K = Hamiltonian Form of Kinetic Energy Density                               
  L = K - G = Lagrangian Density = (-1/4)DelSqRho                              
  Vnuc = Electrostatic Potential from Nuclei                                   
  Ven = Electron-nuclear attractive contribution to Virial Field V             
  Vrep = V - Ven = Repulsive contribution to Virial Field V                    
  DelSqV = Laplacian of V                                                      
  DelSqVen = Laplacian of Ven                                                  
  DelSqVrep = Laplacian of Vrep                                                
  DelSqG = Laplacian of G                                                      
  DelSqK = Laplacian of K                                                      
  Stress_EigVals = Eigenvalues of Stress Tensor, Ascending Order               
  Stress_EigVecs = Eigenvectors of Stress Tensor                               
  -DivStress = Ehrenfest Force Density = Minus Divergence of Stress Tensor     
  ESP = Total Electrostatic Potential                                          
  ESPe = Electrostatic Potential from Electrons                                
  ESPn = Electrostatic Potential from Nuclei                                   
  BP = Bond Path                                                               
  BPL = Bond Path Length                                                       
  GBL = Geometric Bond Length                                                  
  GBL_I = Distance Between Nuclear Attractors                                  
  GBL_II = Distance Between Nuclei                                             
  GBL_III = Sum of Distances Between BCP and Nuclear Attractors                
  GBL_IV = Sum of Distances Between BCP and Nuclei                             

CP# 1      Coords =  5.42226458815278E+00 -2.88656578860420E+00  9.81623693625476E-01
           Type = (3,-3) NACP O1
           Rho =  3.0923911719E+02     Rho at Nucleus =  3.0923910309E+02
           GradRho = -4.8281223464E-10 -2.9692781567E-10  2.2989610216E-11
           HessRho_EigVals = -3.2541082075E+06 -3.2540754561E+06 -3.2540689803E+06
           HessRho_EigVec1 = -5.6171923497E-01  8.2692538578E-01 -2.5805182000E-02
           HessRho_EigVec2 =  5.8706017382E-01  3.7641630429E-01 -7.1670853084E-01
           HessRho_EigVec3 =  5.8295098712E-01  4.1773816227E-01  6.9689523919E-01
           DelSqRho = -9.7622526439E+06
           Bond Ellipticity = NA
           V = -2.4407429926E+06
           G =  8.9915818851E+01
           K =  2.4406530768E+06
           L =  2.4405631610E+06
           Vnuc =  2.7174353941E+06
           Ven = -8.4033732231E+08
           Vrep =  8.3789657932E+08
           DelSqV =  2.0109830263E+12
           DelSqVen =  2.6528290980E+13
           DelSqVrep = -2.4517307954E+13
           DelSqG =  2.5684019967E+10
           DelSqK = -2.0366670463E+12
           Stress_EigVals = -8.1358548307E+05 -8.1358153989E+05 -8.1357596967E+05
           Stress_EigVec1 =  5.7584829825E-01  4.1331454322E-01  7.0538629542E-01
           Stress_EigVec2 =  5.9553156835E-01  3.7906217356E-01 -7.0827538407E-01
           Stress_EigVec3 = -5.6012577919E-01  8.2793898141E-01 -2.7859550569E-02
           -DivStress = -1.1842152883E+06 -7.4019576258E+05  1.3761801432E+06
           ESP =  -2.2306419138E+01     ESP at Nucleus =  -2.2306419199E+01
           ESPe = -3.4357003804E+01     ESPe at Nucleus = -3.4357001006E+01
           ESPn =  1.2050584666E+01     ESPn at Nucleus =  1.2050581807E+01

CP# 2      Coords =  6.62301401172659E+00  1.73756491466757E-01 -1.66529891711255E+00
           Type = (3,-3) NACP O2
           Rho =  3.0950594382E+02     Rho at Nucleus =  3.0950592941E+02
           GradRho = -3.8420999715E-10  3.4248159864E-11 -2.4215296435E-11
           HessRho_EigVals = -3.2569256432E+06 -3.2569127285E+06 -3.2568869302E+06
           HessRho_EigVec1 =  5.5346702142E-01  3.9880189881E-01  7.3118486151E-01
           HessRho_EigVec2 =  6.5111897233E-01  3.4024498662E-01 -6.7843749377E-01
           HessRho_EigVec3 = -5.1934414416E-01  8.5158111451E-01 -7.1353103219E-02
           DelSqRho = -9.7707253019E+06
           Bond Ellipticity = NA
           V = -2.4428594941E+06
           G =  8.9084331900E+01
           K =  2.4427704098E+06
           L =  2.4426813255E+06
           Vnuc =  2.6888904743E+06
           Ven = -8.3222758407E+08
           Vrep =  8.2978472458E+08
           DelSqV =  2.0127251491E+12
           DelSqVen =  2.6272410190E+13
           DelSqVrep = -2.4259685041E+13
           DelSqG =  2.5706444952E+10
           DelSqK = -2.0384315940E+12
           Stress_EigVals = -8.1429264085E+05 -8.1428395965E+05 -8.1428289365E+05
           Stress_EigVec1 = -5.2600891031E-01  8.4802312476E-01 -6.4586423828E-02
           Stress_EigVec2 =  6.4868306727E-01  3.5092969520E-01 -6.7532112900E-01
           Stress_EigVec3 =  5.5002264000E-01  3.9712105069E-01  7.3469038825E-01
           -DivStress =  1.2453711758E+06  7.3892645032E+05 -1.3550956200E+06
           ESP =  -2.2365187295E+01     ESP at Nucleus =  -2.2365187354E+01
           ESPe = -3.4352657362E+01     ESPe at Nucleus = -3.4352650512E+01
           ESPn =  1.1987470066E+01     ESPn at Nucleus =  1.1987463158E+01

CP# 3      Coords =  2.88728159728672E+00  3.45873766106308E+00  2.16076781564028E-01
           Type = (3,-3) NACP N3
           Rho =  2.0383306288E+02     Rho at Nucleus =  2.0383305482E+02
           GradRho =  2.5578139606E-10  1.2862677590E-10 -1.8205797980E-11
           HessRho_EigVals = -1.6599270247E+06 -1.6599246683E+06 -1.6599064675E+06
           HessRho_EigVec1 =  3.1544803892E-01  9.0246863017E-01 -2.9333071148E-01
           HessRho_EigVec2 =  3.4173105951E-01  1.8033883654E-01  9.2233279623E-01
           HessRho_EigVec3 =  8.8527533441E-01 -3.9118828663E-01 -2.5151402883E-01
           DelSqRho = -4.9797581605E+06
           Bond Ellipticity = NA
           V = -1.2450067599E+06
           G =  3.3609905856E+01
           K =  1.2449731500E+06
           L =  1.2449395401E+06
           Vnuc =  2.2465040300E+06
           Ven = -4.5791179720E+08
           Vrep =  4.5666679044E+08
           DelSqV =  7.9915547288E+11
           DelSqVen =  1.1187046769E+13
           DelSqVrep = -1.0387891296E+13
           DelSqG =  1.0138849992E+10
           DelSqK = -8.0929432287E+11
           Stress_EigVals = -4.1500466187E+05 -4.1500138892E+05 -4.1500070914E+05
           Stress_EigVec1 =  8.9341156561E-01 -3.5973705999E-01 -2.6908181303E-01
           Stress_EigVec2 =  3.5301415552E-01  1.9172854810E-01  9.1576261654E-01
           Stress_EigVec3 =  2.7784308599E-01  9.1314260196E-01 -2.9828477677E-01
           -DivStress = -7.0590646627E+05  3.9142200891E+05  1.6896028729E+05
           ESP =  -1.8402386860E+01     ESP at Nucleus =  -1.8402386905E+01
           ESPe = -3.1471890800E+01     ESPe at Nucleus = -3.1471888128E+01
           ESPn =  1.3069503940E+01     ESPn at Nucleus =  1.3069501223E+01

CP# 4      Coords = -8.90040575234040E+00 -8.73067165974224E-01 -6.20566466472757E-01
           Type = (3,-3) NACP N4
           Rho =  2.0383294156E+02     Rho at Nucleus =  2.0383293359E+02
           GradRho = -5.6830296025E-10  5.9628607607E-11  2.3330365417E-11
           HessRho_EigVals = -1.6599218127E+06 -1.6599201501E+06 -1.6599016429E+06
           HessRho_EigVec1 =  8.1642554095E-01  1.5643732996E-01  5.5585672424E-01
           HessRho_EigVec2 = -5.6823137185E-01  4.6323998973E-02  8.2156387163E-01
           HessRho_EigVec3 = -1.0277375215E-01  9.8660095728E-01 -1.2671269453E-01
           DelSqRho = -4.9797436057E+06
           Bond Ellipticity = NA
           V = -1.2450030180E+06
           G =  3.3558267998E+01
           K =  1.2449694597E+06
           L =  1.2449359014E+06
           Vnuc =  2.2590966513E+06
           Ven = -4.6047831570E+08
           Vrep =  4.5923331268E+08
           DelSqV =  7.9915305671E+11
           DelSqVen =  1.1249722098E+13
           DelSqVrep = -1.0450569041E+13
           DelSqG =  1.0138796281E+10
           DelSqK = -8.0929185299E+11
           Stress_EigVals = -4.1500339866E+05 -4.1500005579E+05 -4.1499956351E+05
           Stress_EigVec1 = -1.1866368615E-01  9.8348422608E-01 -1.3666640640E-01
           Stress_EigVec2 = -5.7015930915E-01  4.5195321989E-02  8.2029003716E-01
           Stress_EigVec3 =  8.1291899460E-01  1.7526026338E-01  5.5537964340E-01
           -DivStress =  5.6187277819E+04 -8.1355798323E+05  8.6395080806E+04
           ESP =  -1.8413019734E+01     ESP at Nucleus =  -1.8413019780E+01
           ESPe = -2.8600945283E+01     ESPe at Nucleus = -2.8600943771E+01
           ESPn =  1.0187925548E+01     ESPn at Nucleus =  1.0187923991E+01

CP# 5      Coords = -1.96841295202562E+00  5.47540217036271E-01  7.35294868060755E-01
           Type = (3,-3) NACP C5
           Rho =  1.2578399414E+02     Rho at Nucleus =  1.2578399409E+02
           GradRho =  5.5148274836E-10 -1.2003943395E-09 -5.1544701840E-10
           HessRho_EigVals = -7.5623297069E+05 -7.5623258726E+05 -7.5623189417E+05
           HessRho_EigVec1 =  9.5046705170E-01 -1.4192502324E-01 -2.7653150165E-01
           HessRho_EigVec2 =  3.1065418276E-01  4.0423167723E-01  8.6028526075E-01
           HessRho_EigVec3 =  1.0313212903E-02  9.0357846306E-01 -4.2829849257E-01
           DelSqRho = -2.2686974521E+06
           Bond Ellipticity = NA
           V = -5.6719515077E+05
           G =  1.0393871027E+01
           K =  5.6718475690E+05
           L =  5.6717436303E+05
           Vnuc =  1.7279234862E+07
           Ven = -2.1734511766E+09
           Vrep =  2.1728839815E+09
           DelSqV =  2.6898383928E+11
           DelSqVen =  3.9201376567E+13
           DelSqVrep = -3.8932392728E+13
           DelSqG =  3.4100811752E+09
           DelSqK = -2.7239392046E+11
           Stress_EigVals = -1.8906521827E+05 -1.8906502099E+05 -1.8906491152E+05
           Stress_EigVec1 =  1.5038822014E-02  9.0099312215E-01 -4.3357263252E-01
           Stress_EigVec2 =  3.1617436756E-01  4.0708709357E-01  8.5692115597E-01
           Stress_EigVec3 =  9.4858189058E-01 -1.4997163762E-01 -2.7874882023E-01
           -DivStress = -1.0508903031E+04  2.6990692618E+04  1.0865446767E+04
           ESP =  -1.4774282525E+01     ESP at Nucleus =  -1.4774282525E+01
           ESPe = -2.9513533729E+01     ESPe at Nucleus = -2.9513533479E+01
           ESPn =  1.4739251204E+01     ESPn at Nucleus =  1.4739250954E+01

CP# 6      Coords =  4.92117740427146E-01 -4.66383197360280E-01 -3.58225544298359E-01
           Type = (3,-3) NACP C6
           Rho =  1.2580969814E+02     Rho at Nucleus =  1.2580969808E+02
           GradRho =  1.5932386521E-09  9.1570445671E-10  5.6889370992E-10
           HessRho_EigVals = -7.5638086138E+05 -7.5638008787E+05 -7.5637965688E+05
           HessRho_EigVec1 =  8.5411189051E-01  3.2874357293E-01  4.0301431952E-01
           HessRho_EigVec2 = -5.1216453586E-01  3.9689295817E-01  7.6168462500E-01
           HessRho_EigVec3 = -9.0445379615E-02  8.5697353694E-01 -5.0736179428E-01
           DelSqRho = -2.2691406061E+06
           Bond Ellipticity = NA
           V = -5.6730588314E+05
           G =  1.0365804048E+01
           K =  5.6729551734E+05
           L =  5.6728515153E+05
           Vnuc =  1.5522106895E+07
           Ven = -1.9528315829E+09
           Vrep =  1.9522642771E+09
           DelSqV =  2.6903622752E+11
           DelSqVen =  3.5221841904E+13
           DelSqVrep = -3.4952805676E+13
           DelSqG =  3.4107163916E+09
           DelSqK = -2.7244694391E+11
           Stress_EigVals = -1.8910211897E+05 -1.8910199916E+05 -1.8910176500E+05
           Stress_EigVec1 = -8.9214879184E-02  8.5522357051E-01 -5.1052262415E-01
           Stress_EigVec2 = -5.2129220665E-01  3.9666486071E-01  7.5558680743E-01
           Stress_EigVec3 =  8.4870203288E-01  3.3354105103E-01  4.1043297463E-01
           -DivStress = -2.8546846910E+04 -1.6276185709E+04 -1.0311906457E+04
           ESP =  -1.4762321385E+01     ESP at Nucleus =  -1.4762321385E+01
           ESPe = -3.0238139225E+01     ESPe at Nucleus = -3.0238138955E+01
           ESPn =  1.5475817840E+01     ESPn at Nucleus =  1.5475817570E+01

CP# 7      Coords = -4.28340627487277E+00 -6.30975121015013E-01 -5.03011105559050E-01
           Type = (3,-3) NACP C7
           Rho =  1.2580143197E+02     Rho at Nucleus =  1.2580143195E+02
           GradRho = -1.2144268924E-10  2.9349278563E-10  3.9671044227E-11
           HessRho_EigVals = -7.5633375749E+05 -7.5633370947E+05 -7.5633317866E+05
           HessRho_EigVec1 =  9.1534132400E-01  1.6276534585E-01  3.6831739407E-01
           HessRho_EigVec2 = -3.9933312464E-01  4.8457582070E-01  7.7827972449E-01
           HessRho_EigVec3 =  5.1800734988E-02  8.5947292929E-01 -5.0854986744E-01
           DelSqRho = -2.2690006456E+06
           Bond Ellipticity = NA
           V = -5.6727093759E+05
           G =  1.0388091267E+01
           K =  5.6726054950E+05
           L =  5.6725016140E+05
           Vnuc =  2.7846722356E+07
           Ven = -3.5031575480E+09
           Vrep =  3.5025902771E+09
           DelSqV =  2.6901969897E+11
           DelSqVen =  6.3184203416E+13
           DelSqVrep = -6.2915175328E+13
           DelSqG =  3.4105198958E+09
           DelSqK = -2.7243021887E+11
           Stress_EigVals = -1.8909041985E+05 -1.8909026643E+05 -1.8909025130E+05
           Stress_EigVec1 =  4.5460022888E-02  8.5882537718E-01 -5.1024734965E-01
           Stress_EigVec2 = -3.5409378577E-01  4.9146455527E-01  7.9566335959E-01
           Stress_EigVec3 =  9.3410437168E-01  1.4450454118E-01  3.2644671906E-01
           -DivStress = -6.6922601791E+03 -1.7730885846E+04 -3.0708358697E+03
           ESP =  -1.4777084448E+01     ESP at Nucleus =  -1.4777084448E+01
           ESPe = -2.8650200680E+01     ESPe at Nucleus = -2.8650200531E+01
           ESPn =  1.3873116233E+01     ESPn at Nucleus =  1.3873116084E+01

CP# 8      Coords =  2.83098414299345E+00  7.87558461583770E-01  8.08902244814510E-01
           Type = (3,-3) NACP C8
           Rho =  1.2578563754E+02     Rho at Nucleus =  1.2578563725E+02
           GradRho =  1.5306089729E-10  1.7120305174E-11 -3.2692293317E-11
           HessRho_EigVals = -7.5622329514E+05 -7.5622183910E+05 -7.5622107138E+05
           HessRho_EigVec1 = -2.6214339793E-01  9.6403996009E-01 -4.3678304408E-02
           HessRho_EigVec2 =  9.2446147923E-01  2.3788104717E-01 -2.9796573766E-01
           HessRho_EigVec3 =  2.7686063705E-01  1.1848866084E-01  9.5357675355E-01
           DelSqRho = -2.2686662056E+06
           Bond Ellipticity = NA
           V = -5.6718691278E+05
           G =  1.0180687414E+01
           K =  5.6717673209E+05
           L =  5.6716655141E+05
           Vnuc =  6.8037198527E+06
           Ven = -8.5581023935E+08
           Vrep =  8.5524305244E+08
           DelSqV =  2.6897980597E+11
           DelSqVen =  1.5435368661E+13
           DelSqVrep = -1.5166388789E+13
           DelSqG =  3.4099399196E+09
           DelSqK = -2.7238974589E+11
           Stress_EigVals = -1.8906259091E+05 -1.8906234194E+05 -1.8906197994E+05
           Stress_EigVec1 =  2.7574958477E-01  1.1589151151E-01  9.5421765026E-01
           Stress_EigVec2 =  9.2279436662E-01  2.4599112983E-01 -2.9654497294E-01
           Stress_EigVec3 = -2.6909612304E-01  9.6231882534E-01 -3.9112082052E-02
           -DivStress = -3.5894575950E+04 -5.6258227635E+04  4.1439932791E+04
           ESP =  -1.4717204312E+01     ESP at Nucleus =  -1.4717204315E+01
           ESPe = -3.0894477781E+01     ESPe at Nucleus = -3.0894477529E+01
           ESPn =  1.6177273468E+01     ESPn at Nucleus =  1.6177273214E+01

CP# 9      Coords = -6.74763354689204E+00  3.53220597461375E-01  5.95451020603309E-01
           Type = (3,-3) NACP C9
           Rho =  1.2577959877E+02     Rho at Nucleus =  1.2577959834E+02
           GradRho =  2.7402591307E-10 -5.7098215045E-12  1.8584495054E-11
           HessRho_EigVals = -7.5618226216E+05 -7.5618027471E+05 -7.5617984931E+05
           HessRho_EigVec1 =  7.8770466679E-01  4.3124848601E-01  4.3993874714E-01
           HessRho_EigVec2 = -6.0586272638E-01  6.7163801089E-01  4.2641850231E-01
           HessRho_EigVec3 = -1.1158725151E-01 -6.0243433306E-01  7.9032977905E-01
           DelSqRho = -2.2685423862E+06
           Bond Ellipticity = NA
           V = -5.6715599301E+05
           G =  1.0198231627E+01
           K =  5.6714579478E+05
           L =  5.6713559654E+05
           Vnuc =  5.6385937989E+06
           Ven = -7.0922006565E+08
           Vrep =  7.0865290966E+08
           DelSqV =  2.6896510276E+11
           DelSqVen =  1.2791389127E+13
           DelSqVrep = -1.2522423926E+13
           DelSqG =  3.4097306968E+09
           DelSqK = -2.7237483346E+11
           Stress_EigVals = -1.8905227272E+05 -1.8905214723E+05 -1.8905157306E+05
           Stress_EigVec1 = -1.1288178337E-01 -6.0385885947E-01  7.8905778041E-01
           Stress_EigVec2 = -6.0090342012E-01  6.7393784014E-01  4.2979398242E-01
           Stress_EigVec3 =  7.9131080030E-01  4.2563160770E-01  4.3893615920E-01
           -DivStress =  7.0085596378E+04  4.2981599241E+04  4.7155008354E+04
           ESP =  -1.4748158124E+01     ESP at Nucleus =  -1.4748158128E+01
           ESPe = -2.7448942787E+01     ESPe at Nucleus = -2.7448942706E+01
           ESPn =  1.2700784663E+01     ESPn at Nucleus =  1.2700784578E+01

CP# 10     Coords =  5.16912178136995E+00 -6.05378151512252E-01 -1.11375306014154E-01
           Type = (3,-3) NACP C10
           Rho =  1.2608050752E+02     Rho at Nucleus =  1.2608050608E+02
           GradRho = -2.9939739576E-10 -3.0097632719E-11  4.9446835515E-12
           HessRho_EigVals = -7.5786697309E+05 -7.5786412429E+05 -7.5786107983E+05
           HessRho_EigVec1 =  5.5457407189E-01  4.0712880514E-01  7.2573668421E-01
           HessRho_EigVec2 = -8.8623637127E-02  8.9607564660E-01 -4.3496469570E-01
           HessRho_EigVec3 =  8.2740162541E-01 -1.7690271788E-01 -5.3302155555E-01
           DelSqRho = -2.2735921772E+06
           Bond Ellipticity = NA
           V = -5.6841729575E+05
           G =  9.6257216460E+00
           K =  5.6840767002E+05
           L =  5.6839804430E+05
           Vnuc =  3.0847992496E+06
           Ven = -3.8893305497E+08
           Vrep =  3.8836463768E+08
           DelSqV =  2.6956145444E+11
           DelSqVen =  7.0135753769E+12
           DelSqVrep = -6.7440139225E+12
           DelSqG =  3.4167456809E+09
           DelSqK = -2.7297820012E+11
           Stress_EigVals = -1.8947350750E+05 -1.8947237407E+05 -1.8947141418E+05
           Stress_EigVec1 =  8.0877893303E-01 -5.2941715286E-02 -5.8572503129E-01
           Stress_EigVec2 = -2.0142958587E-01  9.1076660532E-01 -3.6045847552E-01
           Stress_EigVec3 =  5.5254208838E-01  4.0951357171E-01  7.2594481550E-01
           -DivStress = -5.1878397196E+04  1.5814021999E+05 -4.9466809877E+04
           ESP =  -1.4635377768E+01     ESP at Nucleus =  -1.4635377779E+01
           ESPe = -3.0716825454E+01     ESPe at Nucleus = -3.0716825964E+01
           ESPn =  1.6081447686E+01     ESPn at Nucleus =  1.6081448185E+01

CP# 11     Coords = -2.00585253895772E+00  2.58694438321087E+00  5.20721868767906E-01
           Type = (3,-3) NACP H11
           Rho =  4.7828039988E-01     Rho at Nucleus =  4.7652629935E-01
           GradRho = -4.8381437745E-15 -9.8532293435E-16  1.2594092436E-15
           HessRho_EigVals = -2.4634407276E+01 -2.4632337839E+01 -2.3181124113E+01
           HessRho_EigVec1 =  9.9705573435E-01  1.4549349824E-02  7.5287309761E-02
           HessRho_EigVec2 = -7.6327598946E-02  9.4254679786E-02  9.9261782826E-01
           HessRho_EigVec3 = -7.3457627518E-03  9.9544179727E-01 -9.5087685909E-02
           DelSqRho = -7.2447869228E+01
           Bond Ellipticity = NA
           V = -1.8127324572E+01
           G =  7.6786323466E-03
           K =  1.8119645939E+01
           L =  1.8111967307E+01
           Vnuc =  9.7786954153E+01
           Ven = -4.6769583535E+01
           Vrep =  2.8642258964E+01
           DelSqV =  2.4680123044E+04
           DelSqVen =  7.0844564667E+03
           DelSqVrep =  1.7595666578E+04
           DelSqG =  9.1604567429E+02
           DelSqK = -2.5596168719E+04
           Stress_EigVals = -6.1647271793E+00 -6.1642781891E+00 -5.7983192033E+00
           Stress_EigVec1 =  9.9674043538E-01  1.5335399238E-02  7.9204355956E-02
           Stress_EigVec2 = -8.0302782118E-02  9.4355351977E-02  9.9229457861E-01
           Stress_EigVec3 = -7.7438786401E-03  9.9542046045E-01 -9.5279269834E-02
           -DivStress = -3.2366833305E-01  9.9395220253E+01 -9.4365583120E+00
           ESP =  -1.1353258064E+00     ESP at Nucleus =  -1.1354879388E+00
           ESPe = -1.6398750702E+01     ESPe at Nucleus = -1.6369201402E+01
           ESPn =  1.5263424896E+01     ESPn at Nucleus =  1.5233713463E+01

CP# 12     Coords = -2.00739699054383E+00  1.67703588842797E-01  2.75770083915509E+00
           Type = (3,-3) NACP H12
           Rho =  4.8036038541E-01     Rho at Nucleus =  4.7869323161E-01
           GradRho =  4.7288561955E-15 -7.9797279895E-17 -5.3082538365E-16
           HessRho_EigVals = -2.4776400310E+01 -2.4776245166E+01 -2.3382059313E+01
           HessRho_EigVec1 =  9.4452427431E-01  3.1927844595E-01  7.7040049234E-02
           HessRho_EigVec2 = -3.2774077773E-01  9.3152898758E-01  1.5760624321E-01
           HessRho_EigVec3 = -2.1444762662E-02 -1.7411208815E-01  9.8449230719E-01
           DelSqRho = -7.2934704789E+01
           Bond Ellipticity = NA
           V = -1.8248976193E+01
           G =  7.6499978410E-03
           K =  1.8241326195E+01
           L =  1.8233676197E+01
           Vnuc =  9.9924630529E+01
           Ven = -4.7999834033E+01
           Vrep =  2.9750857840E+01
           DelSqV =  2.4888084381E+04
           DelSqVen =  7.2879734288E+03
           DelSqVrep =  1.7600110952E+04
           DelSqG =  9.2430471083E+02
           DelSqK = -2.5812389092E+04
           Stress_EigVals = -6.2004094812E+00 -6.2000061151E+00 -5.8485605967E+00
           Stress_EigVec1 =  7.0799028218E-02  9.8194731011E-01  1.7540518171E-01
           Stress_EigVec2 =  9.9725972634E-01 -7.3462854196E-02  8.7319687507E-03
           Stress_EigVec3 = -2.1460098516E-02 -1.7430630861E-01  9.8445760445E-01
           -DivStress = -2.1559317522E+00 -1.6964518206E+01  9.6153869842E+01
           ESP =  -1.1298851544E+00     ESP at Nucleus =  -1.1300317577E+00
           ESPe = -1.6114173893E+01     ESPe at Nucleus = -1.6084079567E+01
           ESPn =  1.4984288738E+01     ESPn at Nucleus =  1.4954047809E+01

CP# 13     Coords =  5.40894314185524E-01 -1.40848609976545E-01 -2.39099334437117E+00
           Type = (3,-3) NACP H13
           Rho =  4.7814929819E-01     Rho at Nucleus =  4.7646683434E-01
           GradRho =  1.8388068845E-16 -2.8796409701E-16  4.5059442288E-15
           HessRho_EigVals = -2.4647019931E+01 -2.4645756964E+01 -2.3244338223E+01
           HessRho_EigVec1 =  7.6216912124E-01 -6.4188490558E-01 -8.4154611370E-02
           HessRho_EigVec2 =  6.4717518348E-01  7.5221193709E-01  1.2386074276E-01
           HessRho_EigVec3 = -1.6202237939E-02 -1.4886560952E-01  9.8872469262E-01
           DelSqRho = -7.2537115119E+01
           Bond Ellipticity = NA
           V = -1.8149452436E+01
           G =  7.5868282361E-03
           K =  1.8141865608E+01
           L =  1.8134278780E+01
           Vnuc =  1.0006747761E+02
           Ven = -4.7847194190E+01
           Vrep =  2.9697741754E+01
           DelSqV =  2.4741637874E+04
           DelSqVen =  7.2586061429E+03
           DelSqVrep =  1.7483031731E+04
           DelSqG =  9.1849283322E+02
           DelSqK = -2.5660130707E+04
           Stress_EigVals = -6.1679681192E+00 -6.1673350618E+00 -5.8141492552E+00
           Stress_EigVec1 = -5.5742984367E-01  8.2223305027E-01  1.1491205519E-01
           Stress_EigVec2 =  8.3006557238E-01  5.4925488536E-01  9.6489462911E-02
           Stress_EigVec3 = -1.6220817710E-02 -1.4917064709E-01  9.8867841239E-01
           -DivStress =  1.4157646656E+00  1.4480942172E+01 -9.6753258099E+01
           ESP =  -1.1177124706E+00     ESP at Nucleus =  -1.1178629118E+00
           ESPe = -1.6863469824E+01     ESPe at Nucleus = -1.6832650941E+01
           ESPn =  1.5745757354E+01     ESPn at Nucleus =  1.5714788029E+01

CP# 14     Coords =  6.03667782359607E-01 -2.49523658889183E+00 -7.20078743757293E-02
           Type = (3,-3) NACP H14
           Rho =  4.7928870863E-01     Rho at Nucleus =  4.7755100277E-01
           GradRho =  1.1579279202E-15 -2.3848110986E-15  9.0205620751E-17
           HessRho_EigVals = -2.4691292572E+01 -2.4689712581E+01 -2.3250135334E+01
           HessRho_EigVec1 =  9.4071439031E-01  8.2451143889E-04 -3.3919869700E-01
           HessRho_EigVec2 =  3.3568860217E-01  1.4124651202E-01  9.3132302947E-01
           HessRho_EigVec3 = -4.8678519326E-02  9.8997411230E-01 -1.3259584735E-01
           DelSqRho = -7.2631140488E+01
           Bond Ellipticity = NA
           V = -1.8172897180E+01
           G =  7.5560289083E-03
           K =  1.8165341151E+01
           L =  1.8157785122E+01
           Vnuc =  9.8755545073E+01
           Ven = -4.7332417668E+01
           Vrep =  2.9159520489E+01
           DelSqV =  2.4751211376E+04
           DelSqVen =  7.1727278682E+03
           DelSqVrep =  1.7578483508E+04
           DelSqG =  9.1872046085E+02
           DelSqK = -2.5669931837E+04
           Stress_EigVals = -6.1789889259E+00 -6.1784683398E+00 -5.8154399142E+00
           Stress_EigVec1 =  7.2124389409E-01 -5.7441939654E-02 -6.9029534897E-01
           Stress_EigVec2 =  6.9099139206E-01  1.2923168783E-01  7.1121731345E-01
           Stress_EigVec3 = -4.8354331045E-02  9.8994928882E-01 -1.3289945161E-01
           -DivStress =  4.7718241602E+00 -9.8500955873E+01  1.3223376861E+01
           ESP =  -1.1192423284E+00     ESP at Nucleus =  -1.1194017653E+00
           ESPe = -1.6854984057E+01     ESPe at Nucleus = -1.6824355694E+01
           ESPn =  1.5735741729E+01     ESPn at Nucleus =  1.5704953929E+01

CP# 15     Coords = -4.24803794305560E+00 -2.67476153426992E+00 -3.00254526058716E-01
           Type = (3,-3) NACP H15
           Rho =  4.7949286310E-01     Rho at Nucleus =  4.7778225145E-01
           GradRho = -6.5919492087E-17 -1.5976803214E-15  1.3357370765E-16
           HessRho_EigVals = -2.4710525042E+01 -2.4709637946E+01 -2.3286135195E+01
           HessRho_EigVec1 =  9.9428703679E-01  1.7125446526E-02  1.0535657338E-01
           HessRho_EigVec2 = -1.0646808109E-01  8.8794299916E-02  9.9034343539E-01
           HessRho_EigVec3 = -7.6050103700E-03  9.9590275197E-01 -9.0110334776E-02
           DelSqRho = -7.2706298184E+01
           Bond Ellipticity = NA
           V = -1.8191623859E+01
           G =  7.5246565051E-03
           K =  1.8184099202E+01
           L =  1.8176574546E+01
           Vnuc =  9.7969782299E+01
           Ven = -4.6975811411E+01
           Vrep =  2.8784187553E+01
           DelSqV =  2.4788903845E+04
           DelSqVen =  7.1230202048E+03
           DelSqVrep =  1.7665883640E+04
           DelSqG =  9.2020314628E+02
           DelSqK = -2.5709106991E+04
           Stress_EigVals = -6.1835955158E+00 -6.1834635171E+00 -5.8245648260E+00
           Stress_EigVec1 = -2.2259683432E-01  8.6620260455E-02  9.7105487993E-01
           Stress_EigVec2 =  9.7488282098E-01  2.7294171530E-02  2.2103961988E-01
