AIMSum (Version 17.01.25, Professional)
Copyright (c) 1997-2017 by Todd A. Keith
AIMSum is a component of the AIMAll package ( http://aim.tkgristmill.com )

TP:  64-bit Linux

Licensed To:  Research Group of Fernando Cortes Guzman, UNAM, fercor@unam.mx

Much of the Quantum Theory of Atoms in Molecules (QTAIM) is described in the book:
  "Atoms in Molecules - A Quantum Theory"
  R.F.W. Bader, Oxford University Press, Oxford, 1990

For additional references see:  http://aim.tkgristmill.com/references.html

Wfn File:  /home/alejandro/wd/aimqb_inps/lysine_b2plyp_def2TZVP.wfn
Sum File:  /home/alejandro/wd/aimqb_inps/lysine_b2plyp_def2TZVP.sum

SumViz File:  /home/alejandro/wd/aimqb_inps/lysine_b2plyp_def2TZVP.sumviz

Wfn Title:   opt lysine M062X def2TZVP                                                     
 
Total memory allocated for AIMSum =        4.220 Megabytes

Atomic units (a.u.) used throughout, except where stated otherwise

Model:  Unknown
 
Restricted, natural orbital wavefunction.
  Number of electrons (from MO Occs)                   =          80.0000002000
  Number of Alpha electrons (from MO Occs)             =          40.0000001000
  Number of Beta electrons (from MO Occs)              =          40.0000001000
  Number of electron pairs (N*(N-1)/2)                 =        3160.0000159000
  Number of electron pairs (from Muller 2EDM)          =        3160.0000132498
  Number of electron pairs (from Muller 2EDM, no SOSI) =        3160.4365994770
 
Nuclear Charges and Cartesian Coordinates:
-------------------------------------------------------------------------------
Atom      Charge                X                  Y                  Z
-------------------------------------------------------------------------------
O1         8.0           5.4222628100E+00  -2.8865669000E+00   9.8162576000E-01
O2         8.0           6.6230158800E+00   1.7375760000E-01  -1.6653009500E+00
N3         7.0           2.8872789300E+00   3.4587391400E+00   2.1607742000E-01
N4         7.0          -8.9004055400E+00  -8.7307024000E-01  -6.2056614000E-01
C5         6.0          -1.9684130700E+00   5.4754052000E-01   7.3529499000E-01
C6         6.0           4.9211742000E-01  -4.6638338000E-01  -3.5822566000E-01
C7         6.0          -4.2834063500E+00  -6.3097532000E-01  -5.0301114000E-01
C8         6.0           2.8309837400E+00   7.8755783000E-01   8.0890271000E-01
C9         6.0          -6.7476327600E+00   3.5322108000E-01   5.9545155000E-01
C10        6.0           5.1691212000E+00  -6.0537638000E-01  -1.1137586000E-01
H11        1.0          -2.0058921100E+00   2.5990078400E+00   5.1957668000E-01
H12        1.0          -2.0076568200E+00   1.6565879000E-01   2.7692919600E+00
H13        1.0           5.4106593000E-01  -1.3909365000E-01  -2.4027208600E+00
H14        1.0           6.0424528000E-01  -2.5071611100E+00  -7.0407250000E-02
H15        1.0          -4.2479830600E+00  -2.6866580500E+00  -2.9918270000E-01
H16        1.0          -4.2481379000E+00  -2.3963848000E-01  -2.5367510800E+00
H17        1.0           2.7394785600E+00   5.5327449000E-01   2.8594605900E+00
H18        1.0          -6.7761951800E+00   2.4239997200E+00   4.4157266000E-01
H19        1.0          -6.8173023500E+00  -9.7759930000E-02   2.6098369600E+00
H20        1.0           3.2717994000E+00   3.6763302500E+00  -1.6514471300E+00
H21        1.0           4.3150802200E+00   4.3240125000E+00   1.1531435700E+00
H22        1.0          -8.9463685000E+00  -4.3274494000E-01  -2.4840418700E+00
H23        1.0          -1.0549823820E+01  -2.6831254000E-01   1.3648542000E-01
H24        1.0           6.9007259800E+00  -3.6816288700E+00   2.5378609000E-01
 
Some Atomic Properties:
----------------------
  q(A) = Net Charge of Atom A
  L(A) = Lagrangian of Atom A = -(1/4) Times Atomic Integral of the Laplacian of the Electron Density
  K(A) = Electronic Kinetic Energy of Atom A (Hamiltonian Form)
  K_Scaled(A) = K(A) * E(Mol)/K(Mol) = Approximation to Virial-Based Total Energy of Atom A.
  |Mu_Intra(A)| = Magnitude of Intraatomic Dipole Moment of Atom A
--------------------------------------------------------------------------------------------------
Atom A          q(A)              L(A)              K(A)          K_Scaled(A)      |Mu_Intra(A)|
--------------------------------------------------------------------------------------------------
O1       -1.1570876515E+00  3.6612384446E-05  7.5684513576E+01 -7.5883627422E+01  2.6041312814E-01
O2       -1.2200429080E+00  3.5376259271E-05  7.5785890827E+01 -7.5985271380E+01  5.1488774445E-01
N3       -1.0294893636E+00 -1.4769218505E-04  5.4990771828E+01 -5.5135443750E+01  2.6230761937E-01
N4       -1.0344827056E+00 -1.0006532614E-04  5.4971195131E+01 -5.5115815550E+01  2.4495659671E-01
C5        3.4247296700E-02  6.0128701725E-05  3.7903203731E+01 -3.8002920995E+01  7.5895879656E-02
C6        2.8680775900E-02 -1.3154101360E-04  3.7914623158E+01 -3.8014370465E+01  8.2551026851E-02
C7        3.4561984800E-02 -3.8871168813E-05  3.7912775824E+01 -3.8012518271E+01  5.2481193083E-02
C8        3.8712180710E-01 -1.9611040816E-04  3.7730011423E+01 -3.7829273046E+01  4.0898145472E-01
C9        3.6440185280E-01  5.4208154728E-05  3.7713645157E+01 -3.7812863723E+01  4.2357990716E-01
C10       1.5897754940E+00  2.7786013037E-05  3.6968492639E+01 -3.7065750828E+01  8.7077575090E-01
H11       1.9452576390E-02  2.4118805224E-05  6.1866708250E-01 -6.2029469661E-01  1.5462240563E-01
H12      -1.5646691400E-02  2.8237166225E-05  6.3024919351E-01 -6.3190727830E-01  1.6337522387E-01
H13      -4.1729926000E-03  2.9272774338E-05  6.2472060317E-01 -6.2636414312E-01  1.6099307639E-01
H14       1.2883211130E-02  2.9313146803E-05  6.2181466290E-01 -6.2345055779E-01  1.5069827719E-01
H15       2.1278144800E-03  2.8138345995E-05  6.2319055120E-01 -6.2483006583E-01  1.6278863970E-01
H16      -2.0435523000E-02  2.9261691346E-05  6.3161380869E-01 -6.3327548356E-01  1.6473450411E-01
H17       3.1429136880E-02  3.8572948403E-05  6.1843785209E-01 -6.2006486313E-01  1.5083903064E-01
H18      -2.6559996500E-02  3.3045003945E-05  6.3817534919E-01 -6.3985428642E-01  1.6885179477E-01
H19      -2.7411363000E-03  3.2354837740E-05  6.3053787083E-01 -6.3219671508E-01  1.5899029582E-01
H20       3.6297372886E-01  3.4916860641E-05  4.8062705309E-01 -4.8189150596E-01  1.8909287585E-01
H21       3.5418846140E-01  3.0437355704E-05  4.8612492244E-01 -4.8740383933E-01  1.9238098540E-01
H22       3.3963240576E-01  3.1990799014E-05  4.9219877848E-01 -4.9349367471E-01  1.9981805404E-01
H23       3.4408710415E-01  2.8443308619E-05  4.9080617012E-01 -4.9209740263E-01  1.9752347996E-01
H24       6.0502115193E-01  2.5355838895E-05  3.5060684720E-01 -3.5152923772E-01  1.5840803858E-01
--------------------------------------------------------------------------------------------------
Total    -7.4166219999E-05  2.3290294336E-05  4.9551289404E+02 -4.9681650918E+02
 
Molecular charge q(Mol) from the wfn file:  -2.0000003685E-07
Molecular energy E(Mol) from the wfn file:  -4.9681654602E+02
Molecular virial ratio (-V(Mol)/T(Mol)) from the wfn file:   2.0026308400E+00
Note.  K_Scaled(A) = (1+V(Mol)/T(Mol))*K(A) = (E(Mol)/T(Mol))*K(A)
       Only use K_Scaled(A) data with caution.
 
N_AIMInt(SumA)     =         80.000074
N_Analytic(Mol)    =         79.999991
 
G_AIMInt(SumA)     =        495.512871
G_Analytic(Mol)    =        495.512916
 
K_AIMInt(SumA)     =        495.512894
K_Analytic(Mol)    =        495.512916
 
L_AIMInt(SumA)     =          0.000023
L_Analytic(Mol)    =          0.000000
 
VenT_AIMInt(SumA)  =      -2248.756841
VenT_Analytic(Mol) =      -2248.756975
 
Some Information About the Atomic Calculations:
----------------------------------------------
  Time(sec) = "Elapsed User Time", in Seconds, for Atom A by AIMInt and, if used, by TWOe
  NProc = Number of Processors Used for AIMInt Job
  BIM = Basin Integration Method
  OAQ = Angular Quadrature Outside of Beta Sphere
  ORQ = Multiple of Default for Radial Quadrature Outside of Beta Sphere
  IAQ = Multiple of Default for Angular Quadrature Inside of Beta Sphere
  IRQ = Multiple of Default for Radial Quadrature Inside of Beta Sphere
  MIR = Maximum Integration Radius
------------------------------------------------------------------------------------------------------
Atom A     Time(sec)   NProc      BIM              OAQ                 ORQ      IAQ      IRQ      MIR
------------------------------------------------------------------------------------------------------
O1             49       16     Proaim(5)    4334      (Very High)      1.00     1.00     1.00    13.00
O2             39       16     Proaim(5)    3074      (Very High)      1.00     1.00     1.00    13.00
N3             73       16     Proaim(5)    4334      (Very High)      1.00     1.00     1.00    13.00
N4             45       16     Proaim(5)    4334      (Very High)      1.00     1.00     1.00    13.00
C5            127       16     Proaim(5)    4334      (Very High)      1.00     1.00     1.00    13.00
C6            129       16     Proaim(5)    4334      (Very High)      1.00     1.00     1.00    13.00
C7            102       16     Proaim(5)    4334      (Very High)      1.00     1.00     1.00    13.00
C8            134       16     Proaim(5)    4334      (Very High)      1.00     1.00     1.00    13.00
C9             84       16     Proaim(5)    4334      (Very High)      1.00     1.00     1.00    13.00
C10            90       16     Proaim(5)    4334      (Very High)      1.00     1.00     1.00    13.00
H11            28       16     Proaim(5)    2030      (Very High)      1.00     1.00     1.00    13.00
H12            24       16     Proaim(5)    2030      (Very High)      1.00     1.00     1.00    13.00
H13            24       16     Proaim(5)    2030      (Very High)      1.00     1.00     1.00    13.00
H14            31       16     Proaim(5)    2030      (Very High)      1.00     1.00     1.00    13.00
H15            21       16     Proaim(5)    2030      (Very High)      1.00     1.00     1.00    13.00
H16            22       16     Proaim(5)    2030      (Very High)      1.00     1.00     1.00    13.00
H17            25       16     Proaim(5)    2030      (Very High)      1.00     1.00     1.00    13.00
H18            18       16     Proaim(5)    2030      (Very High)      1.00     1.00     1.00    13.00
H19            18       16     Proaim(5)    2030      (Very High)      1.00     1.00     1.00    13.00
H20            16       16     Proaim(5)    2030      (Very High)      1.00     1.00     1.00    13.00
H21            15       16     Proaim(5)    2030      (Very High)      1.00     1.00     1.00    13.00
H22            12       16     Proaim(5)    2030      (Very High)      1.00     1.00     1.00    13.00
H23            12       16     Proaim(5)    2030      (Very High)      1.00     1.00     1.00    13.00
H24            12       16     Proaim(5)    2030      (Very High)      1.00     1.00     1.00    13.00
------------------------------------------------------------------------------------------------------
Total        1150
Note:  Total wall clock time is less than total of atomic times if more than one atom
       was calculated at a time
 
Electron Density Critical Point Analysis of Molecular Structure:               
---------------------------------------------------------------                
  NACP = Nuclear Attractor Critical Point                                      
  NNACP = Non-Nuclear Attractor Critical Point                                 
  BCP = Bond Critical Point                                                    
  RCP = Ring Critical Point                                                    
  CCP = Cage Critical Point                                                    
  Rho = Electron Density                                                       
  GradRho = Gradient of Electron Density                                       
  HessRho_EigVals = Eigenvalues of the Hessian of Rho, Ascending Order         
  HessRho_EigVecs = Eigenvectors of the Hessian of Rho                         
  DelSqRho = Laplacian of Rho = Trace of Hessian of Rho                        
  Bond Ellipticity = (HessRho_EigVal(1) / HessRho_EigVal(2)) - 1               
  V = Virial Field = Potential Energy Density = Trace of Stress Tensor         
  G = Lagrangian Form of Kinetic Energy Density                                
  K = Hamiltonian Form of Kinetic Energy Density                               
  L = K - G = Lagrangian Density = (-1/4)DelSqRho                              
  Vnuc = Electrostatic Potential from Nuclei                                   
  Ven = Electron-nuclear attractive contribution to Virial Field V             
  Vrep = V - Ven = Repulsive contribution to Virial Field V                    
  DelSqV = Laplacian of V                                                      
  DelSqVen = Laplacian of Ven                                                  
  DelSqVrep = Laplacian of Vrep                                                
  DelSqG = Laplacian of G                                                      
  DelSqK = Laplacian of K                                                      
  Stress_EigVals = Eigenvalues of Stress Tensor, Ascending Order               
  Stress_EigVecs = Eigenvectors of Stress Tensor                               
  -DivStress = Ehrenfest Force Density = Minus Divergence of Stress Tensor     
  ESP = Total Electrostatic Potential                                          
  ESPe = Electrostatic Potential from Electrons                                
  ESPn = Electrostatic Potential from Nuclei                                   
  BP = Bond Path                                                               
  BPL = Bond Path Length                                                       
  GBL = Geometric Bond Length                                                  
  GBL_I = Distance Between Nuclear Attractors                                  
  GBL_II = Distance Between Nuclei                                             
  GBL_III = Sum of Distances Between BCP and Nuclear Attractors                
  GBL_IV = Sum of Distances Between BCP and Nuclei                             

CP# 1      Coords =  5.42226606100971E+00 -2.88656479554410E+00  9.81621950615965E-01
           Type = (3,-3) NACP O1
           Rho =  3.0165079084E+02     Rho at Nucleus =  3.0165076867E+02
           GradRho =  3.9921721484E-10 -6.2260863132E-11  3.5612846006E-11
           HessRho_EigVals = -1.5025552038E+06 -1.5025301564E+06 -1.5025223277E+06
           HessRho_EigVec1 = -5.7092287210E-01  8.2087851911E-01 -1.4336351602E-02
           HessRho_EigVec2 =  5.8214966367E-01  3.9244985697E-01 -7.1209892491E-01
           HessRho_EigVec3 =  5.7892041180E-01  4.1489946569E-01  7.0193275331E-01
           DelSqRho = -4.5076076879E+06
           Bond Ellipticity = NA
           V = -1.1270544846E+06
           G =  7.6281313436E+01
           K =  1.1269782033E+06
           L =  1.1269019220E+06
           Vnuc =  1.4727016797E+06
           Ven = -4.4424162637E+08
           Vrep =  4.4311457189E+08
           DelSqV =  2.1964725031E+11
           DelSqVen =  6.6383614310E+12
           DelSqVrep = -6.4187141818E+12
           DelSqG =  5.6149630450E+09
           DelSqK = -2.2526221335E+11
           Stress_EigVals = -3.7568826172E+05 -3.7568558879E+05 -3.7568063410E+05
           Stress_EigVec1 =  5.7670013012E-01  4.1350673764E-01  7.0457727600E-01
           Stress_EigVec2 =  5.8745601132E-01  3.8943616885E-01 -7.0939051668E-01
           Stress_EigVec3 = -5.6772563329E-01  8.2301375950E-01 -1.8329129499E-02
           -DivStress = -2.3527446870E+05 -1.5227442886E+05  2.7567289041E+05
           ESP =  -2.2306206629E+01     ESP at Nucleus =  -2.2306206870E+01
           ESPe = -3.4356793812E+01     ESPe at Nucleus = -3.4356788676E+01
           ESPn =  1.2050587182E+01     ESPn at Nucleus =  1.2050581807E+01

CP# 2      Coords =  6.62301238822424E+00  1.73755510497985E-01 -1.66529714284970E+00
           Type = (3,-3) NACP O2
           Rho =  3.0189335741E+02     Rho at Nucleus =  3.0189333406E+02
           GradRho = -1.2488832191E-10  1.1424639013E-11 -7.3410388879E-11
           HessRho_EigVals = -1.5038356529E+06 -1.5038291397E+06 -1.5038060285E+06
           HessRho_EigVec1 =  5.5318587797E-01  3.9858740360E-01  7.3151450163E-01
           HessRho_EigVec2 =  6.5052160193E-01  3.4184915926E-01 -6.7820409740E-01
           HessRho_EigVec3 = -5.2039122766E-01  8.5103891451E-01 -7.0183589007E-02
           DelSqRho = -4.5114708211E+06
           Bond Ellipticity = NA
           V = -1.1280194491E+06
           G =  7.5871918279E+01
           K =  1.1279435772E+06
           L =  1.1278677053E+06
           Vnuc =  1.4356297880E+06
           Ven = -4.3340709669E+08
           Vrep =  4.3227907724E+08
           DelSqV =  2.1983537438E+11
           DelSqVen =  6.4768019016E+12
           DelSqVrep = -6.2569665272E+12
           DelSqG =  5.6200867281E+09
           DelSqK = -2.2545546111E+11
           Stress_EigVals = -3.7601102106E+05 -3.7600475501E+05 -3.7600367304E+05
           Stress_EigVec1 = -5.2380432750E-01  8.4921261349E-01 -6.6835346796E-02
           Stress_EigVec2 =  6.4761588728E-01  3.4602855815E-01 -6.7886515559E-01
           Stress_EigVec3 =  5.5337391431E-01  3.9887613870E-01  7.3121483638E-01
           -DivStress =  2.5289869815E+05  1.5133762105E+05 -2.7574061164E+05
           ESP =  -2.2366825583E+01     ESP at Nucleus =  -2.2366825809E+01
           ESPe = -3.4354301674E+01     ESPe at Nucleus = -3.4354288967E+01
           ESPn =  1.1987476090E+01     ESPn at Nucleus =  1.1987463158E+01

CP# 3      Coords =  2.88728391317057E+00  3.45873614954361E+00  2.16076251156666E-01
           Type = (3,-3) NACP N3
           Rho =  1.9831720775E+02     Rho at Nucleus =  1.9831719478E+02
           GradRho =  1.2344709283E-10  2.9179658689E-11 -4.8224757521E-12
           HessRho_EigVals = -7.3795330791E+05 -7.3795133368E+05 -7.3793686549E+05
           HessRho_EigVec1 =  3.1406299039E-01  9.0583452159E-01 -2.8430310861E-01
           HessRho_EigVec2 =  3.4094057003E-01  1.7187188940E-01  9.2424000203E-01
           HessRho_EigVec3 =  8.8607221251E-01 -3.8720004278E-01 -2.5485713859E-01
           DelSqRho = -2.2138415071E+06
           Bond Ellipticity = NA
           V = -5.5351737966E+05
           G =  2.8501446871E+01
           K =  5.5348887822E+05
           L =  5.5346037677E+05
           Vnuc =  1.1808526474E+06
           Ven = -2.3418339979E+08
           Vrep =  2.3362988241E+08
           DelSqV =  7.8814596833E+10
           DelSqVen =  2.6142206054E+12
           DelSqVrep = -2.5354060096E+12
           DelSqG =  2.0599924037E+09
           DelSqK = -8.0874589237E+10
           Stress_EigVals = -1.8450787747E+05 -1.8450502175E+05 -1.8450448044E+05
           Stress_EigVec1 =  8.9272118214E-01 -3.6257797155E-01 -2.6755579888E-01
           Stress_EigVec2 =  3.5074305507E-01  1.8635576019E-01  9.1774225138E-01
           Stress_EigVec3 =  2.8289255962E-01  9.1313128585E-01 -2.9353543997E-01
           -DivStress = -1.2936647455E+05  7.7616294349E+04  3.0346190180E+04
           ESP =  -1.8404275523E+01     ESP at Nucleus =  -1.8404275727E+01
           ESPe = -3.1473782221E+01     ESPe at Nucleus = -3.1473776950E+01
           ESPn =  1.3069506698E+01     ESPn at Nucleus =  1.3069501223E+01

CP# 4      Coords = -8.90040576542535E+00 -8.73064364961221E-01 -6.20566673906956E-01
           Type = (3,-3) NACP N4
           Rho =  1.9831468482E+02     Rho at Nucleus =  1.9831467197E+02
           GradRho = -4.9135867597E-10  3.9760195136E-11  3.3346658768E-11
           HessRho_EigVals = -7.3793653579E+05 -7.3793513038E+05 -7.3792030459E+05
           HessRho_EigVec1 =  8.2523832574E-01  1.5610936051E-01  5.4278133101E-01
           HessRho_EigVec2 = -5.5541725080E-01  5.0009034027E-02  8.3006672866E-01
           HessRho_EigVec3 = -1.0243721614E-01  9.8647299207E-01 -1.2797520335E-01
           DelSqRho = -2.2137919708E+06
           Bond Ellipticity = NA
           V = -5.5350493766E+05
           G =  2.8472483458E+01
           K =  5.5347646517E+05
           L =  5.5344799269E+05
           Vnuc =  1.1857365476E+06
           Ven = -2.3514896971E+08
           Vrep =  2.3459546478E+08
           DelSqV =  7.8812810185E+10
           DelSqVen =  2.6249740534E+12
           DelSqVrep = -2.5461612432E+12
           DelSqG =  2.0599258879E+09
           DelSqK = -8.0872736073E+10
           Stress_EigVals = -1.8450373432E+05 -1.8450080229E+05 -1.8450040105E+05
           Stress_EigVec1 = -1.1833448851E-01  9.8334332829E-01 -1.3795958658E-01
           Stress_EigVec2 = -5.5842601994E-01  4.8980097894E-02  8.2810707657E-01
           Stress_EigVec3 =  8.2107084291E-01  1.7503385019E-01  5.4332846622E-01
           -DivStress =  5.8638457020E+03 -1.5250678384E+05  1.3865134956E+04
           ESP =  -1.8415409452E+01     ESP at Nucleus =  -1.8415409665E+01
           ESPe = -2.8603336667E+01     ESPe at Nucleus = -2.8603333656E+01
           ESPn =  1.0187927215E+01     ESPn at Nucleus =  1.0187923991E+01

CP# 5      Coords = -1.96841286370599E+00  5.47539867093990E-01  7.35294672570042E-01
           Type = (3,-3) NACP C5
           Rho =  1.2201670151E+02     Rho at Nucleus =  1.2201670142E+02
           GradRho =  2.9631647136E-10 -9.9960251188E-10 -4.7265102943E-10
           HessRho_EigVals = -3.2252454797E+05 -3.2252423816E+05 -3.2252365969E+05
           HessRho_EigVec1 =  9.4558693312E-01 -1.4674405369E-01 -2.9039892324E-01
           HessRho_EigVec2 =  3.2498575023E-01  3.8262487969E-01  8.6485979418E-01
           HessRho_EigVec3 =  1.5799179005E-02  9.1217563229E-01 -4.0949481290E-01
           DelSqRho = -9.6757244582E+05
           Bond Ellipticity = NA
           V = -2.4191078485E+05
           G =  8.8367001411E+00
           K =  2.4190194815E+05
           L =  2.4189311145E+05
           Vnuc =  7.9499621809E+06
           Ven = -9.7002816247E+08
           Vrep =  9.6978625168E+08
           DelSqV =  2.3732362068E+10
           DelSqVen =  7.6921625641E+12
           DelSqVrep = -7.6684300710E+12
           DelSqG =  6.3952012213E+08
           DelSqK = -2.4371882190E+10
           Stress_EigVals = -8.0637058132E+04 -8.0636902590E+04 -8.0636824132E+04
           Stress_EigVec1 =  2.2532204092E-02  9.1031838344E-01 -4.1329498007E-01
           Stress_EigVec2 =  3.4921815060E-01  3.8019259097E-01  8.5644630717E-01
           Stress_EigVec3 =  9.3677050715E-01 -1.6362773158E-01 -3.0933312527E-01
           -DivStress = -1.6118080550E+03  5.1015334634E+03  2.4805525923E+03
           ESP =  -1.4777954255E+01     ESP at Nucleus =  -1.4777954255E+01
           ESPe = -2.9517205760E+01     ESPe at Nucleus = -2.9517205209E+01
           ESPn =  1.4739251505E+01     ESPn at Nucleus =  1.4739250954E+01

CP# 6      Coords =  4.92118021730583E-01 -4.66382951133119E-01 -3.58225386082040E-01
           Type = (3,-3) NACP C6
           Rho =  1.2204553871E+02     Rho at Nucleus =  1.2204553861E+02
           GradRho =  9.8572490448E-10  7.0498690219E-10  4.4444897762E-10
           HessRho_EigVals = -3.2260714755E+05 -3.2260650190E+05 -3.2260615885E+05
           HessRho_EigVec1 =  8.4332906133E-01  3.4337141326E-01  4.1339105805E-01
           HessRho_EigVec2 = -5.2557550990E-01  3.6652958971E-01  7.6774113037E-01
           HessRho_EigVec3 = -1.1210030206E-01  8.6472662294E-01 -4.8957266045E-01
           DelSqRho = -9.6781980830E+05
           Bond Ellipticity = NA
           V = -2.4197257486E+05
           G =  8.8113909577E+00
           K =  2.4196376347E+05
           L =  2.4195495207E+05
           Vnuc =  7.6136551961E+06
           Ven = -9.2921264996E+08
           Vrep =  9.2897067738E+08
           DelSqV =  2.3738428701E+10
           DelSqVen =  7.3686461972E+12
           DelSqVrep = -7.3449077685E+12
           DelSqG =  6.3969655704E+08
           DelSqK = -2.4378125258E+10
           Stress_EigVals = -8.0657644126E+04 -8.0657555652E+04 -8.0657375078E+04
           Stress_EigVec1 = -1.1601264694E-01  8.6662314885E-01 -4.8528896920E-01
           Stress_EigVec2 = -5.3962129165E-01  3.5519851699E-01  7.6331047099E-01
           Stress_EigVec3 =  8.3387644609E-01  3.5042592856E-01  4.2644078281E-01
           -DivStress = -4.7013887845E+03 -3.3520179430E+03 -2.1409025802E+03
           ESP =  -1.4766100041E+01     ESP at Nucleus =  -1.4766100042E+01
           ESPe = -3.0241918206E+01     ESPe at Nucleus = -3.0241917612E+01
           ESPn =  1.5475818165E+01     ESPn at Nucleus =  1.5475817570E+01

CP# 7      Coords = -4.28340623337485E+00 -6.30974862332718E-01 -5.03011008620264E-01
           Type = (3,-3) NACP C7
           Rho =  1.2203451935E+02     Rho at Nucleus =  1.2203451931E+02
           GradRho =  9.8520920588E-11  2.9184699102E-10  1.0064460376E-10
           HessRho_EigVals = -3.2257333497E+05 -3.2257331692E+05 -3.2257287143E+05
           HessRho_EigVec1 =  7.2656979002E-01  2.8903119858E-01  6.2334365039E-01
           HessRho_EigVec2 = -6.8263098348E-01  4.0687269426E-01  6.0701692815E-01
           HessRho_EigVec3 =  7.8174680183E-02  8.6655385113E-01 -4.9292305938E-01
           DelSqRho = -9.6771952332E+05
           Bond Ellipticity = NA
           V = -2.4194754366E+05
           G =  8.8314163344E+00
           K =  2.4193871225E+05
           L =  2.4192988083E+05
           Vnuc =  1.2239270067E+07
           Ven = -1.4936134398E+09
           Vrep =  1.4933714923E+09
           DelSqV =  2.3735966302E+10
           DelSqVen =  1.1844190208E+13
           DelSqVrep = -1.1820452145E+13
           DelSqG =  6.3962147044E+08
           DelSqK = -2.4375587772E+10
           Stress_EigVals = -8.0649262609E+04 -8.0649144135E+04 -8.0649136920E+04
           Stress_EigVec1 =  8.4942725150E-02  8.6308819229E-01 -4.9785892155E-01
           Stress_EigVec2 = -8.6518604843E-01  3.1172259304E-01  3.9278763549E-01
           Stress_EigVec3 =  4.9420424427E-01  3.9737614085E-01  7.7321042908E-01
           -DivStress = -9.1111677385E+02 -3.5764839704E+03 -1.0271686257E+03
           ESP =  -1.4780470518E+01     ESP at Nucleus =  -1.4780470518E+01
           ESPe = -2.8653586952E+01     ESPe at Nucleus = -2.8653586601E+01
           ESPn =  1.3873116434E+01     ESPn at Nucleus =  1.3873116084E+01

CP# 8      Coords =  2.83098448662886E+00  7.87558910383766E-01  8.08901756378974E-01
           Type = (3,-3) NACP C8
           Rho =  1.2202552514E+02     Rho at Nucleus =  1.2202552472E+02
           GradRho =  5.6149473959E-11  3.8671288394E-12 -9.1771035216E-13
           HessRho_EigVals = -3.2255795600E+05 -3.2255670046E+05 -3.2255604786E+05
           HessRho_EigVec1 = -2.4334535368E-01  9.6837705974E-01 -5.5035524963E-02
           HessRho_EigVec2 =  9.2711151218E-01  2.1555087346E-01 -3.0659756184E-01
           HessRho_EigVec3 =  2.8503908998E-01  1.2563316090E-01  9.5024682376E-01
           DelSqRho = -9.6767070432E+05
           Bond Ellipticity = NA
           V = -2.4193502425E+05
           G =  8.6740874506E+00
           K =  2.4192635017E+05
           L =  2.4191767608E+05
           Vnuc =  3.6969104826E+06
           Ven = -4.5111744305E+08
           Vrep =  4.5087550803E+08
           DelSqV =  2.3734770875E+10
           DelSqVen =  3.5773921085E+12
           DelSqVrep = -3.5536573438E+12
           DelSqG =  6.3960267252E+08
           DelSqK = -2.4374373548E+10
           Stress_EigVals = -8.0645235479E+04 -8.0645045603E+04 -8.0644743172E+04
           Stress_EigVec1 =  2.8863303822E-01  1.2068780348E-01  9.4980283393E-01
           Stress_EigVec2 =  9.1927016145E-01  2.4237914776E-01 -3.1015273495E-01
           Stress_EigVec3 = -2.6764405375E-01  9.6264573069E-01 -4.0986066774E-02
           -DivStress = -5.8326709110E+03 -8.4444620412E+03  7.4523858687E+03
           ESP =  -1.4721412700E+01     ESP at Nucleus =  -1.4721412711E+01
           ESPe = -3.0898686474E+01     ESPe at Nucleus = -3.0898685926E+01
           ESPn =  1.6177273774E+01     ESPn at Nucleus =  1.6177273214E+01

CP# 9      Coords = -6.74763414831530E+00  3.53220166464471E-01  5.95450555025913E-01
           Type = (3,-3) NACP C9
           Rho =  1.2201721974E+02     Rho at Nucleus =  1.2201721914E+02
           GradRho = -2.6312368950E-11  8.0887518905E-12 -6.1809446450E-12
           HessRho_EigVals = -3.2252805520E+05 -3.2252630162E+05 -3.2252596980E+05
           HessRho_EigVec1 =  7.8415362205E-01  4.3075644947E-01  4.4671241114E-01
           HessRho_EigVec2 = -6.0265590370E-01  7.0029446463E-01  3.8261406736E-01
           HessRho_EigVec3 = -1.4801675163E-01 -5.6924207860E-01  8.0873635827E-01
           DelSqRho = -9.6758032661E+05
           Bond Ellipticity = NA
           V = -2.4191245648E+05
           G =  8.6874141727E+00
           K =  2.4190376907E+05
           L =  2.4189508165E+05
           Vnuc =  3.0975982470E+06
           Ven = -3.7796032597E+08
           Vrep =  3.7771841351E+08
           DelSqV =  2.3732542166E+10
           DelSqVen =  2.9971750666E+12
           DelSqVrep = -2.9734425204E+12
           DelSqG =  6.3952688468E+08
           DelSqK = -2.4372069051E+10
           Stress_EigVals = -8.0637699230E+04 -8.0637608817E+04 -8.0637148433E+04
           Stress_EigVec1 = -1.6294026621E-01 -5.5409351275E-01  8.1635215978E-01
           Stress_EigVec2 = -5.9955157260E-01  7.1272492764E-01  3.6408939742E-01
           Stress_EigVec3 =  7.8357410718E-01  4.3012039786E-01  4.4833922638E-01
           -DivStress =  1.0847902714E+04  7.1396383792E+03  7.7758099916E+03
           ESP =  -1.4751822636E+01     ESP at Nucleus =  -1.4751822653E+01
           ESPe = -2.7452607434E+01     ESPe at Nucleus = -2.7452607232E+01
           ESPn =  1.2700784798E+01     ESPn at Nucleus =  1.2700784578E+01

CP# 10     Coords =  5.16912250122249E+00 -6.05379529236755E-01 -1.11375095742904E-01
           Type = (3,-3) NACP C10
           Rho =  1.2232764169E+02     Rho at Nucleus =  1.2232763972E+02
           GradRho =  7.5852768511E-11 -8.5295104313E-12 -3.3123503940E-13
           HessRho_EigVals = -3.2341724655E+05 -3.2341503023E+05 -3.2341227324E+05
           HessRho_EigVec1 =  5.5261661355E-01  4.0846809889E-01  7.2647690302E-01
           HessRho_EigVec2 = -9.4007088591E-02  8.9665174854E-01 -4.3264108582E-01
           HessRho_EigVec3 =  8.2811686719E-01 -1.7079067315E-01 -5.3390354957E-01
           DelSqRho = -9.7024455002E+05
           Bond Ellipticity = NA
           V = -2.4257774969E+05
           G =  8.3060935476E+00
           K =  2.4256944360E+05
           L =  2.4256113751E+05
           Vnuc =  1.7181659464E+06
           Ven = -2.1017918825E+08
           Vrep =  2.0993661050E+08
           DelSqV =  2.3797875221E+10
           DelSqVen =  1.6670411366E+12
           DelSqVrep = -1.6432432614E+12
           DelSqG =  6.4142576333E+08
           DelSqK = -2.4439300985E+10
           Stress_EigVals = -8.0860109734E+04 -8.0859214456E+04 -8.0858425502E+04
           Stress_EigVec1 =  8.1300271155E-01 -6.8564588938E-02 -5.7820886206E-01
           Stress_EigVec2 = -1.8791582306E-01  9.0900675630E-01 -3.7201392506E-01
           Stress_EigVec3 =  5.5110274402E-01  4.1110292403E-01  7.2614058652E-01
           -DivStress = -1.0193796548E+04  2.4673430662E+04 -5.9887071328E+03
           ESP =  -1.4643036263E+01     ESP at Nucleus =  -1.4643036325E+01
           ESPe = -3.0724483530E+01     ESPe at Nucleus = -3.0724484509E+01
           ESPn =  1.6081447267E+01     ESPn at Nucleus =  1.6081448185E+01

CP# 11     Coords = -2.00587817087566E+00  2.57168761097463E+00  5.22093374889603E-01
           Type = (3,-3) NACP H11
           Rho =  4.4118466416E-01     Rho at Nucleus =  4.3796495932E-01
           GradRho = -1.4302795059E-15 -7.1297134863E-15  8.7343327015E-16
           HessRho_EigVals = -9.0189960370E+00 -9.0179162071E+00 -8.3132614037E+00
           HessRho_EigVec1 =  9.9886227029E-01  5.0865018178E-03 -4.7416162826E-02
           HessRho_EigVec2 =  4.6719186699E-02  9.5046883486E-02  9.9437588845E-01
           HessRho_EigVec3 = -9.5646532677E-03  9.9545980202E-01 -9.4701108594E-02
           DelSqRho = -2.6350173648E+01
           Bond Ellipticity = NA
           V = -6.6047778475E+00
           G =  8.6172177711E-03
           K =  6.5961606297E+00
           L =  6.5875434120E+00
           Vnuc =  5.1749853550E+01
           Ven = -2.2831241759E+01
           Vrep =  1.6226463911E+01
           DelSqV =  1.7194259851E+03
           DelSqVen =  1.3636176273E+03
           DelSqVrep =  3.5580835780E+02
           DelSqG =  1.3191079621E+02
           DelSqK = -1.8513367813E+03
           Stress_EigVals = -2.2610061202E+00 -2.2607204804E+00 -2.0830512469E+00
           Stress_EigVec1 =  9.9738160064E-01  3.3861042016E-03 -7.2239026806E-02
           Stress_EigVec2 =  7.1586449754E-02  9.5527358941E-02  9.9284938631E-01
           Stress_EigVec3 = -1.0262694922E-02  9.9542104558E-01 -9.5034830987E-02
           -DivStress = -9.3749550790E-03  1.5220838004E+01 -1.4039003666E+00
           ESP =  -1.1334810060E+00     ESP at Nucleus =  -1.1347168693E+00
           ESPe = -1.6434745949E+01     ESPe at Nucleus = -1.6368430332E+01
           ESPn =  1.5301264943E+01     ESPn at Nucleus =  1.5233713463E+01

CP# 12     Coords = -2.00705674246680E+00  1.70200196470108E-01  2.74322820197463E+00
           Type = (3,-3) NACP H12
           Rho =  4.4252243152E-01     Rho at Nucleus =  4.3951089951E-01
           GradRho =  6.9388939039E-16  3.1832175784E-16  1.3183898417E-16
           HessRho_EigVals = -9.0488225061E+00 -9.0482461005E+00 -8.3750589142E+00
           HessRho_EigVec1 =  9.8098743113E-01  1.8646614024E-01  5.3796268493E-02
           HessRho_EigVec2 = -1.9294028405E-01  9.6693506880E-01  1.6676516278E-01
           HessRho_EigVec3 = -2.0921442347E-02 -1.7397399597E-01  9.8452797928E-01
           DelSqRho = -2.6472127521E+01
           Bond Ellipticity = NA
           V = -6.6352297628E+00
           G =  8.5989412981E-03
           K =  6.6266308215E+00
           L =  6.6180318802E+00
           Vnuc =  5.2810562222E+01
           Ven = -2.3369858405E+01
           Vrep =  1.6734628642E+01
           DelSqV =  1.7302283281E+03
           DelSqVen =  1.3980079376E+03
           DelSqVrep =  3.3222039046E+02
           DelSqG =  1.3271517359E+02
           DelSqK = -1.8629435016E+03
           Stress_EigVals = -2.2684876830E+00 -2.2682470455E+00 -2.0984950343E+00
           Stress_EigVec1 =  1.4915315139E-01  9.7312460711E-01  1.7544753194E-01
           Stress_EigVec2 =  9.8859193699E-01 -1.5051460237E-01 -5.5979103085E-03
           Stress_EigVec3 = -2.0959951237E-02 -1.7428096140E-01  9.8447286755E-01
           -DivStress = -3.3536643121E-01 -2.5426866791E+00  1.4586797379E+01
           ESP =  -1.1278235745E+00     ESP at Nucleus =  -1.1289900378E+00
           ESPe = -1.6150141654E+01     ESPe at Nucleus = -1.6083037847E+01
           ESPn =  1.5022318080E+01     ESPn at Nucleus =  1.4954047809E+01

CP# 13     Coords =  5.40676701901410E-01 -1.42980144137881E-01 -2.37633666984566E+00
           Type = (3,-3) NACP H13
           Rho =  4.4085373617E-01     Rho at Nucleus =  4.3780691992E-01
           GradRho =  3.8337388819E-16 -2.7235158573E-16  2.2438648162E-15
           HessRho_EigVals = -9.0154032177E+00 -9.0144139666E+00 -8.3376109771E+00
           HessRho_EigVec1 =  9.5356535340E-01 -2.9991375397E-01 -2.7656047576E-02
           HessRho_EigVec2 =  3.0064181262E-01  9.4230231228E-01  1.4724419436E-01
           HessRho_EigVec3 = -1.8100201502E-02 -1.4872152651E-01  9.8871345205E-01
           DelSqRho = -2.6367428161E+01
           Bond Ellipticity = NA
           V = -6.6089756140E+00
           G =  8.5592868187E-03
           K =  6.6004163272E+00
           L =  6.5918570403E+00
           Vnuc =  5.3277599634E+01
           Ven = -2.3487628853E+01
           Vrep =  1.6878653239E+01
           DelSqV =  1.7228625549E+03
           DelSqVen =  1.4047932810E+03
           DelSqVrep =  3.1806927394E+02
           DelSqG =  1.3216537222E+02
           DelSqK = -1.8550279271E+03
           Stress_EigVals = -2.2600857924E+00 -2.2597123932E+00 -2.0891774284E+00
           Stress_EigVec1 =  6.8548429750E-01 -7.2166301904E-01 -9.6507848568E-02
           Stress_EigVec2 =  7.2786029465E-01  6.7591338856E-01  1.1558755403E-01
           Stress_EigVec3 = -1.8184316257E-02 -1.4947768437E-01  9.8859787200E-01
           -DivStress =  2.1738411483E-01  2.1688114621E+00 -1.4708518338E+01
           ESP =  -1.1155063169E+00     ESP at Nucleus =  -1.1166826534E+00
           ESPe = -1.6900241885E+01     ESPe at Nucleus = -1.6831470682E+01
           ESPn =  1.5784735568E+01     ESPn at Nucleus =  1.5714788029E+01

CP# 14     Coords =  6.02908469332501E-01 -2.48018600360832E+00 -7.39850053690013E-02
           Type = (3,-3) NACP H14
           Rho =  4.4183491266E-01     Rho at Nucleus =  4.3865501940E-01
           GradRho = -6.2450045135E-17  4.8718082520E-15 -6.3837823916E-16
           HessRho_EigVals = -9.0290182202E+00 -9.0280260025E+00 -8.3299522732E+00
           HessRho_EigVec1 =  9.9411111332E-01  3.6534375142E-02 -1.0202124193E-01
           HessRho_EigVec2 =  9.6177307568E-02  1.3632269892E-01  9.8598481087E-01
           HessRho_EigVec3 = -4.9930150011E-02  9.8999058642E-01 -1.3200613216E-01
           DelSqRho = -2.6386996496E+01
           Bond Ellipticity = NA
           V = -6.6137925009E+00
           G =  8.5216884701E-03
           K =  6.6052708124E+00
           L =  6.5967491240E+00
           Vnuc =  5.2480013763E+01
           Ven = -2.3187502297E+01
           Vrep =  1.6573709797E+01
           DelSqV =  1.7222936872E+03
           DelSqVen =  1.3847899393E+03
           DelSqVrep =  3.3750374791E+02
           DelSqG =  1.3207667094E+02
           DelSqK = -1.8543703581E+03
           Stress_EigVals = -2.2634679003E+00 -2.2632068732E+00 -2.0871177274E+00
           Stress_EigVec1 =  7.3863472819E-01 -5.3281614790E-02 -6.7199688082E-01
           Stress_EigVec2 =  6.7230011007E-01  1.3114286845E-01  7.2856990745E-01
           Stress_EigVec3 = -4.9308217385E-02  9.8993061251E-01 -1.3268791248E-01
           -DivStress =  7.4509865531E-01 -1.5048466116E+01  1.9970490382E+00
           ESP =  -1.1172008284E+00     ESP at Nucleus =  -1.1184241133E+00
           ESPe = -1.6892088351E+01     ESPe at Nucleus = -1.6823378042E+01
           ESPn =  1.5774887522E+01     ESPn at Nucleus =  1.5704953929E+01

CP# 15     Coords = -4.24805330274331E+00 -2.65984502151168E+00 -3.01542606785881E-01
           Type = (3,-3) NACP H15
           Rho =  4.4200692463E-01     Rho at Nucleus =  4.3889680538E-01
           GradRho = -1.2017296880E-15  2.6367796835E-15 -5.5142522493E-16
           HessRho_EigVals = -9.0425382749E+00 -9.0413697197E+00 -8.3522653537E+00
           HessRho_EigVec1 =  9.9972086277E-01  7.4116938818E-03 -2.2433531430E-02
           HessRho_EigVec2 =  2.1679131317E-02  8.9688928565E-02  9.9573385569E-01
           HessRho_EigVec3 = -9.3921139240E-03  9.9594224877E-01 -8.9503213961E-02
           DelSqRho = -2.6436173348E+01
           Bond Ellipticity = NA
           V = -6.6260032613E+00
           G =  8.4799621204E-03
           K =  6.6175232992E+00
           L =  6.6090433371E+00
           Vnuc =  5.1440752611E+01
           Ven = -2.2737168862E+01
           Vrep =  1.6111165601E+01
           DelSqV =  1.7266688228E+03
           DelSqVen =  1.3598966532E+03
           DelSqVrep =  3.6677216963E+02
           DelSqG =  1.3250854431E+02
           DelSqK = -1.8591773671E+03
           Stress_EigVals = -2.2666526527E+00 -2.2665651329E+00 -2.0927854757E+00
           Stress_EigVec1 =  8.7305267173E-01 -3.6275294220E-02 -4.8627475300E-01
