AIMSum (Version 17.01.25, Professional)
Copyright (c) 1997-2017 by Todd A. Keith
AIMSum is a component of the AIMAll package ( http://aim.tkgristmill.com )

TP:  64-bit Linux

Licensed To:  Research Group of Fernando Cortes Guzman, UNAM, fercor@unam.mx

Much of the Quantum Theory of Atoms in Molecules (QTAIM) is described in the book:
  "Atoms in Molecules - A Quantum Theory"
  R.F.W. Bader, Oxford University Press, Oxford, 1990

For additional references see:  http://aim.tkgristmill.com/references.html

Wfn File:  /home/alejandro/wd/aimqb_inps/lysine_b2plyp_def2QZVP.wfn
Sum File:  /home/alejandro/wd/aimqb_inps/lysine_b2plyp_def2QZVP.sum

SumViz File:  /home/alejandro/wd/aimqb_inps/lysine_b2plyp_def2QZVP.sumviz

Wfn Title:   opt lysine M062X def2TZVP                                                     
 
Total memory allocated for AIMSum =       20.407 Megabytes

Atomic units (a.u.) used throughout, except where stated otherwise

Model:  Unknown
 
Restricted, natural orbital wavefunction.
  Number of electrons (from MO Occs)                   =          80.0000006000
  Number of Alpha electrons (from MO Occs)             =          40.0000003000
  Number of Beta electrons (from MO Occs)              =          40.0000003000
  Number of electron pairs (N*(N-1)/2)                 =        3160.0000477000
  Number of electron pairs (from Muller 2EDM)          =        3160.0000375419
  Number of electron pairs (from Muller 2EDM, no SOSI) =        3160.4519623290
 
Nuclear Charges and Cartesian Coordinates:
-------------------------------------------------------------------------------
Atom      Charge                X                  Y                  Z
-------------------------------------------------------------------------------
O1         8.0           5.4222628100E+00  -2.8865669000E+00   9.8162576000E-01
O2         8.0           6.6230158800E+00   1.7375760000E-01  -1.6653009500E+00
N3         7.0           2.8872789300E+00   3.4587391400E+00   2.1607742000E-01
N4         7.0          -8.9004055400E+00  -8.7307024000E-01  -6.2056614000E-01
C5         6.0          -1.9684130700E+00   5.4754052000E-01   7.3529499000E-01
C6         6.0           4.9211742000E-01  -4.6638338000E-01  -3.5822566000E-01
C7         6.0          -4.2834063500E+00  -6.3097532000E-01  -5.0301114000E-01
C8         6.0           2.8309837400E+00   7.8755783000E-01   8.0890271000E-01
C9         6.0          -6.7476327600E+00   3.5322108000E-01   5.9545155000E-01
C10        6.0           5.1691212000E+00  -6.0537638000E-01  -1.1137586000E-01
H11        1.0          -2.0058921100E+00   2.5990078400E+00   5.1957668000E-01
H12        1.0          -2.0076568200E+00   1.6565879000E-01   2.7692919600E+00
H13        1.0           5.4106593000E-01  -1.3909365000E-01  -2.4027208600E+00
H14        1.0           6.0424528000E-01  -2.5071611100E+00  -7.0407250000E-02
H15        1.0          -4.2479830600E+00  -2.6866580500E+00  -2.9918270000E-01
H16        1.0          -4.2481379000E+00  -2.3963848000E-01  -2.5367510800E+00
H17        1.0           2.7394785600E+00   5.5327449000E-01   2.8594605900E+00
H18        1.0          -6.7761951800E+00   2.4239997200E+00   4.4157266000E-01
H19        1.0          -6.8173023500E+00  -9.7759930000E-02   2.6098369600E+00
H20        1.0           3.2717994000E+00   3.6763302500E+00  -1.6514471300E+00
H21        1.0           4.3150802200E+00   4.3240125000E+00   1.1531435700E+00
H22        1.0          -8.9463685000E+00  -4.3274494000E-01  -2.4840418700E+00
H23        1.0          -1.0549823820E+01  -2.6831254000E-01   1.3648542000E-01
H24        1.0           6.9007259800E+00  -3.6816288700E+00   2.5378609000E-01
 
Some Atomic Properties:
----------------------
  q(A) = Net Charge of Atom A
  L(A) = Lagrangian of Atom A = -(1/4) Times Atomic Integral of the Laplacian of the Electron Density
  K(A) = Electronic Kinetic Energy of Atom A (Hamiltonian Form)
  K_Scaled(A) = K(A) * E(Mol)/K(Mol) = Approximation to Virial-Based Total Energy of Atom A.
  |Mu_Intra(A)| = Magnitude of Intraatomic Dipole Moment of Atom A
--------------------------------------------------------------------------------------------------
Atom A          q(A)              L(A)              K(A)          K_Scaled(A)      |Mu_Intra(A)|
--------------------------------------------------------------------------------------------------
O1       -1.1858699070E+00 -4.8645578386E-07  7.5729789773E+01 -7.5928763737E+01  2.9715232111E-01
O2       -1.2289314725E+00  3.6020493431E-05  7.5814743111E+01 -7.6013940284E+01  5.2170978365E-01
N3       -1.0321677276E+00 -1.0931657678E-04  5.4999298169E+01 -5.5143804425E+01  2.6155855674E-01
N4       -1.0399838635E+00 -6.4229830003E-05  5.4977715451E+01 -5.5122165000E+01  2.4265148370E-01
C5        9.7644829400E-02  2.7133295014E-04  3.7868644893E+01 -3.7968141728E+01  3.7337096345E-02
C6        9.2234668900E-02  2.1846819505E-04  3.7880444279E+01 -3.7979972116E+01  4.8860121381E-02
C7        9.8436462200E-02  2.6256118805E-04  3.7877905583E+01 -3.7977426749E+01  2.0564231501E-02
C8        4.1843974110E-01 -8.1378513566E-05  3.7711496744E+01 -3.7810580684E+01  3.9293991264E-01
C9        4.2636305050E-01 -6.8210427747E-05  3.7677003286E+01 -3.7775996598E+01  3.9556126467E-01
C10       1.6168395840E+00  2.0491516530E-04  3.6939567817E+01 -3.7036623576E+01  8.7944902272E-01
H11      -1.3121045900E-02  2.2860099883E-05  6.4015348907E-01 -6.4183544115E-01  1.3637223516E-01
H12      -4.7062804800E-02  2.9170777319E-05  6.5114373026E-01 -6.5285455832E-01  1.4341473978E-01
H13      -3.5092507200E-02  3.0281921297E-05  6.4535905984E-01 -6.4705468914E-01  1.4146737557E-01
H14      -1.9213550900E-02  3.0325817406E-05  6.4308476901E-01 -6.4477442279E-01  1.3131921179E-01
H15      -2.9498092800E-02  2.8182850573E-05  6.4420944961E-01 -6.4590205840E-01  1.4369740888E-01
H16      -5.1395691100E-02  2.8748342818E-05  6.5218307722E-01 -6.5389663608E-01  1.4477482222E-01
H17       2.1938171800E-03  3.8808915603E-05  6.3841763130E-01 -6.4009502255E-01  1.3266383181E-01
H18      -5.4930500600E-02  3.3140571462E-05  6.5777597301E-01 -6.5950422676E-01  1.4891627284E-01
H19      -3.2946456000E-02  3.3429652940E-05  6.5098294687E-01 -6.5269335249E-01  1.3987809421E-01
H20       3.6394328090E-01  3.2949569606E-05  4.8252458086E-01 -4.8379237560E-01  1.8962583830E-01
H21       3.5455768707E-01  2.9406386174E-05  4.8809248174E-01 -4.8937490569E-01  1.9405848370E-01
H22       3.3997416018E-01  2.8582194952E-05  4.9397884517E-01 -4.9527673507E-01  2.0202690904E-01
H23       3.4484193222E-01  2.7238925560E-05  4.9233792474E-01 -4.9363150325E-01  1.9968185704E-01
H24       6.1559379422E-01  2.3525031957E-05  3.4310066348E-01 -3.4400213302E-01  1.5869745635E-01
--------------------------------------------------------------------------------------------------
Total     8.4938797000E-04  1.0863272456E-03  4.9559995373E+02 -4.9690210296E+02
 
Molecular charge q(Mol) from the wfn file:  -6.0000002106E-07
Molecular energy E(Mol) from the wfn file:  -4.9690189422E+02
Molecular virial ratio (-V(Mol)/T(Mol)) from the wfn file:   2.0026274200E+00
Note.  K_Scaled(A) = (1+V(Mol)/T(Mol))*K(A) = (E(Mol)/T(Mol))*K(A)
       Only use K_Scaled(A) data with caution.
 
N_AIMInt(SumA)     =         79.999151
N_Analytic(Mol)    =         79.999993
 
G_AIMInt(SumA)     =        495.598867
G_Analytic(Mol)    =        495.599733
 
K_AIMInt(SumA)     =        495.599954
K_Analytic(Mol)    =        495.599733
 
L_AIMInt(SumA)     =          0.001086
L_Analytic(Mol)    =          0.000000
 
VenT_AIMInt(SumA)  =      -2248.749143
VenT_Analytic(Mol) =      -2248.763270
 
Some Information About the Atomic Calculations:
----------------------------------------------
  Time(sec) = "Elapsed User Time", in Seconds, for Atom A by AIMInt and, if used, by TWOe
  NProc = Number of Processors Used for AIMInt Job
  BIM = Basin Integration Method
  OAQ = Angular Quadrature Outside of Beta Sphere
  ORQ = Multiple of Default for Radial Quadrature Outside of Beta Sphere
  IAQ = Multiple of Default for Angular Quadrature Inside of Beta Sphere
  IRQ = Multiple of Default for Radial Quadrature Inside of Beta Sphere
  MIR = Maximum Integration Radius
------------------------------------------------------------------------------------------------------
Atom A     Time(sec)   NProc      BIM              OAQ                 ORQ      IAQ      IRQ      MIR
------------------------------------------------------------------------------------------------------
O1            244       16     Proaim(5)    4334      (Very High)      1.00     1.00     1.00    13.00
O2            185       16     Proaim(5)    3074      (Very High)      1.00     1.00     1.00    13.00
N3            307       16     Proaim(5)    4334      (Very High)      1.00     1.00     1.00    13.00
N4            216       16     Proaim(5)    4334      (Very High)      1.00     1.00     1.00    13.00
C5            420       16     Proaim(5)    4334      (Very High)      1.00     1.00     1.00    13.00
C6            292       16     Proaim(5)    4334      (Very High)      1.00     1.00     1.00    13.00
C7            288       16     Proaim(5)    4334      (Very High)      1.00     1.00     1.00    13.00
C8            419       16     Proaim(5)    4334      (Very High)      1.00     1.00     1.00    13.00
C9            274       16     Proaim(5)    4334      (Very High)      1.00     1.00     1.00    13.00
C10           245       16     Proaim(5)    4334      (Very High)      1.00     1.00     1.00    13.00
H11           118       16     Proaim(5)    2030      (Very High)      1.00     1.00     1.00    13.00
H12           128       16     Proaim(5)    2030      (Very High)      1.00     1.00     1.00    13.00
H13           101       16     Proaim(5)    2030      (Very High)      1.00     1.00     1.00    13.00
H14           112       16     Proaim(5)    2030      (Very High)      1.00     1.00     1.00    13.00
H15           115       16     Proaim(5)    2030      (Very High)      1.00     1.00     1.00    13.00
H16           129       16     Proaim(5)    2030      (Very High)      1.00     1.00     1.00    13.00
H17           118       16     Proaim(5)    2030      (Very High)      1.00     1.00     1.00    13.00
H18           118       16     Proaim(5)    2030      (Very High)      1.00     1.00     1.00    13.00
H19            89       16     Proaim(5)    2030      (Very High)      1.00     1.00     1.00    13.00
H20            85       16     Proaim(5)    2030      (Very High)      1.00     1.00     1.00    13.00
H21            87       16     Proaim(5)    2030      (Very High)      1.00     1.00     1.00    13.00
H22            73       16     Proaim(5)    2030      (Very High)      1.00     1.00     1.00    13.00
H23            72       16     Proaim(5)    2030      (Very High)      1.00     1.00     1.00    13.00
H24            71       16     Proaim(5)    2030      (Very High)      1.00     1.00     1.00    13.00
------------------------------------------------------------------------------------------------------
Total        4306
Note:  Total wall clock time is less than total of atomic times if more than one atom
       was calculated at a time
 
Electron Density Critical Point Analysis of Molecular Structure:               
---------------------------------------------------------------                
  NACP = Nuclear Attractor Critical Point                                      
  NNACP = Non-Nuclear Attractor Critical Point                                 
  BCP = Bond Critical Point                                                    
  RCP = Ring Critical Point                                                    
  CCP = Cage Critical Point                                                    
  Rho = Electron Density                                                       
  GradRho = Gradient of Electron Density                                       
  HessRho_EigVals = Eigenvalues of the Hessian of Rho, Ascending Order         
  HessRho_EigVecs = Eigenvectors of the Hessian of Rho                         
  DelSqRho = Laplacian of Rho = Trace of Hessian of Rho                        
  Bond Ellipticity = (HessRho_EigVal(1) / HessRho_EigVal(2)) - 1               
  V = Virial Field = Potential Energy Density = Trace of Stress Tensor         
  G = Lagrangian Form of Kinetic Energy Density                                
  K = Hamiltonian Form of Kinetic Energy Density                               
  L = K - G = Lagrangian Density = (-1/4)DelSqRho                              
  Vnuc = Electrostatic Potential from Nuclei                                   
  Ven = Electron-nuclear attractive contribution to Virial Field V             
  Vrep = V - Ven = Repulsive contribution to Virial Field V                    
  DelSqV = Laplacian of V                                                      
  DelSqVen = Laplacian of Ven                                                  
  DelSqVrep = Laplacian of Vrep                                                
  DelSqG = Laplacian of G                                                      
  DelSqK = Laplacian of K                                                      
  Stress_EigVals = Eigenvalues of Stress Tensor, Ascending Order               
  Stress_EigVecs = Eigenvectors of Stress Tensor                               
  -DivStress = Ehrenfest Force Density = Minus Divergence of Stress Tensor     
  ESP = Total Electrostatic Potential                                          
  ESPe = Electrostatic Potential from Electrons                                
  ESPn = Electrostatic Potential from Nuclei                                   
  BP = Bond Path                                                               
  BPL = Bond Path Length                                                       
  GBL = Geometric Bond Length                                                  
  GBL_I = Distance Between Nuclear Attractors                                  
  GBL_II = Distance Between Nuclei                                             
  GBL_III = Sum of Distances Between BCP and Nuclear Attractors                
  GBL_IV = Sum of Distances Between BCP and Nuclei                             

CP# 1      Coords =  5.42226458963176E+00 -2.88656582852545E+00  9.81623720596025E-01
           Type = (3,-3) NACP O1
           Rho =  3.0701045394E+02     Rho at Nucleus =  3.0701044035E+02
           GradRho =  6.0391769363E-10  6.2466720685E-10 -1.6156576077E-10
           HessRho_EigVals = -3.2082710679E+06 -3.2082387169E+06 -3.2082323401E+06
           HessRho_EigVec1 = -5.6271237435E-01  8.2630649626E-01 -2.3924004613E-02
           HessRho_EigVec2 =  5.8469664452E-01  3.7738477832E-01 -7.1812990676E-01
           HessRho_EigVec3 =  5.8436685193E-01  4.1808887015E-01  6.9549772035E-01
           DelSqRho = -9.6247421249E+06
           Bond Ellipticity = NA
           V = -2.4063679767E+06
           G =  9.1222728232E+01
           K =  2.4062767540E+06
           L =  2.4061855312E+06
           Vnuc =  2.7481445783E+06
           Ven = -8.4370911449E+08
           Vrep =  8.4130274651E+08
           DelSqV =  1.9823724383E+12
           DelSqVen =  2.6450182971E+13
           DelSqVrep = -2.4467810541E+13
           DelSqG =  2.5146545594E+10
           DelSqK = -2.0075189839E+12
           Stress_EigVals = -8.0212702064E+05 -8.0212321486E+05 -8.0211774118E+05
           Stress_EigVec1 =  5.7631917243E-01  4.1301662754E-01  7.0517620270E-01
           Stress_EigVec2 =  5.9019217470E-01  3.8650742630E-01 -7.0872082398E-01
           Stress_EigVec3 = -5.6526932378E-01  8.2463887538E-01 -2.1007541535E-02
           -DivStress = -1.1681656486E+06 -7.0333307724E+05  1.3386880525E+06
           ESP =  -2.2307503023E+01     ESP at Nucleus =  -2.2307503092E+01
           ESPe = -3.4358087598E+01     ESPe at Nucleus = -3.4358084899E+01
           ESPn =  1.2050584575E+01     ESPn at Nucleus =  1.2050581807E+01

CP# 2      Coords =  6.62301403464059E+00  1.73756496155417E-01 -1.66529893863706E+00
           Type = (3,-3) NACP O2
           Rho =  3.0725595739E+02     Rho at Nucleus =  3.0725594347E+02
           GradRho = -9.0930407648E-10  2.7533531011E-11 -4.1054937228E-11
           HessRho_EigVals = -3.2108336667E+06 -3.2108234172E+06 -3.2107981619E+06
           HessRho_EigVec1 =  5.5163099931E-01  3.9792223024E-01  7.3304920659E-01
           HessRho_EigVec2 =  6.5336291147E-01  3.4016393806E-01 -6.7631752983E-01
           HessRho_EigVec3 = -5.1847868473E-01  8.5202487870E-01 -7.2342653814E-02
           DelSqRho = -9.6324552458E+06
           Bond Ellipticity = NA
           V = -2.4082949861E+06
           G =  9.0587309434E+01
           K =  2.4082043988E+06
           L =  2.4081138114E+06
           Vnuc =  2.7170476480E+06
           Ven = -8.3482907635E+08
           Vrep =  8.3242078136E+08
           DelSqV =  1.9839581261E+12
           DelSqVen =  2.6171839816E+13
           DelSqVrep = -2.4187881698E+13
           DelSqG =  2.5166730070E+10
           DelSqK = -2.0091248561E+12
           Stress_EigVals = -8.0277074767E+05 -8.0276238687E+05 -8.0276185153E+05
           Stress_EigVec1 = -5.2587225424E-01  8.4808892937E-01 -6.4834713735E-02
           Stress_EigVec2 =  6.5692766987E-01  3.5655377814E-01 -6.6431576818E-01
           Stress_EigVec3 =  5.4028178646E-01  3.9193694796E-01  7.4463482328E-01
           -DivStress =  1.2122988262E+06  7.2515637962E+05 -1.3213504436E+06
           ESP =  -2.2368070699E+01     ESP at Nucleus =  -2.2368070771E+01
           ESPe = -3.4355540690E+01     ESPe at Nucleus = -3.4355533929E+01
           ESPn =  1.1987469992E+01     ESPn at Nucleus =  1.1987463158E+01

CP# 3      Coords =  2.88728159544714E+00  3.45873770195955E+00  2.16076771460818E-01
           Type = (3,-3) NACP N3
           Rho =  2.0213607402E+02     Rho at Nucleus =  2.0213606619E+02
           GradRho =  2.4783974872E-10  1.2171996744E-10 -1.5049954338E-11
           HessRho_EigVals = -1.6323950790E+06 -1.6323925803E+06 -1.6323742890E+06
           HessRho_EigVec1 =  3.1293603906E-01  9.0492467654E-01 -2.8841353165E-01
           HessRho_EigVec2 =  3.4134950231E-01  1.7621698034E-01  9.2327032505E-01
           HessRho_EigVec3 =  8.8631346189E-01 -3.8737437399E-01 -2.5375094412E-01
           DelSqRho = -4.8971619483E+06
           Bond Ellipticity = NA
           V = -1.2243588599E+06
           G =  3.4186427937E+01
           K =  1.2243246735E+06
           L =  1.2242904871E+06
           Vnuc =  2.2600572425E+06
           Ven = -4.5683909805E+08
           Vrep =  4.5561473919E+08
           DelSqV =  7.8576597140E+11
           DelSqVen =  1.1067866317E+13
           DelSqVrep = -1.0282100345E+13
           DelSqG =  9.8875638304E+09
           DelSqK = -7.9565353523E+11
           Stress_EigVals = -4.0812199873E+05 -4.0811877577E+05 -4.0811808542E+05
           Stress_EigVec1 =  8.9351707373E-01 -3.5839373041E-01 -2.7052018957E-01
           Stress_EigVec2 =  3.5304838478E-01  1.8845898065E-01  9.1642787529E-01
           Stress_EigVec3 =  2.7746004570E-01  9.1435066939E-01 -2.9492164454E-01
           -DivStress = -6.9353239720E+05  3.7417314287E+05  1.6874557839E+05
           ESP =  -1.8404178459E+01     ESP at Nucleus =  -1.8404178512E+01
           ESPe = -3.1473682328E+01     ESPe at Nucleus = -3.1473679736E+01
           ESPn =  1.3069503869E+01     ESPn at Nucleus =  1.3069501223E+01

CP# 4      Coords = -8.90040577453172E+00 -8.73067187932622E-01 -6.20566478363994E-01
           Type = (3,-3) NACP N4
           Rho =  2.0213614493E+02     Rho at Nucleus =  2.0213613718E+02
           GradRho = -1.0384743065E-09 -5.0722981371E-11  1.6388668200E-11
           HessRho_EigVals = -1.6323909899E+06 -1.6323891875E+06 -1.6323706546E+06
           HessRho_EigVec1 =  8.2360110341E-01  1.5791807716E-01  5.4474131785E-01
           HessRho_EigVec2 = -5.5744817711E-01  4.8322692895E-02  8.2880422730E-01
           HessRho_EigVec3 = -1.0455980251E-01  9.8626913074E-01 -1.2782976743E-01
           DelSqRho = -4.8971508320E+06
           Bond Ellipticity = NA
           V = -1.2243559819E+06
           G =  3.4136936912E+01
           K =  1.2243218449E+06
           L =  1.2242877080E+06
           Vnuc =  2.2729518410E+06
           Ven = -4.5944572274E+08
           Vrep =  4.5822136675E+08
           DelSqV =  7.8576410862E+11
           DelSqVen =  1.1130988044E+13
           DelSqVrep = -1.0345223919E+13
           DelSqG =  9.8875146800E+09
           DelSqK = -7.9565162330E+11
           Stress_EigVals = -4.0812101278E+05 -4.0811774022E+05 -4.0811722888E+05
           Stress_EigVec1 = -1.1867214440E-01  9.8347034645E-01 -1.3675891118E-01
           Stress_EigVec2 = -5.6154124454E-01  4.7116904758E-02  8.2610618444E-01
           Stress_EigVec3 =  8.1889459201E-01  1.7483156160E-01  5.4666769819E-01
           -DivStress =  6.1019634926E+04 -7.9412743559E+05  8.8037965120E+04
           ESP =  -1.8414319614E+01     ESP at Nucleus =  -1.8414319668E+01
           ESPe = -2.8602245118E+01     ESPe at Nucleus = -2.8602243659E+01
           ESPn =  1.0187925504E+01     ESPn at Nucleus =  1.0187923991E+01

CP# 5      Coords = -1.96841296467320E+00  5.47540223536477E-01  7.35294873145384E-01
           Type = (3,-3) NACP C5
           Rho =  1.2461698430E+02     Rho at Nucleus =  1.2461698426E+02
           GradRho =  4.3257242233E-10 -1.1157150759E-09 -3.9762937387E-10
           HessRho_EigVals = -7.4188400388E+05 -7.4188358859E+05 -7.4188282874E+05
           HessRho_EigVec1 =  9.5936113980E-01 -1.2934603109E-01 -2.5079036600E-01
           HessRho_EigVec2 =  2.8205125070E-01  4.1258440012E-01  8.6615310699E-01
           HessRho_EigVec3 =  8.5612739968E-03  9.0168936836E-01 -4.3229965021E-01
           DelSqRho = -2.2256504212E+06
           Bond Ellipticity = NA
           V = -5.5643374937E+05
           G =  1.0572035522E+01
           K =  5.5642317734E+05
           L =  5.5641260530E+05
           Vnuc =  1.7877489401E+07
           Ven = -2.2278388160E+09
           Vrep =  2.2272823823E+09
           DelSqV =  2.6382711049E+11
           DelSqVen =  3.9789040501E+13
           DelSqVrep = -3.9525213390E+13
           DelSqG =  3.3126271733E+09
           DelSqK = -2.6713973766E+11
           Stress_EigVals = -1.8547809455E+05 -1.8547788517E+05 -1.8547776965E+05
           Stress_EigVec1 =  1.2658912272E-02  8.9883857718E-01 -4.3809698026E-01
           Stress_EigVec2 =  2.8254110242E-01  4.1706219942E-01  8.6384584693E-01
           Stress_EigVec3 =  9.5917166210E-01 -1.3471575256E-01 -2.4867928870E-01
           -DivStress = -9.2014390154E+03  2.5900270478E+04  1.0209182300E+04
           ESP =  -1.4777494758E+01     ESP at Nucleus =  -1.4777494758E+01
           ESPe = -2.9516745951E+01     ESPe at Nucleus = -2.9516745712E+01
           ESPn =  1.4739251193E+01     ESPn at Nucleus =  1.4739250954E+01

CP# 6      Coords =  4.92117721685243E-01 -4.66383204284132E-01 -3.58225557084359E-01
           Type = (3,-3) NACP C6
           Rho =  1.2464476909E+02     Rho at Nucleus =  1.2464476904E+02
           GradRho =  1.3009710739E-09  7.7147022104E-10  4.2817871471E-10
           HessRho_EigVals = -7.4204904166E+05 -7.4204823519E+05 -7.4204775138E+05
           HessRho_EigVec1 =  8.5837752613E-01  3.3169149768E-01  3.9136782316E-01
           HessRho_EigVec2 = -5.0543159366E-01  4.1606128167E-01  7.5593115693E-01
           HessRho_EigVec3 = -8.7902939474E-02  8.4668397898E-01 -5.2478501596E-01
           DelSqRho = -2.2261450282E+06
           Bond Ellipticity = NA
           V = -5.5655734131E+05
           G =  1.0542124174E+01
           K =  5.5654679918E+05
           L =  5.5653625706E+05
           Vnuc =  1.6484422702E+07
           Ven = -2.0546970613E+09
           Vrep =  2.0541405040E+09
           DelSqV =  2.6388563508E+11
           DelSqVen =  3.6696712282E+13
           DelSqVrep = -3.6432826647E+13
           DelSqG =  3.3133606429E+09
           DelSqK = -2.6719899573E+11
           Stress_EigVals = -1.8551927999E+05 -1.8551914874E+05 -1.8551891258E+05
           Stress_EigVec1 = -8.3958287058E-02  8.4446973104E-01 -5.2898192728E-01
           Stress_EigVec2 = -5.1379056221E-01  4.1816323596E-01  7.4910531054E-01
           Stress_EigVec3 =  8.5379755459E-01  3.3467952052E-01  3.9877230888E-01
           -DivStress = -2.6360777451E+04 -1.5355154499E+04 -8.9930682488E+03
           ESP =  -1.4765686361E+01     ESP at Nucleus =  -1.4765686361E+01
           ESPe = -3.0241504184E+01     ESPe at Nucleus = -3.0241503931E+01
           ESPn =  1.5475817824E+01     ESPn at Nucleus =  1.5475817570E+01

CP# 7      Coords = -4.28340628189221E+00 -6.30975127773980E-01 -5.03011114677338E-01
           Type = (3,-3) NACP C7
           Rho =  1.2463429825E+02     Rho at Nucleus =  1.2463429823E+02
           GradRho =  3.4106088960E-10  2.7121438428E-10  2.3955504247E-11
           HessRho_EigVals = -7.4198574066E+05 -7.4198568215E+05 -7.4198508917E+05
           HessRho_EigVec1 =  9.7457466812E-01  6.7269732724E-02  2.1372645908E-01
           HessRho_EigVec2 = -2.1726676054E-01  5.1686747720E-01  8.2803572736E-01
           HessRho_EigVec3 =  5.4766513652E-02  8.5341829959E-01 -5.1834142696E-01
           DelSqRho = -2.2259565120E+06
           Bond Ellipticity = NA
           V = -5.5651025816E+05
           G =  1.0565083638E+01
           K =  5.5649969308E+05
           L =  5.5648912800E+05
           Vnuc =  2.9196921179E+07
           Ven = -3.6389377821E+09
           Vrep =  3.6383812719E+09
           DelSqV =  2.6386333070E+11
           DelSqVen =  6.4991109579E+13
           DelSqVrep = -6.4727246248E+13
           DelSqG =  3.3130780139E+09
           DelSqK = -2.6717640871E+11
           Stress_EigVals = -1.8550353613E+05 -1.8550337095E+05 -1.8550335108E+05
           Stress_EigVec1 =  5.0672299206E-02  8.5183834768E-01 -5.2134800999E-01
           Stress_EigVec2 = -1.9291686827E-01  5.2053569598E-01  8.3176058523E-01
           Stress_EigVec3 =  9.7990581182E-01  5.8429604123E-02  1.9071072684E-01
           -DivStress = -5.9509031617E+03 -1.6796278792E+04 -2.2130920179E+03
           ESP =  -1.4779975934E+01     ESP at Nucleus =  -1.4779975934E+01
           ESPe = -2.8653092156E+01     ESPe at Nucleus = -2.8653092018E+01
           ESPn =  1.3873116222E+01     ESPn at Nucleus =  1.3873116084E+01

CP# 8      Coords =  2.83098411934890E+00  7.87558464218107E-01  8.08902248886820E-01
           Type = (3,-3) NACP C8
           Rho =  1.2462411603E+02     Rho at Nucleus =  1.2462411575E+02
           GradRho =  1.0965151074E-10 -1.6416284998E-11 -7.5761619200E-13
           HessRho_EigVals = -7.4193244121E+05 -7.4193091816E+05 -7.4193011174E+05
           HessRho_EigVec1 = -2.5176771502E-01  9.6646541745E-01 -5.0572863794E-02
           HessRho_EigVec2 =  9.3582299292E-01  2.2980023717E-01 -2.6725863302E-01
           HessRho_EigVec3 =  2.4667457023E-01  1.1461434411E-01  9.6229684013E-01
           DelSqRho = -2.2257934711E+06
           Bond Ellipticity = NA
           V = -5.5646904458E+05
           G =  1.0338400222E+01
           K =  5.5645870618E+05
           L =  5.5644836778E+05
           Vnuc =  6.8880935628E+06
           Ven = -8.5842257142E+08
           Vrep =  8.5786610238E+08
           DelSqV =  2.6384396312E+11
           DelSqVen =  1.5331474997E+13
           DelSqVrep = -1.5067631100E+13
           DelSqG =  3.3128609497E+09
           DelSqK = -2.6715682407E+11
           Stress_EigVals = -1.8548997320E+05 -1.8548972012E+05 -1.8548935126E+05
           Stress_EigVec1 =  2.4985787852E-01  1.1215659323E-01  9.6176501243E-01
           Stress_EigVec2 =  9.3179651963E-01  2.4224265439E-01 -2.7032155370E-01
           Stress_EigVec3 = -2.6329885405E-01  9.6371126121E-01 -4.3980887507E-02
           -DivStress = -3.3142922272E+04 -5.5411768082E+04  4.0287317145E+04
           ESP =  -1.4720253526E+01     ESP at Nucleus =  -1.4720253529E+01
           ESPe = -3.0897526992E+01     ESPe at Nucleus = -3.0897526744E+01
           ESPn =  1.6177273466E+01     ESPn at Nucleus =  1.6177273214E+01

CP# 9      Coords = -6.74763354044785E+00  3.53220599298465E-01  5.95451034960918E-01
           Type = (3,-3) NACP C9
           Rho =  1.2461666007E+02     Rho at Nucleus =  1.2461665966E+02
           GradRho =  9.8439395524E-11 -1.7805867891E-11 -1.3286483025E-11
           HessRho_EigVals = -7.4188038112E+05 -7.4187828229E+05 -7.4187779494E+05
           HessRho_EigVec1 =  7.8841608458E-01  4.2912498394E-01  4.4074008863E-01
           HessRho_EigVec2 = -6.0730460006E-01  6.5700306637E-01  4.4668567644E-01
           HessRho_EigVec3 = -9.7883605970E-02 -6.1983765531E-01  7.7860136189E-01
           DelSqRho = -2.2256364584E+06
           Bond Ellipticity = NA
           V = -5.5642988439E+05
           G =  1.0384903575E+01
           K =  5.5641949949E+05
           L =  5.5640911459E+05
           Vnuc =  5.7066995496E+06
           Ven = -7.1114983790E+08
           Vrep =  7.1059340801E+08
           DelSqV =  2.6382532082E+11
           DelSqVen =  1.2701038903E+13
           DelSqVrep = -1.2437213582E+13
           DelSqG =  3.3125918990E+09
           DelSqK = -2.6713791272E+11
           Stress_EigVals = -1.8547691489E+05 -1.8547677610E+05 -1.8547619341E+05
           Stress_EigVec1 = -1.0213813273E-01 -6.1657076119E-01  7.8064607748E-01
           Stress_EigVec2 = -6.0144232765E-01  6.6334925497E-01  4.4523577176E-01
           Stress_EigVec3 =  7.9236035259E-01  4.2403804356E-01  4.3858500802E-01
           -DivStress =  6.8180719531E+04  4.1994296950E+04  4.4994478074E+04
           ESP =  -1.4751077094E+01     ESP at Nucleus =  -1.4751077098E+01
           ESPe = -2.7451861751E+01     ESPe at Nucleus = -2.7451861676E+01
           ESPn =  1.2700784657E+01     ESPn at Nucleus =  1.2700784578E+01

CP# 10     Coords =  5.16912182417392E+00 -6.05378110361182E-01 -1.11375355995280E-01
           Type = (3,-3) NACP C10
           Rho =  1.2491426981E+02     Rho at Nucleus =  1.2491426846E+02
           GradRho =  1.8020696047E-11 -3.4413583094E-11  4.2588155225E-13
           HessRho_EigVals = -7.4363748204E+05 -7.4363481478E+05 -7.4363166530E+05
           HessRho_EigVec1 =  5.5475007494E-01  4.0766747366E-01  7.2529965206E-01
           HessRho_EigVec2 = -8.3195356053E-02  8.9454685813E-01 -4.3916335382E-01
           HessRho_EigVec3 =  8.2784713993E-01 -1.8328434064E-01 -5.3016597721E-01
           DelSqRho = -2.2309039621E+06
           Bond Ellipticity = NA
           V = -5.5774574103E+05
           G =  9.8752510959E+00
           K =  5.5773586578E+05
           L =  5.5772599053E+05
           Vnuc =  3.1458371029E+06
           Ven = -3.9295994466E+08
           Vrep =  3.9240219892E+08
           DelSqV =  2.6444842042E+11
           DelSqVen =  7.0180605460E+12
           DelSqVrep = -6.7536121256E+12
           DelSqG =  3.3203552602E+09
           DelSqK = -2.6776877568E+11
           Stress_EigVals = -1.8591629630E+05 -1.8591517774E+05 -1.8591426698E+05
           Stress_EigVec1 =  8.0947145804E-01 -5.6159397038E-02 -5.8446734788E-01
           Stress_EigVec2 = -1.9897143642E-01  9.1028307720E-01 -3.6303593052E-01
           Stress_EigVec3 =  5.5241861492E-01  4.1015953175E-01  7.2567405384E-01
           -DivStress = -5.4650733747E+04  1.5152284788E+05 -4.4139520121E+04
           ESP =  -1.4642071632E+01     ESP at Nucleus =  -1.4642071646E+01
           ESPe = -3.0723519321E+01     ESPe at Nucleus = -3.0723519831E+01
           ESPn =  1.6081447689E+01     ESPn at Nucleus =  1.6081448185E+01

CP# 11     Coords = -2.00586248375442E+00  2.58707666374300E+00  5.20713938835897E-01
           Type = (3,-3) NACP H11
           Rho =  4.7005733971E-01     Rho at Nucleus =  4.6840898577E-01
           GradRho =  6.2450045135E-17  3.8163916471E-15 -1.0096090630E-15
           HessRho_EigVals = -2.3628925709E+01 -2.3628032898E+01 -2.2282256885E+01
           HessRho_EigVec1 =  9.1665357963E-01  4.5410210784E-02  3.9709460801E-01
           HessRho_EigVec2 = -3.9960230441E-01  8.4205896247E-02  9.1281288627E-01
           HessRho_EigVec3 = -8.0133182094E-03  9.9541312016E-01 -9.5333661093E-02
           DelSqRho = -6.9539215493E+01
           Bond Ellipticity = NA
           V = -1.7405392666E+01
           G =  1.0294396221E-02
           K =  1.7395098269E+01
           L =  1.7384803873E+01
           Vnuc =  9.8698697068E+01
           Ven = -4.6394046977E+01
           Vrep =  2.8988654311E+01
           DelSqV =  2.3670734833E+04
           DelSqVen =  6.8634299643E+03
           DelSqVrep =  1.6807304868E+04
           DelSqG =  8.5974598655E+02
           DelSqK = -2.4530480819E+04
           Stress_EigVals = -5.9147864708E+00 -5.9146059175E+00 -5.5760002773E+00
           Stress_EigVec1 =  9.0186095819E-01  4.8824693657E-02  4.2925861830E-01
           Stress_EigVec2 = -4.3194525269E-01  8.2645966556E-02  8.9810519589E-01
           Stress_EigVec3 = -8.3732176492E-03  9.9538223487E-01 -9.5624765227E-02
           -DivStress = -2.3461837590E-01  9.4327169327E+01 -8.9919700178E+00
           ESP =  -1.1355966637E+00     ESP at Nucleus =  -1.1357721939E+00
           ESPe = -1.6398689757E+01     ESPe at Nucleus = -1.6369485657E+01
           ESPn =  1.5263093093E+01     ESPn at Nucleus =  1.5233713463E+01

CP# 12     Coords = -2.00740205112756E+00  1.67672832708960E-01  2.75791592314025E+00
           Type = (3,-3) NACP H12
           Rho =  4.7184625332E-01     Rho at Nucleus =  4.7030425968E-01
           GradRho =  1.8124490624E-10  1.4358730333E-09 -8.1101696851E-09
           HessRho_EigVals = -2.3749154499E+01 -2.3748713577E+01 -2.2470512136E+01
           HessRho_EigVec1 =  5.3821139524E-01  8.2782885730E-01  1.5820201343E-01
           HessRho_EigVec2 =  8.4254364428E-01 -5.3319535770E-01 -7.6308046902E-02
           HessRho_EigVec3 = -2.1182575868E-02 -1.7436196132E-01  9.8445375967E-01
           DelSqRho = -6.9968380212E+01
           Bond Ellipticity = NA
           V = -1.7512721226E+01
           G =  1.0313086467E-02
           K =  1.7502408140E+01
           L =  1.7492095053E+01
           Vnuc =  1.0152068997E+02
           Ven = -4.7902157199E+01
           Vrep =  3.0389435973E+01
           DelSqV =  2.3865624419E+04
           DelSqVen =  7.1032383589E+03
           DelSqVrep =  1.6762386060E+04
           DelSqG =  8.6703103669E+02
           DelSqK = -2.4732655456E+04
           Stress_EigVals = -5.9450643384E+00 -5.9445703100E+00 -5.6230865776E+00
           Stress_EigVec1 =  1.2829427005E-01  9.7600603615E-01  1.7593407194E-01
           Stress_EigVec2 =  9.9150952279E-01 -1.3002276708E-01 -1.7164666827E-03
           Stress_EigVec3 = -2.1200153014E-02 -1.7466052055E-01  9.8440045514E-01
           -DivStress = -2.0274662994E+00 -1.6026506227E+01  9.0516182110E+01
           ESP =  -1.1299819232E+00     ESP at Nucleus =  -1.1301512210E+00
           ESPe = -1.6113709211E+01     ESPe at Nucleus = -1.6084199030E+01
           ESPn =  1.4983727288E+01     ESPn at Nucleus =  1.4954047809E+01

CP# 13     Coords =  5.40896238992398E-01 -1.40826135686546E-01 -2.39119317980250E+00
           Type = (3,-3) NACP H13
           Rho =  4.6987648144E-01     Rho at Nucleus =  4.6831427584E-01
           GradRho = -4.7184478547E-16 -5.5511151231E-17 -3.0773994464E-15
           HessRho_EigVals = -2.3644675468E+01 -2.3643650357E+01 -2.2354902867E+01
           HessRho_EigVec1 =  6.2050790706E-01 -7.7691820611E-01 -1.0662100307E-01
           HessRho_EigVec2 =  7.8401877687E-01  6.1167940968E-01  1.0565442387E-01
           HessRho_EigVec3 = -1.6866973241E-02 -1.4915227384E-01  9.8867037197E-01
           DelSqRho = -6.9643228692E+01
           Bond Ellipticity = NA
           V = -1.7431281497E+01
           G =  1.0237161829E-02
           K =  1.7421044335E+01
           L =  1.7410807173E+01
           Vnuc =  1.0152047366E+02
           Ven = -4.7702082958E+01
           Vrep =  3.0270801462E+01
           DelSqV =  2.3743575255E+04
           DelSqVen =  7.0702135640E+03
           DelSqVrep =  1.6673361691E+04
           DelSqG =  8.6259611324E+02
           DelSqK = -2.4606171368E+04
           Stress_EigVals = -5.9188533929E+00 -5.9182322262E+00 -5.5941958775E+00
           Stress_EigVec1 = -4.7889670931E-01  8.6916179919E-01  1.2335197060E-01
           Stress_EigVec2 =  8.7770858421E-01  4.7135276614E-01  8.6337773052E-02
           Stress_EigVec3 = -1.6899201613E-02 -1.4961395888E-01  9.8860006084E-01
           -DivStress =  1.3442742703E+00  1.3721661127E+01 -9.1292627763E+01
           ESP =  -1.1176767675E+00     ESP at Nucleus =  -1.1178461820E+00
           ESPe = -1.6862904531E+01     ESPe at Nucleus = -1.6832634211E+01
           ESPn =  1.5745227763E+01     ESPn at Nucleus =  1.5714788029E+01

CP# 14     Coords =  6.03668882216841E-01 -2.49538741419306E+00 -7.19959277577435E-02
           Type = (3,-3) NACP H14
           Rho =  4.7092980206E-01     Rho at Nucleus =  4.6930238591E-01
           GradRho = -1.1796119637E-15  3.8272336689E-15  7.4593109467E-17
           HessRho_EigVals = -2.3679795873E+01 -2.3678870241E+01 -2.2347075458E+01
           HessRho_EigVec1 =  7.7680319268E-01 -4.5585383719E-02 -6.2809137284E-01
           HessRho_EigVec2 =  6.2781717313E-01  1.3400900318E-01  7.6673801536E-01
           HessRho_EigVec3 = -4.9217852137E-02  9.8993108844E-01 -1.3271790826E-01
           DelSqRho = -6.9705741573E+01
           Bond Ellipticity = NA
           V = -1.7446809966E+01
           G =  1.0187286446E-02
           K =  1.7436622680E+01
           L =  1.7426435393E+01
           Vnuc =  9.9808737525E+01
           Ven = -4.7002909006E+01
           Vrep =  2.9556099040E+01
           DelSqV =  2.3737861419E+04
           DelSqVen =  6.9572420646E+03
           DelSqVrep =  1.6780619354E+04
           DelSqG =  8.6224261323E+02
           DelSqK = -2.4600104032E+04
           Stress_EigVals = -5.9276489932E+00 -5.9270831760E+00 -5.5920777968E+00
           Stress_EigVec1 = -5.2648599384E-01  8.7785103663E-02  8.4563956498E-01
           Stress_EigVec2 =  8.4877834844E-01  1.1144095849E-01  5.1687157784E-01
           Stress_EigVec3 = -4.8865258620E-02  9.8988619969E-01 -1.3318219909E-01
           -DivStress =  4.5679776048E+00 -9.3310467002E+01  1.2591435527E+01
           ESP =  -1.1193331114E+00     ESP at Nucleus =  -1.1195082138E+00
           ESPe = -1.6854683278E+01     ESPe at Nucleus = -1.6824462142E+01
           ESPn =  1.5735350167E+01     ESPn at Nucleus =  1.5704953929E+01

CP# 15     Coords = -4.24803025696917E+00 -2.67494068020917E+00 -3.00246262429098E-01
           Type = (3,-3) NACP H15
           Rho =  4.7103312183E-01     Rho at Nucleus =  4.6943887883E-01
           GradRho =  7.0579393024E-15 -6.6960326173E-16  2.1944251971E-16
           HessRho_EigVals = -2.3701152342E+01 -2.3700226250E+01 -2.2387451422E+01
           HessRho_EigVec1 =  9.8235009698E-01  2.5019016885E-02  1.8537080612E-01
           HessRho_EigVec2 = -1.8686662496E-01  8.7206546006E-02  9.7850696615E-01
           HessRho_EigVec3 = -8.3157345766E-03  9.9587603000E-01 -9.0342578171E-02
           DelSqRho = -6.9788830015E+01
           Bond Ellipticity = NA
           V = -1.7467509378E+01
           G =  1.0150937004E-02
           K =  1.7457358441E+01
           L =  1.7447207504E+01
           Vnuc =  9.9244383921E+01
           Ven = -4.6747391982E+01
           Vrep =  2.9279882605E+01
           DelSqV =  2.3781250300E+04
           DelSqVen =  6.9261494394E+03
           DelSqVrep =  1.6855100860E+04
           DelSqG =  8.6408654685E+02
           DelSqK = -2.4645336846E+04
           Stress_EigVals = -5.9326608577E+00 -5.9325523493E+00 -5.6022961706E+00
           Stress_EigVec1 = -1.1606063646E-01  8.9396525718E-02  9.8921089251E-01
