AIMSum (Version 17.01.25, Professional)
Copyright (c) 1997-2017 by Todd A. Keith
AIMSum is a component of the AIMAll package ( http://aim.tkgristmill.com )

TP:  64-bit Linux

Licensed To:  Research Group of Fernando Cortes Guzman, UNAM, fercor@unam.mx

Much of the Quantum Theory of Atoms in Molecules (QTAIM) is described in the book:
  "Atoms in Molecules - A Quantum Theory"
  R.F.W. Bader, Oxford University Press, Oxford, 1990

For additional references see:  http://aim.tkgristmill.com/references.html

Wfn File:  /home/alejandro/wd/aimqb_inps/methionine_b2plyp_def2QZVP.wfn
Sum File:  /home/alejandro/wd/aimqb_inps/methionine_b2plyp_def2QZVP.sum

SumViz File:  /home/alejandro/wd/aimqb_inps/methionine_b2plyp_def2QZVP.sumviz

Wfn Title:   opt methionine M062X def2TZVP                                                 
 
Total memory allocated for AIMSum =       15.504 Megabytes

Atomic units (a.u.) used throughout, except where stated otherwise

Model:  Unknown
 
Restricted, natural orbital wavefunction.
  Number of electrons (from MO Occs)                   =          80.0000008000
  Number of Alpha electrons (from MO Occs)             =          40.0000004000
  Number of Beta electrons (from MO Occs)              =          40.0000004000
  Number of electron pairs (N*(N-1)/2)                 =        3160.0000636000
  Number of electron pairs (from Muller 2EDM)          =        3160.0000553443
  Number of electron pairs (from Muller 2EDM, no SOSI) =        3160.4274626125
 
Nuclear Charges and Cartesian Coordinates:
-------------------------------------------------------------------------------
Atom      Charge                X                  Y                  Z
-------------------------------------------------------------------------------
S1        16.0           4.1982849400E+00  -8.6088737000E-01  -1.3458771000E+00
O2         8.0          -3.5595796400E+00  -2.9926792500E+00   1.4557919000E-01
O3         8.0          -6.1802606100E+00   2.1586480000E-01  -6.1457539000E-01
N4         7.0          -2.5258109700E+00   3.7149596900E+00   5.0608670000E-02
C5         6.0           1.5210744000E-01   3.7757430000E-01   1.8473035600E+00
C6         6.0          -1.7299579600E+00   1.1032162000E+00  -2.3713475000E-01
C7         6.0           1.9935703100E+00  -1.7178866000E+00   1.1277712900E+00
C8         6.0          -4.0756020300E+00  -5.3284025000E-01  -2.4244228000E-01
C9         6.0           6.2252076900E+00   1.2591727300E+00   3.8635686000E-01
H10        1.0           1.2009211500E+00   2.0871488100E+00   2.3262420000E+00
H11        1.0          -8.8177903000E-01  -1.5579776000E-01   3.5533192900E+00
H12        1.0          -8.1951994000E-01   7.2268629000E-01  -2.0694246300E+00
H13        1.0           9.8720338000E-01  -3.3691070100E+00   4.2387992000E-01
H14        1.0           3.0824053800E+00  -2.3139217700E+00   2.7740094300E+00
H15        1.0          -4.1877408200E+00   4.0066105000E+00  -8.5419873000E-01
H16        1.0          -1.2120171400E+00   4.8970161400E+00  -6.7833821000E-01
H17        1.0           5.2269574900E+00   2.9479607300E+00   1.0056361800E+00
H18        1.0           7.7351871400E+00   1.8216350200E+00  -8.9147169000E-01
H19        1.0           7.0500944700E+00   3.0095236000E-01   2.0115275300E+00
H20        1.0          -5.1468249100E+00  -3.8966058900E+00   3.9433350000E-02
 
Some Atomic Properties:
----------------------
  q(A) = Net Charge of Atom A
  L(A) = Lagrangian of Atom A = -(1/4) Times Atomic Integral of the Laplacian of the Electron Density
  K(A) = Electronic Kinetic Energy of Atom A (Hamiltonian Form)
  K_Scaled(A) = K(A) * E(Mol)/K(Mol) = Approximation to Virial-Based Total Energy of Atom A.
  |Mu_Intra(A)| = Magnitude of Intraatomic Dipole Moment of Atom A
--------------------------------------------------------------------------------------------------
Atom A          q(A)              L(A)              K(A)          K_Scaled(A)      |Mu_Intra(A)|
--------------------------------------------------------------------------------------------------
S1       -1.2963028000E-02  3.1057974467E-04  3.9777599451E+02 -3.9847088929E+02  8.1070698081E-01
O2       -1.1870881948E+00  2.5278066103E-05  7.5737506410E+01 -7.5869816047E+01  3.0817464938E-01
O3       -1.2209028806E+00  4.0547220932E-05  7.5820609666E+01 -7.5953064480E+01  5.2578159752E-01
N4       -1.0501974276E+00  1.9232771512E-05  5.5005807055E+01 -5.5101899450E+01  2.4758197027E-01
C5        1.0258712020E-01 -3.1612942171E-04  3.7878695336E+01 -3.7944867523E+01  3.4075916499E-02
C6        4.0232544710E-01 -1.1439163876E-03  3.7713110700E+01 -3.7778993619E+01  4.0516870432E-01
C7       -1.3697454400E-02  5.6680765319E-04  3.7883592701E+01 -3.7949773443E+01  9.2761538929E-02
C8        1.6331745873E+00  5.0515979759E-05  3.6922231423E+01 -3.6986732715E+01  8.5801490304E-01
C9       -1.6092535500E-02 -6.1415384259E-04  3.7859519568E+01 -3.7925658256E+01  9.6122965187E-02
H10      -1.8534992000E-02  3.3327568709E-05  6.4506724019E-01 -6.4619414041E-01  1.3227955677E-01
H11      -1.5106417800E-02  3.0744783456E-05  6.3875936247E-01 -6.3987524314E-01  1.3839284018E-01
H12       4.2094330800E-03  9.9828605299E-05  6.3592523412E-01 -6.3703616371E-01  1.3549722870E-01
H13       2.6849305810E-02  1.3888553750E-05  6.2652484298E-01 -6.2761935055E-01  1.2218822519E-01
H14      -4.5600541000E-03  2.8414683851E-05  6.3540394725E-01 -6.3651396618E-01  1.4169410714E-01
H15       3.8767905727E-01  4.2650203692E-05  4.7137813334E-01 -4.7220160737E-01  1.8388921893E-01
H16       3.5336707351E-01  3.4246193344E-05  4.8811848962E-01 -4.8897120822E-01  1.9617003436E-01
H17      -5.2881183000E-03  4.6764919394E-05  6.3329110460E-01 -6.3439743250E-01  1.3722258853E-01
H18       1.3805488170E-02  2.0019918769E-05  6.2228924383E-01 -6.2337635203E-01  1.3345962291E-01
H19       1.0963698400E-03  2.4728631285E-05  6.2839086431E-01 -6.2948863173E-01  1.4153460055E-01
H20       6.1867890752E-01  2.3778243423E-05  3.4141517389E-01 -3.4201160912E-01  1.5693693308E-01
--------------------------------------------------------------------------------------------------
Total    -6.5831330000E-04 -6.6284591076E-04  7.9896363101E+02 -8.0035938053E+02
 
Molecular charge q(Mol) from the wfn file:  -7.9999998998E-07
Molecular energy E(Mol) from the wfn file:  -8.0035953177E+02
Molecular virial ratio (-V(Mol)/T(Mol)) from the wfn file:   2.0017469500E+00
Note.  K_Scaled(A) = (1+V(Mol)/T(Mol))*K(A) = (E(Mol)/T(Mol))*K(A)
       Only use K_Scaled(A) data with caution.
 
N_AIMInt(SumA)     =         80.000658
N_Analytic(Mol)    =         79.999995
 
G_AIMInt(SumA)     =        798.964294
G_Analytic(Mol)    =        798.963787
 
K_AIMInt(SumA)     =        798.963631
K_Analytic(Mol)    =        798.963787
 
L_AIMInt(SumA)     =         -0.000663
L_Analytic(Mol)    =          0.000000
 
VenT_AIMInt(SumA)  =      -2997.561253
VenT_Analytic(Mol) =      -2997.552755
 
Some Information About the Atomic Calculations:
----------------------------------------------
  Time(sec) = "Elapsed User Time", in Seconds, for Atom A by AIMInt and, if used, by TWOe
  NProc = Number of Processors Used for AIMInt Job
  BIM = Basin Integration Method
  OAQ = Angular Quadrature Outside of Beta Sphere
  ORQ = Multiple of Default for Radial Quadrature Outside of Beta Sphere
  IAQ = Multiple of Default for Angular Quadrature Inside of Beta Sphere
  IRQ = Multiple of Default for Radial Quadrature Inside of Beta Sphere
  MIR = Maximum Integration Radius
------------------------------------------------------------------------------------------------------
Atom A     Time(sec)   NProc      BIM              OAQ                 ORQ      IAQ      IRQ      MIR
------------------------------------------------------------------------------------------------------
S1            482       16     Proaim(5)    4334      (Very High)      1.00     1.00     1.00    13.00
O2            220       16     Proaim(5)    4334      (Very High)      1.00     1.00     1.00    13.00
O3            162       16     Proaim(5)    3074      (Very High)      1.00     1.00     1.00    13.00
N4            238       16     Proaim(5)    4334      (Very High)      1.00     1.00     1.00    13.00
C5            644       16     Proaim(5)    4334      (Very High)      1.00     1.00     1.00    13.00
C6            459       16     Proaim(5)    4334      (Very High)      1.00     1.00     1.00    13.00
C7            558       16     Proaim(5)    4334      (Very High)      1.00     1.00     1.00    13.00
C8            284       16     Proaim(5)    4334      (Very High)      1.00     1.00     1.00    13.00
C9            444       16     Proaim(5)    4334      (Very High)      1.00     1.00     1.00    13.00
H10           191       16     Proaim(5)    2030      (Very High)      1.00     1.00     1.00    13.00
H11            85       16     Proaim(5)    2030      (Very High)      1.00     1.00     1.00    13.00
H12           167       16     Proaim(5)    2030      (Very High)      1.00     1.00     1.00    13.00
H13           144       16     Proaim(5)    4334      (Very High)      1.00     1.00     1.00    13.00
H14            84       16     Proaim(5)    2030      (Very High)      1.00     1.00     1.00    13.00
H15            63       16     Proaim(5)    2030      (Very High)      1.00     1.00     1.00    13.00
H16            80       16     Proaim(5)    2030      (Very High)      1.00     1.00     1.00    13.00
H17           151       16     Proaim(5)    2030      (Very High)      1.00     1.00     1.00    13.00
H18            93       16     Proaim(5)    2030      (Very High)      1.00     1.00     1.00    13.00
H19            79       16     Proaim(5)    2030      (Very High)      1.00     1.00     1.00    13.00
H20            72       16     Proaim(5)    2030      (Very High)      1.00     1.00     1.00    13.00
------------------------------------------------------------------------------------------------------
Total        4700
Note:  Total wall clock time is less than total of atomic times if more than one atom
       was calculated at a time
 
Electron Density Critical Point Analysis of Molecular Structure:               
---------------------------------------------------------------                
  NACP = Nuclear Attractor Critical Point                                      
  NNACP = Non-Nuclear Attractor Critical Point                                 
  BCP = Bond Critical Point                                                    
  RCP = Ring Critical Point                                                    
  CCP = Cage Critical Point                                                    
  Rho = Electron Density                                                       
  GradRho = Gradient of Electron Density                                       
  HessRho_EigVals = Eigenvalues of the Hessian of Rho, Ascending Order         
  HessRho_EigVecs = Eigenvectors of the Hessian of Rho                         
  DelSqRho = Laplacian of Rho = Trace of Hessian of Rho                        
  Bond Ellipticity = (HessRho_EigVal(1) / HessRho_EigVal(2)) - 1               
  V = Virial Field = Potential Energy Density = Trace of Stress Tensor         
  G = Lagrangian Form of Kinetic Energy Density                                
  K = Hamiltonian Form of Kinetic Energy Density                               
  L = K - G = Lagrangian Density = (-1/4)DelSqRho                              
  Vnuc = Electrostatic Potential from Nuclei                                   
  Ven = Electron-nuclear attractive contribution to Virial Field V             
  Vrep = V - Ven = Repulsive contribution to Virial Field V                    
  DelSqV = Laplacian of V                                                      
  DelSqVen = Laplacian of Ven                                                  
  DelSqVrep = Laplacian of Vrep                                                
  DelSqG = Laplacian of G                                                      
  DelSqK = Laplacian of K                                                      
  Stress_EigVals = Eigenvalues of Stress Tensor, Ascending Order               
  Stress_EigVecs = Eigenvectors of Stress Tensor                               
  -DivStress = Ehrenfest Force Density = Minus Divergence of Stress Tensor     
  ESP = Total Electrostatic Potential                                          
  ESPe = Electrostatic Potential from Electrons                                
  ESPn = Electrostatic Potential from Nuclei                                   
  BP = Bond Path                                                               
  BPL = Bond Path Length                                                       
  GBL = Geometric Bond Length                                                  
  GBL_I = Distance Between Nuclear Attractors                                  
  GBL_II = Distance Between Nuclei                                             
  GBL_III = Sum of Distances Between BCP and Nuclear Attractors                
  GBL_IV = Sum of Distances Between BCP and Nuclei                             

CP# 1      Coords =  4.19828493334358E+00 -8.60887312398218E-01 -1.34587693609442E+00
           Type = (3,-3) NACP S1
           Rho =  2.6497864151E+03     Rho at Nucleus =  2.6497864124E+03
           GradRho =  4.6408647592E-08  1.2426610851E-09  2.0878871965E-09
           HessRho_EigVals = -1.8338467790E+08 -1.8338451492E+08 -1.8338423632E+08
           HessRho_EigVec1 =  8.0765143125E-01  5.8152396620E-01 -9.7616813814E-02
           HessRho_EigVec2 = -7.7428234872E-02  2.6870346128E-01  9.6010588913E-01
           HessRho_EigVec3 = -5.8455456037E-01  7.6787259792E-01 -2.6204510932E-01
           DelSqRho = -5.5015342914E+08
           Bond Ellipticity = NA
           V = -1.3756053155E+08
           G =  1.1087131384E+04
           K =  1.3754944442E+08
           L =  1.3753835729E+08
           Vnuc =  9.2028060029E+07
           Ven = -2.4385470328E+11
           Vrep =  2.4371714274E+11
           DelSqV =  1.2301602193E+15
           DelSqVen =  5.0629546932E+16
           DelSqVrep = -4.9399386712E+16
           DelSqG =  9.5202446911E+12
           DelSqK = -1.2396804639E+15
           Stress_EigVals = -4.5853571897E+07 -4.5853497694E+07 -4.5853461957E+07
           Stress_EigVec1 = -5.8438486949E-01  7.6735924335E-01 -2.6392066225E-01
           Stress_EigVec2 = -8.5985045414E-02  2.6484846657E-01  9.6044878142E-01
           Stress_EigVec3 =  8.0690823287E-01  5.8396496591E-01 -8.8792017181E-02
           -DivStress =  2.7183286737E+06 -2.3523360955E+07 -6.6935576683E+07
           ESP =  -5.9252243826E+01     ESP at Nucleus =  -5.9252243828E+01
           ESPe = -7.0100019426E+01     ESPe at Nucleus = -7.0100019234E+01
           ESPn =  1.0847775599E+01     ESPn at Nucleus =  1.0847775406E+01

CP# 2      Coords = -3.55958228356956E+00 -2.99267814280858E+00  1.45578676763545E-01
           Type = (3,-3) NACP O2
           Rho =  3.0700288517E+02     Rho at Nucleus =  3.0700287157E+02
           GradRho =  1.0537992701E-10  3.6377345580E-10  3.7503167238E-11
           HessRho_EigVals = -3.2081893117E+06 -3.2081568876E+06 -3.2081504268E+06
           HessRho_EigVec1 =  4.0864031890E-01  9.1076672407E-01 -5.9304840486E-02
           HessRho_EigVec2 =  9.0415780697E-01 -3.9509541093E-01  1.6247546388E-01
           HessRho_EigVec3 = -1.2454617566E-01  1.2001495989E-01  9.8492875861E-01
           DelSqRho = -9.6244966261E+06
           Bond Ellipticity = NA
           V = -2.4063067281E+06
           G =  9.1285781849E+01
           K =  2.4062154423E+06
           L =  2.4061241565E+06
           Vnuc =  2.7475899663E+06
           Ven = -8.4351804691E+08
           Vrep =  8.4111174018E+08
           DelSqV =  1.9823219534E+12
           DelSqVen =  2.6444170330E+13
           DelSqVrep = -2.4461848377E+13
           DelSqG =  2.5145883943E+10
           DelSqK = -2.0074678374E+12
           Stress_EigVals = -8.0210662163E+05 -8.0210280022E+05 -8.0209730624E+05
           Stress_EigVec1 = -1.3239550385E-01  1.2339669744E-01  9.8348598649E-01
           Stress_EigVec2 =  9.0298497747E-01 -3.9417259900E-01  1.7101489021E-01
           Stress_EigVec3 =  4.0876590003E-01  9.1071467390E-01 -5.9238684207E-02
           -DivStress =  1.7352176227E+06 -7.2675795492E+05  3.3688424266E+05
           ESP =  -2.2303631460E+01     ESP at Nucleus =  -2.2303631529E+01
           ESPe = -3.5570693338E+01     ESPe at Nucleus = -3.5570691641E+01
           ESPn =  1.3267061878E+01     ESPn at Nucleus =  1.3267060111E+01

CP# 3      Coords = -6.18025789479060E+00  2.15863749111167E-01 -6.14574914253207E-01
           Type = (3,-3) NACP O3
           Rho =  3.0725723318E+02     Rho at Nucleus =  3.0725721920E+02
           GradRho =  1.7689139042E-10 -1.3617551531E-11 -1.3368051111E-10
           HessRho_EigVals = -3.2108456942E+06 -3.2108357550E+06 -3.2108106256E+06
           HessRho_EigVec1 = -1.1445304949E-01  1.1987729973E-01  9.8616932241E-01
           HessRho_EigVec2 =  9.3555598319E-01 -3.2086494203E-01  1.4758282859E-01
           HessRho_EigVec3 =  3.3411899344E-01  9.3950791481E-01 -7.5427953921E-02
           DelSqRho = -9.6324920748E+06
           Bond Ellipticity = NA
           V = -2.4083042500E+06
           G =  9.0615629238E+01
           K =  2.4082136343E+06
           L =  2.4081230187E+06
           Vnuc =  2.7117888143E+06
           Ven = -8.3321672804E+08
           Vrep =  8.3080842379E+08
           DelSqV =  1.9839656891E+12
           DelSqVen =  2.6121284207E+13
           DelSqVrep = -2.4137318517E+13
           DelSqG =  2.5166818576E+10
           DelSqK = -2.0091325077E+12
           Stress_EigVals = -8.0277379628E+05 -8.0276545311E+05 -8.0276500056E+05
           Stress_EigVec1 =  3.4324093742E-01  9.3631437309E-01 -7.4169088038E-02
           Stress_EigVec2 =  9.3621614718E-01 -3.3472570291E-01  1.0704218590E-01
           Stress_EigVec3 = -7.5398837061E-02  1.0617955808E-01  9.9148419897E-01
           -DivStress = -1.7837455110E+06  6.9036752863E+05 -3.1254174105E+05
           ESP =  -2.2365392134E+01     ESP at Nucleus =  -2.2365392207E+01
           ESPe = -3.4710454349E+01     ESPe at Nucleus = -3.4710447229E+01
           ESPn =  1.2345062215E+01     ESPn at Nucleus =  1.2345055022E+01

CP# 4      Coords = -2.52581042876661E+00  3.71495894262020E+00  5.06058051978236E-02
           Type = (3,-3) NACP N4
           Rho =  2.0212323483E+02     Rho at Nucleus =  2.0212322744E+02
           GradRho = -2.9739599672E-10  2.3312640707E-10  2.0288215552E-12
           HessRho_EigVals = -1.6322902716E+06 -1.6322870998E+06 -1.6322692941E+06
           HessRho_EigVec1 = -1.6757132531E-01  9.7196518798E-01 -1.6493490922E-01
           HessRho_EigVec2 =  9.8138277943E-01  1.8038552109E-01  6.5946220709E-02
           HessRho_EigVec3 = -9.3849300353E-02  1.5081358403E-01  9.8409733853E-01
           DelSqRho = -4.8968466656E+06
           Bond Ellipticity = NA
           V = -1.2242801671E+06
           G =  3.4250366568E+01
           K =  1.2242459168E+06
           L =  1.2242116664E+06
           Vnuc =  2.3257870815E+06
           Ven = -4.7009560844E+08
           Vrep =  4.6887132827E+08
           DelSqV =  7.8571552659E+11
           DelSqVen =  1.1389022700E+13
           DelSqVrep = -1.0603307157E+13
           DelSqG =  9.8869196206E+09
           DelSqK = -7.9560244621E+11
           Stress_EigVals = -4.0809578051E+05 -4.0809263334E+05 -4.0809175327E+05
           Stress_EigVec1 = -6.3239634544E-02  1.1821103342E-01  9.9097270406E-01
           Stress_EigVec2 =  9.7946361567E-01  1.9783156490E-01  3.8906265748E-02
           Stress_EigVec3 = -1.9144653093E-01  9.7308212578E-01 -1.2829420207E-01
           -DivStress = -1.4081642515E+05  1.9445481392E+05  7.4535364747E+05
           ESP =  -1.8406207012E+01     ESP at Nucleus =  -1.8406207064E+01
           ESPe = -3.1768078484E+01     ESPe at Nucleus = -3.1768076210E+01
           ESPn =  1.3361871472E+01     ESPn at Nucleus =  1.3361869146E+01

CP# 5      Coords =  1.52107429982761E-01  3.77574130890464E-01  1.84730327059329E+00
           Type = (3,-3) NACP C5
           Rho =  1.2465308620E+02     Rho at Nucleus =  1.2465308616E+02
           GradRho = -4.1179698540E-11 -6.2437865989E-10 -1.0254724014E-09
           HessRho_EigVals = -7.4209884462E+05 -7.4209825388E+05 -7.4209751057E+05
           HessRho_EigVec1 =  7.9747741585E-01 -3.6169910682E-01  4.8291151087E-01
           HessRho_EigVec2 = -2.3594420921E-01  5.4969204162E-01  8.0135447183E-01
           HessRho_EigVec3 =  5.5530181104E-01  7.5300226793E-01 -3.5302617914E-01
           DelSqRho = -2.2262946091E+06
           Bond Ellipticity = NA
           V = -5.5659473661E+05
           G =  1.0542170267E+01
           K =  5.5658419444E+05
           L =  5.5657365227E+05
           Vnuc =  1.7892168505E+07
           Ven = -2.2303140229E+09
           Vrep =  2.2297574282E+09
           DelSqV =  2.6390334476E+11
           DelSqVen =  3.9833217008E+13
           DelSqVrep = -3.9569317857E+13
           DelSqG =  3.3135848119E+09
           DelSqK = -2.6721692957E+11
           Stress_EigVals = -1.8553177209E+05 -1.8553156205E+05 -1.8553140246E+05
           Stress_EigVec1 =  5.6288313599E-01  7.4580434238E-01 -3.5628423781E-01
           Stress_EigVec2 = -2.2735049171E-01  5.5413521645E-01  8.0077831876E-01
           Stress_EigVec3 =  7.9465359065E-01 -3.6974321464E-01  4.8147235236E-01
           -DivStress =  8.7492280858E+02  1.4778254657E+04  2.5291784802E+04
           ESP =  -1.4760637655E+01     ESP at Nucleus =  -1.4760637655E+01
           ESPe = -3.0961263955E+01     ESPe at Nucleus = -3.0961263509E+01
           ESPn =  1.6200626300E+01     ESPn at Nucleus =  1.6200625854E+01

CP# 6      Coords = -1.72995864538802E+00  1.10321675159115E+00 -2.37134505293788E-01
           Type = (3,-3) NACP C6
           Rho =  1.2461611458E+02     Rho at Nucleus =  1.2461611427E+02
           GradRho = -1.5951073795E-11  2.5877688881E-11  1.0156320229E-11
           HessRho_EigVals = -7.4188427250E+05 -7.4188285732E+05 -7.4188206582E+05
           HessRho_EigVec1 =  1.9875257077E-03  9.9514110512E-01  9.8438969119E-02
           HessRho_EigVec2 =  9.3958159791E-01 -3.5556063651E-02  3.4047347504E-01
           HessRho_EigVec3 = -3.4231925247E-01 -9.1814744117E-02  9.3508693829E-01
           DelSqRho = -2.2256491956E+06
           Bond Ellipticity = NA
           V = -5.5643297706E+05
           G =  1.0339074159E+01
           K =  5.5642263798E+05
           L =  5.5641229891E+05
           Vnuc =  6.5704909825E+06
           Ven = -8.1878905711E+08
           Vrep =  8.1823262413E+08
           DelSqV =  2.6382687996E+11
           DelSqVen =  1.4623607095E+13
           DelSqVrep = -1.4359780346E+13
           DelSqG =  3.3126441012E+09
           DelSqK = -2.6713952406E+11
           Stress_EigVals = -1.8547792181E+05 -1.8547770344E+05 -1.8547735180E+05
           Stress_EigVec1 = -2.8710464814E-01 -8.2186945894E-02  9.5436692469E-01
           Stress_EigVec2 =  9.5788888445E-01 -2.9261938398E-02  2.8564422627E-01
           Stress_EigVec3 =  4.4503995901E-03  9.9618725393E-01  8.7127200447E-02
           -DivStress =  5.9876280793E+04 -4.8189997726E+04 -2.1378042066E+04
           ESP =  -1.4718437780E+01     ESP at Nucleus =  -1.4718437784E+01
           ESPe = -3.1826306021E+01     ESPe at Nucleus = -3.1826306053E+01
           ESPn =  1.7107868241E+01     ESPn at Nucleus =  1.7107868269E+01

CP# 7      Coords =  1.99357083807107E+00 -1.71788614783460E+00  1.12777068121192E+00
           Type = (3,-3) NACP C7
           Rho =  1.2465946261E+02     Rho at Nucleus =  1.2465946229E+02
           GradRho = -4.3320347309E-11  6.3385074967E-11 -6.0875818275E-11
           HessRho_EigVals = -7.4213840724E+05 -7.4213633660E+05 -7.4213554860E+05
           HessRho_EigVec1 = -6.5081287774E-01 -1.6555949812E-01  7.4096737496E-01
           HessRho_EigVec2 =  4.4907714405E-01 -8.7085428294E-01  1.9985628981E-01
           HessRho_EigVec3 =  6.1218650497E-01  4.6282055968E-01  6.4111216855E-01
           DelSqRho = -2.2264102924E+06
           Bond Ellipticity = NA
           V = -5.5662337455E+05
           G =  1.0400721222E+01
           K =  5.5661297383E+05
           L =  5.5660257311E+05
           Vnuc =  6.4929158535E+06
           Ven = -8.0940340108E+08
           Vrep =  8.0884677771E+08
           DelSqV =  2.6391695314E+11
           DelSqVen =  1.4455894278E+13
           DelSqVrep = -1.4191977358E+13
           DelSqG =  3.3137581647E+09
           DelSqK = -2.6723071130E+11
           Stress_EigVals = -1.8554148354E+05 -1.8554126797E+05 -1.8554062305E+05
           Stress_EigVec1 =  6.1013833155E-01  4.4815111165E-01  6.5336957191E-01
           Stress_EigVec2 =  4.5347304677E-01 -8.7375111729E-01  1.7584419492E-01
           Stress_EigVec3 = -6.4968716489E-01 -1.8899620674E-01  7.3633349891E-01
           -DivStress = -4.6146188319E+04 -3.9516119167E+04  5.3200915666E+04
           ESP =  -1.4742161186E+01     ESP at Nucleus =  -1.4742161191E+01
           ESPe = -3.0668937928E+01     ESPe at Nucleus = -3.0668936967E+01
           ESPn =  1.5926776741E+01     ESPn at Nucleus =  1.5926775777E+01

CP# 8      Coords = -4.07560199843131E+00 -5.32842082168132E-01 -2.42442088122569E-01
           Type = (3,-3) NACP C8
           Rho =  1.2489598717E+02     Rho at Nucleus =  1.2489598591E+02
           GradRho = -1.9787815830E-10  2.2593593663E-11 -3.1139535395E-12
           HessRho_EigVals = -7.4352865889E+05 -7.4352609274E+05 -7.4352309705E+05
           HessRho_EigVec1 = -1.3687665554E-01  1.1031226703E-01  9.8442672907E-01
           HessRho_EigVec2 = -2.0006685890E-01  9.7022191773E-01 -1.3653820830E-01
           HessRho_EigVec3 =  9.7017422824E-01  2.1564005681E-01  1.1073090247E-01
           DelSqRho = -2.2305778487E+06
           Bond Ellipticity = NA
           V = -5.5766422397E+05
           G =  9.8809002272E+00
           K =  5.5765434307E+05
           L =  5.5764446217E+05
           Vnuc =  3.2565351142E+06
           Ven = -4.0672816785E+08
           Vrep =  4.0617050363E+08
           DelSqV =  2.6440982908E+11
           DelSqVen =  7.2639552717E+12
           DelSqVrep = -6.9995454262E+12
           DelSqG =  3.3198704558E+09
           DelSqK = -2.6772969953E+11
           Stress_EigVals = -1.8588909835E+05 -1.8588801065E+05 -1.8588711497E+05
           Stress_EigVec1 =  9.8790175435E-01  9.4816363404E-02  1.2271911420E-01
           Stress_EigVec2 = -7.8441577531E-02  9.8814069466E-01 -1.3200335781E-01
           Stress_EigVec3 = -1.3377982910E-01  1.2078006785E-01  9.8362347092E-01
           -DivStress = -2.7725775242E+03  1.6041390402E+05 -1.6800972382E+04
           ESP =  -1.4635024215E+01     ESP at Nucleus =  -1.4635024227E+01
           ESPe = -3.1481745109E+01     ESPe at Nucleus = -3.1481745270E+01
           ESPn =  1.6846720895E+01     ESPn at Nucleus =  1.6846721042E+01

CP# 9      Coords =  6.22520716886893E+00  1.25917220581282E+00  3.86356375407135E-01
           Type = (3,-3) NACP C9
           Rho =  1.2464361601E+02     Rho at Nucleus =  1.2464361572E+02
           GradRho = -3.2780778092E-10 -1.7795653839E-11 -9.6556096452E-13
           HessRho_EigVals = -7.4203497369E+05 -7.4203258858E+05 -7.4203257711E+05
           HessRho_EigVec1 =  6.0875961952E-01  5.9780249315E-01  5.2157828254E-01
           HessRho_EigVec2 = -7.9313963541E-01  4.4327549214E-01  4.1765578748E-01
           HessRho_EigVec3 =  1.8472801153E-02 -6.6793638713E-01  7.4398907140E-01
           DelSqRho = -2.2261001394E+06
           Bond Ellipticity = NA
           V = -5.5654611469E+05
           G =  1.0539924117E+01
           K =  5.5653557477E+05
           L =  5.5652503484E+05
           Vnuc =  6.7885418714E+06
           Ven = -8.4614840625E+08
           Vrep =  8.4559186014E+08
           DelSqV =  2.6388022651E+11
           DelSqVen =  1.5111974404E+13
           DelSqVrep = -1.4848094178E+13
           DelSqG =  3.3132573881E+09
           DelSqK = -2.6719348390E+11
           Stress_EigVals = -1.8551562024E+05 -1.8551561169E+05 -1.8551488276E+05
           Stress_EigVec1 =  3.9592438159E-01 -7.9793296449E-01  4.5447427676E-01
           Stress_EigVec2 = -6.8303885189E-01  7.4891632769E-02  7.2653229120E-01
           Stress_EigVec3 =  6.1376038555E-01  5.9807543631E-01  5.1536779256E-01
           -DivStress =  4.5534815823E+04  4.5801789174E+04  4.2342046430E+04
           ESP =  -1.4745852589E+01     ESP at Nucleus =  -1.4745852593E+01
           ESPe = -2.7551044109E+01     ESPe at Nucleus = -2.7551042625E+01
           ESPn =  1.2805191520E+01     ESPn at Nucleus =  1.2805190032E+01

CP# 10     Coords =  1.19506048491184E+00  2.07727393963272E+00  2.32331095026996E+00
           Type = (3,-3) NACP H10
           Rho =  4.7164831208E-01     Rho at Nucleus =  4.7002978151E-01
           GradRho = -1.6965586921E-12 -2.8586221931E-12 -8.4395771621E-13
           HessRho_EigVals = -2.3723963858E+01 -2.3720974434E+01 -2.2391895009E+01
           HessRho_EigVec1 = -8.6124701393E-01  5.0737956949E-01  2.8627844161E-02
           HessRho_EigVec2 = -1.0061468668E-01 -2.2546372489E-01  9.6904220423E-01
           HessRho_EigVec3 =  4.9812675678E-01  8.3170432320E-01  2.4522979622E-01
           DelSqRho = -6.9836833301E+01
           Bond Ellipticity = NA
           V = -1.7480010789E+01
           G =  1.0401232092E-02
           K =  1.7469609557E+01
           L =  1.7459208325E+01
           Vnuc =  1.0065767488E+02
           Ven = -4.7475022457E+01
           Vrep =  2.9995011668E+01
           DelSqV =  2.3787696850E+04
           DelSqVen =  7.0296132614E+03
           DelSqVrep =  1.6758083588E+04
           DelSqG =  8.6419313385E+02
           DelSqK = -2.4651889984E+04
           Stress_EigVals = -5.9384757677E+00 -5.9380002564E+00 -5.6035347654E+00
           Stress_EigVec1 = -7.9000180598E-01  3.1837937827E-01  5.2395774452E-01
           Stress_EigVec2 =  3.5790475318E-01 -4.5439029445E-01  8.1574116480E-01
           Stress_EigVec3 =  4.9779647869E-01  8.3196396064E-01  2.4501966044E-01
           -DivStress =  4.6536025987E+01  7.8410583972E+01  2.3272216917E+01
           ESP =  -1.1139692080E+00     ESP at Nucleus =  -1.1141446050E+00
           ESPe = -1.7392174771E+01     ESPe at Nucleus = -1.7361088776E+01
           ESPn =  1.6278205563E+01     ESPn at Nucleus =  1.6246944171E+01

CP# 11     Coords = -8.75879858575940E-01 -1.52863052138567E-01  3.54344612753141E+00
           Type = (3,-3) NACP H11
           Rho =  4.6892327825E-01     Rho at Nucleus =  4.6730901514E-01
           GradRho =  1.7357382892E-12  8.6357223456E-13 -2.9055295496E-12
           HessRho_EigVals = -2.3585912034E+01 -2.3584641468E+01 -2.2261016502E+01
           HessRho_EigVec1 = -6.2379721473E-01  7.6830130999E-01 -1.4349261989E-01
           HessRho_EigVec2 =  6.0329771075E-01  5.9003754578E-01  5.3655155091E-01
           HessRho_EigVec3 = -4.9689929272E-01 -2.4813059393E-01  8.3157819912E-01
           DelSqRho = -6.9431570003E+01
           Bond Ellipticity = NA
           V = -1.7378335462E+01
           G =  1.0221480418E-02
           K =  1.7368113981E+01
           L =  1.7357892501E+01
           Vnuc =  1.0006845488E+02
           Ven = -4.6924427912E+01
           Vrep =  2.9546092451E+01
           DelSqV =  2.3647679491E+04
           DelSqVen =  6.9479099303E+03
           DelSqVrep =  1.6699769561E+04
           DelSqG =  8.5913963635E+02
           DelSqK = -2.4506819127E+04
           Stress_EigVals = -5.9040257120E+00 -5.9036788760E+00 -5.5706308737E+00
           Stress_EigVec1 =  2.7662699153E-01  8.6277880306E-01  4.2319055347E-01
           Stress_EigVec2 =  8.2246843188E-01 -4.4032318990E-01  3.6008494413E-01
           Stress_EigVec3 = -4.9701427154E-01 -2.4845165611E-01  8.3141360854E-01
           -DivStress = -4.6570515709E+01 -2.3169595100E+01  7.7942388572E+01
           ESP =  -1.1128532186E+00     ESP at Nucleus =  -1.1130309894E+00
           ESPe = -1.6933866011E+01     ESPe at Nucleus = -1.6900815628E+01
           ESPn =  1.5821012792E+01     ESPn at Nucleus =  1.5787784639E+01

CP# 12     Coords = -8.24862551928579E-01  7.24735115035837E-01 -2.05901549896264E+00
           Type = (3,-3) NACP H12
           Rho =  4.6592427263E-01     Rho at Nucleus =  4.6431786157E-01
           GradRho = -5.6560730058E-11  2.1747863493E-11  1.1027574687E-10
           HessRho_EigVals = -2.3441593807E+01 -2.3433967130E+01 -2.2120448362E+01
           HessRho_EigVec1 = -3.6691425517E-01  8.5766939784E-01 -3.6024593457E-01
           HessRho_EigVec2 =  8.1619359743E-01  4.8260526026E-01  3.1767935765E-01
           HessRho_EigVec3 = -4.4632044639E-01  1.7746934040E-01  8.7709902084E-01
           DelSqRho = -6.8996009299E+01
           Bond Ellipticity = NA
           V = -1.7270006213E+01
           G =  1.0501943920E-02
           K =  1.7259504269E+01
           L =  1.7249002325E+01
           Vnuc =  1.0153443307E+02
           Ven = -4.7307356878E+01
           Vrep =  3.0037350665E+01
           DelSqV =  2.3497499829E+04
           DelSqVen =  7.0054706904E+03
           DelSqVrep =  1.6492029139E+04
           DelSqG =  8.5387362298E+02
           DelSqK = -2.4351373452E+04
           Stress_EigVals = -5.8672149742E+00 -5.8659809383E+00 -5.5368103002E+00
           Stress_EigVec1 =  6.4000769323E-01 -6.2237324221E-01  4.5060148690E-01
           Stress_EigVec2 =  6.2597017995E-01  7.6241579337E-01  1.6396186094E-01
           Stress_EigVec3 = -4.4559116512E-01  1.7712624144E-01  8.7753906361E-01
           -DivStress =  4.1908552782E+01 -1.6069575955E+01 -8.1651976673E+01
           ESP =  -1.1025090009E+00     ESP at Nucleus =  -1.1026822531E+00
           ESPe = -1.8448970884E+01     ESPe at Nucleus = -1.8418863008E+01
           ESPn =  1.7346461883E+01     ESPn at Nucleus =  1.7316180755E+01

CP# 13     Coords =  9.93279760616774E-01 -3.35918732571867E+00  4.27934395170091E-01
           Type = (3,-3) NACP H13
           Rho =  4.6656332337E-01     Rho at Nucleus =  4.6483750836E-01
           GradRho =  2.9825508382E-12  4.8778479086E-12  1.9919448035E-12
           HessRho_EigVals = -2.3441216117E+01 -2.3437573187E+01 -2.2044408838E+01
           HessRho_EigVec1 =  8.7107058359E-01 -4.5690489685E-01 -1.8020530966E-01
           HessRho_EigVec2 = -5.6988202914E-03 -3.7627630585E-01  9.2648997032E-01
           HessRho_EigVec3 =  4.9112479254E-01  8.0601120146E-01  3.3036704023E-01
           DelSqRho = -6.8923198142E+01
           Bond Ellipticity = NA
           V = -1.7251447882E+01
           G =  1.0324173108E-02
           K =  1.7241123709E+01
           L =  1.7230799536E+01
           Vnuc =  9.7483342985E+01
           Ven = -4.5482152477E+01
           Vrep =  2.8230704595E+01
           DelSqV =  2.3423240177E+04
           DelSqVen =  6.7188637642E+03
           DelSqVrep =  1.6704376413E+04
           DelSqG =  8.5097151554E+02
           DelSqK = -2.4274211693E+04
           Stress_EigVals = -5.8679692648E+00 -5.8670353426E+00 -5.5164432744E+00
           Stress_EigVec1 =  8.5146982634E-01 -5.2421697524E-01  1.3989199391E-02
           Stress_EigVec2 = -1.8468449004E-01 -2.7479667332E-01  9.4359865805E-01
           Stress_EigVec3 =  4.9080624891E-01  8.0602937366E-01  3.3079582045E-01
           -DivStress = -4.7605932408E+01 -7.7714406818E+01 -3.1767932043E+01
           ESP =  -1.1050109346E+00     ESP at Nucleus =  -1.1051973751E+00
           ESPe = -1.7413882079E+01     ESPe at Nucleus = -1.7383616884E+01
           ESPn =  1.6308871144E+01     ESPn at Nucleus =  1.6278419509E+01

CP# 14     Coords =  3.07610537905938E+00 -2.31030789945885E+00  2.76450187355037E+00
           Type = (3,-3) NACP H14
           Rho =  4.6865590398E-01     Rho at Nucleus =  4.6701757659E-01
           GradRho = -2.0665086396E-12  1.1879924128E-12 -3.1264804114E-12
           HessRho_EigVals = -2.3572035973E+01 -2.3568102865E+01 -2.2226867306E+01
           HessRho_EigVec1 =  6.1532538144E-01 -5.1254608731E-01 -5.9889162905E-01
           HessRho_EigVec2 =  5.8827687300E-01  8.0429385053E-01 -8.3914972973E-02
           HessRho_EigVec3 =  5.2469514544E-01 -3.0067908205E-01  7.9642142988E-01
           DelSqRho = -6.9367006144E+01
           Bond Ellipticity = NA
           V = -1.7362543325E+01
           G =  1.0395894516E-02
           K =  1.7352147431E+01
           L =  1.7341751536E+01
           Vnuc =  9.8744649452E+01
           Ven = -4.6277262952E+01
           Vrep =  2.8914719627E+01
           DelSqV =  2.3615262642E+04
           DelSqVen =  6.8496207053E+03
           DelSqVrep =  1.6765641937E+04
           DelSqG =  8.5806350824E+02
           DelSqK = -2.4473326150E+04
           Stress_EigVals = -5.9004584758E+00 -5.8999422896E+00 -5.5621425597E+00
           Stress_EigVec1 =  5.6181583168E-01 -5.8011893414E-01 -5.8976689762E-01
           Stress_EigVec2 =  6.3888883751E-01  7.5715392163E-01 -1.3615796805E-01
           Stress_EigVec3 =  5.2553213468E-01 -3.0029978556E-01  7.9601257164E-01
           -DivStress =  4.9688192164E+01 -2.8497509810E+01  7.4982162543E+01
           ESP =  -1.1049101158E+00     ESP at Nucleus =  -1.1050945322E+00
           ESPe = -1.6267344222E+01     ESPe at Nucleus = -1.6232591720E+01
           ESPn =  1.5162434106E+01     ESPn at Nucleus =  1.5127497188E+01

CP# 15     Coords = -4.17350091801868E+00  4.00409387716035E+00 -8.47157748405626E-01
           Type = (3,-3) NACP H15
           Rho =  4.5621879321E-01     Rho at Nucleus =  4.5343302555E-01
           GradRho =  1.3423116785E-12 -2.3404195248E-13  6.6379974434E-13
           HessRho_EigVals = -2.2589110460E+01 -2.2570420923E+01 -2.0397187470E+01
           HessRho_EigVec1 =  2.3604379209E-01  9.6351260395E-01 -1.2620138768E-01
           HessRho_EigVec2 = -4.0957625081E-01  2.1641841232E-01  8.8623380977E-01
           HessRho_EigVec3 =  8.8120974971E-01 -1.5750089793E-01  4.4571610266E-01
           DelSqRho = -6.5556718853E+01
           Bond Ellipticity = NA
           V = -1.6432286566E+01
           G =  2.1553426127E-02
           K =  1.6410733139E+01
           L =  1.6389179713E+01
           Vnuc =  7.7011729005E+01
           Ven = -3.5134198070E+01
           Vrep =  1.8701911504E+01
           DelSqV =  2.1811691384E+04
           DelSqVen =  5.0486362668E+03
           DelSqVrep =  1.6763055117E+04
           DelSqG =  7.8933923618E+02
           DelSqK = -2.2601030620E+04
           Stress_EigVals = -5.6649305532E+00 -5.6589712115E+00 -5.1083848008E+00
           Stress_EigVec1 = -4.0523860044E-01  2.2074654982E-01  8.8715987142E-01
           Stress_EigVec2 =  2.3858348155E-01  9.6231816832E-01 -1.3046710413E-01
           Stress_EigVec3 =  8.8253022557E-01 -1.5879138413E-01  4.4263494811E-01
           -DivStress = -1.0590781950E+02  1.8715575037E+01 -5.2362446200E+01
           ESP =  -1.0616336626E+00     ESP at Nucleus =  -1.0619607243E+00
           ESPe = -1.5898399817E+01     ESPe at Nucleus = -1.5853415899E+01
           ESPn =  1.4836766155E+01     ESPn at Nucleus =  1.4791455175E+01

CP# 16     Coords = -1.22270118661420E+00  4.88704203050188E+00 -6.72793124791146E-01
           Type = (3,-3) NACP H16
           Rho =  4.6376487821E-01     Rho at Nucleus =  4.6107961597E-01
           GradRho = -3.9689585594E-09 -3.7031581725E-09  2.0647003759E-09
           HessRho_EigVals = -2.3011535523E+01 -2.2993409091E+01 -2.0877165886E+01
           HessRho_EigVec1 = -7.1164012789E-01  6.8973511956E-01 -1.3354322608E-01
           HessRho_EigVec2 =  1.6415747233E-01  3.4807434037E-01  9.2298243637E-01
           HessRho_EigVec3 =  6.8309637143E-01  6.3490922062E-01 -3.6092884190E-01
           DelSqRho = -6.6882110500E+01
           Bond Ellipticity = NA
