AIMSum (Version 17.01.25, Professional)
Copyright (c) 1997-2017 by Todd A. Keith
AIMSum is a component of the AIMAll package ( http://aim.tkgristmill.com )

TP:  64-bit Linux

Licensed To:  Research Group of Fernando Cortes Guzman, UNAM, fercor@unam.mx

Much of the Quantum Theory of Atoms in Molecules (QTAIM) is described in the book:
  "Atoms in Molecules - A Quantum Theory"
  R.F.W. Bader, Oxford University Press, Oxford, 1990

For additional references see:  http://aim.tkgristmill.com/references.html

Wfn File:  /home/alejandro/wd/aimqb_inps/methionine_m062X_def2QZVP.wfn
Sum File:  /home/alejandro/wd/aimqb_inps/methionine_m062X_def2QZVP.sum

SumViz File:  /home/alejandro/wd/aimqb_inps/methionine_m062X_def2QZVP.sumviz

Wfn Title:   opt methionine M062X def2TZVP                                                 
 
Total memory allocated for AIMSum =        1.293 Megabytes

Atomic units (a.u.) used throughout, except where stated otherwise

Model:  Restricted SCF
 
Restricted, closed-shell, single-determinant wavefunction.
  Number of electrons (from MO Occs)                   =          80.0000000000
  Number of Alpha electrons (from MO Occs)             =          40.0000000000
  Number of Beta electrons (from MO Occs)              =          40.0000000000
  Number of electron pairs (N*(N-1)/2)                 =        3160.0000000000
  Number of electron pairs (from Muller 2EDM)          =        3160.0000000000
 
Nuclear Charges and Cartesian Coordinates:
-------------------------------------------------------------------------------
Atom      Charge                X                  Y                  Z
-------------------------------------------------------------------------------
S1        16.0           4.1982849400E+00  -8.6088737000E-01  -1.3458771000E+00
O2         8.0          -3.5595796400E+00  -2.9926792500E+00   1.4557919000E-01
O3         8.0          -6.1802606100E+00   2.1586480000E-01  -6.1457539000E-01
N4         7.0          -2.5258109700E+00   3.7149596900E+00   5.0608670000E-02
C5         6.0           1.5210744000E-01   3.7757430000E-01   1.8473035600E+00
C6         6.0          -1.7299579600E+00   1.1032162000E+00  -2.3713475000E-01
C7         6.0           1.9935703100E+00  -1.7178866000E+00   1.1277712900E+00
C8         6.0          -4.0756020300E+00  -5.3284025000E-01  -2.4244228000E-01
C9         6.0           6.2252076900E+00   1.2591727300E+00   3.8635686000E-01
H10        1.0           1.2009211500E+00   2.0871488100E+00   2.3262420000E+00
H11        1.0          -8.8177903000E-01  -1.5579776000E-01   3.5533192900E+00
H12        1.0          -8.1951994000E-01   7.2268629000E-01  -2.0694246300E+00
H13        1.0           9.8720338000E-01  -3.3691070100E+00   4.2387992000E-01
H14        1.0           3.0824053800E+00  -2.3139217700E+00   2.7740094300E+00
H15        1.0          -4.1877408200E+00   4.0066105000E+00  -8.5419873000E-01
H16        1.0          -1.2120171400E+00   4.8970161400E+00  -6.7833821000E-01
H17        1.0           5.2269574900E+00   2.9479607300E+00   1.0056361800E+00
H18        1.0           7.7351871400E+00   1.8216350200E+00  -8.9147169000E-01
H19        1.0           7.0500944700E+00   3.0095236000E-01   2.0115275300E+00
H20        1.0          -5.1468249100E+00  -3.8966058900E+00   3.9433350000E-02
 
Some Atomic Properties:
----------------------
  q(A) = Net Charge of Atom A
  L(A) = Lagrangian of Atom A = -(1/4) Times Atomic Integral of the Laplacian of the Electron Density
  K(A) = Electronic Kinetic Energy of Atom A (Hamiltonian Form)
  K_Scaled(A) = K(A) * E(Mol)/K(Mol) = Approximation to Virial-Based Total Energy of Atom A.
  |Mu_Intra(A)| = Magnitude of Intraatomic Dipole Moment of Atom A
--------------------------------------------------------------------------------------------------
Atom A          q(A)              L(A)              K(A)          K_Scaled(A)      |Mu_Intra(A)|
--------------------------------------------------------------------------------------------------
S1       -1.6647952000E-02  2.9618740620E-04  3.9768231586E+02 -3.9875816980E+02  7.8599671913E-01
O2       -1.1927446979E+00  1.5595565021E-05  7.5672128722E+01 -7.5876845289E+01  3.0290059620E-01
O3       -1.2430574618E+00  3.9577389781E-05  7.5757772091E+01 -7.5962720349E+01  5.5386950004E-01
N4       -1.0476331261E+00  5.4676216780E-05  5.4954179888E+01 -5.5102847981E+01  2.3544744021E-01
C5        1.2140910950E-01 -4.0581257924E-04  3.7828689397E+01 -3.7931027728E+01  2.8103296644E-02
C6        4.0937070000E-01 -1.1009686460E-03  3.7672112578E+01 -3.7774027321E+01  3.9639187939E-01
C7        4.6253356000E-03  5.5771683541E-04  3.7830250898E+01 -3.7932593454E+01  9.7250175927E-02
C8        1.6600120755E+00  1.3179072943E-04  3.6870268719E+01 -3.6970014226E+01  8.5633639057E-01
C9        1.2400347200E-02 -6.0479230542E-04  3.7803479291E+01 -3.7905749422E+01  1.0851215527E-01
H10      -2.7361738900E-02  3.5620757991E-05  6.4390836687E-01 -6.4565033861E-01  1.2200245764E-01
H11      -2.3418264200E-02  3.1803027902E-05  6.3871008340E-01 -6.4043799218E-01  1.2547709459E-01
H12      -4.2815417000E-03  9.9848048923E-05  6.3482915699E-01 -6.3654656666E-01  1.2460053097E-01
H13       1.9019489440E-02  1.7021875370E-05  6.2564879088E-01 -6.2734136481E-01  1.1173100368E-01
H14      -1.3068646500E-02  2.7556193146E-05  6.3567293122E-01 -6.3739262356E-01  1.2945622087E-01
H15       3.8761723306E-01  3.7798461603E-05  4.6975373122E-01 -4.7102456068E-01  1.7874004248E-01
H16       3.5218209312E-01  3.3858063499E-05  4.8725578071E-01 -4.8857395864E-01  1.9048629737E-01
H17      -1.4247860600E-02  3.4229937618E-05  6.3332317480E-01 -6.3503651032E-01  1.2629573623E-01
H18       4.8696096800E-03  2.0028943733E-05  6.2351010809E-01 -6.2519689622E-01  1.2180392651E-01
H19      -7.7462881000E-03  2.5434275312E-05  6.2901380059E-01 -6.3071547792E-01  1.2973535063E-01
H20       6.1806266905E-01  2.5483849992E-05  3.4338379199E-01 -3.4431275159E-01  1.5052077912E-01
--------------------------------------------------------------------------------------------------
Total    -6.3891565000E-04 -6.2734595295E-04  7.9843620716E+02 -8.0059622461E+02
 
Molecular charge q(Mol) from the wfn file:   0.0000000000E+00
Molecular energy E(Mol) from the wfn file:  -8.0059637655E+02
Molecular virial ratio (-V(Mol)/T(Mol)) from the wfn file:   2.0027053100E+00
Note.  K_Scaled(A) = (1+V(Mol)/T(Mol))*K(A) = (E(Mol)/T(Mol))*K(A)
       Only use K_Scaled(A) data with caution.
 
N_AIMInt(SumA)     =         80.000639
N_Analytic(Mol)    =         79.999995
 
G_AIMInt(SumA)     =        798.436835
G_Analytic(Mol)    =        798.436373
 
K_AIMInt(SumA)     =        798.436207
K_Analytic(Mol)    =        798.436373
 
L_AIMInt(SumA)     =         -0.000627
L_Analytic(Mol)    =          0.000000
 
VenT_AIMInt(SumA)  =      -2997.408288
VenT_Analytic(Mol) =      -2997.400209
 
Some Information About the Atomic Calculations:
----------------------------------------------
  Time(sec) = "Elapsed User Time", in Seconds, for Atom A by AIMInt and, if used, by TWOe
  NProc = Number of Processors Used for AIMInt Job
  BIM = Basin Integration Method
  OAQ = Angular Quadrature Outside of Beta Sphere
  ORQ = Multiple of Default for Radial Quadrature Outside of Beta Sphere
  IAQ = Multiple of Default for Angular Quadrature Inside of Beta Sphere
  IRQ = Multiple of Default for Radial Quadrature Inside of Beta Sphere
  MIR = Maximum Integration Radius
------------------------------------------------------------------------------------------------------
Atom A     Time(sec)   NProc      BIM              OAQ                 ORQ      IAQ      IRQ      MIR
------------------------------------------------------------------------------------------------------
S1            280       16     Proaim(5)    4334      (Very High)      1.00     1.00     1.00    13.00
O2            125       16     Proaim(5)    4334      (Very High)      1.00     1.00     1.00    13.00
O3            104       16     Proaim(5)    3074      (Very High)      1.00     1.00     1.00    13.00
N4            170       16     Proaim(5)    4334      (Very High)      1.00     1.00     1.00    13.00
C5            285       16     Proaim(5)    4334      (Very High)      1.00     1.00     1.00    13.00
C6            311       16     Proaim(5)    4334      (Very High)      1.00     1.00     1.00    13.00
C7            311       16     Proaim(5)    4334      (Very High)      1.00     1.00     1.00    13.00
C8            189       16     Proaim(5)    4334      (Very High)      1.00     1.00     1.00    13.00
C9            303       16     Proaim(5)    4334      (Very High)      1.00     1.00     1.00    13.00
H10           103       16     Proaim(5)    2030      (Very High)      1.00     1.00     1.00    13.00
H11            68       16     Proaim(5)    2030      (Very High)      1.00     1.00     1.00    13.00
H12            93       16     Proaim(5)    2030      (Very High)      1.00     1.00     1.00    13.00
H13            99       16     Proaim(5)    4334      (Very High)      1.00     1.00     1.00    13.00
H14            62       16     Proaim(5)    2030      (Very High)      1.00     1.00     1.00    13.00
H15            37       16     Proaim(5)    2030      (Very High)      1.00     1.00     1.00    13.00
H16            31       16     Proaim(5)    2030      (Very High)      1.00     1.00     1.00    13.00
H17           107       16     Proaim(5)    2030      (Very High)      1.00     1.00     1.00    13.00
H18            68       16     Proaim(5)    2030      (Very High)      1.00     1.00     1.00    13.00
H19            69       16     Proaim(5)    2030      (Very High)      1.00     1.00     1.00    13.00
H20            46       16     Proaim(5)    2030      (Very High)      1.00     1.00     1.00    13.00
------------------------------------------------------------------------------------------------------
Total        2861
Note:  Total wall clock time is less than total of atomic times if more than one atom
       was calculated at a time
 
Electron Density Critical Point Analysis of Molecular Structure:               
---------------------------------------------------------------                
  NACP = Nuclear Attractor Critical Point                                      
  NNACP = Non-Nuclear Attractor Critical Point                                 
  BCP = Bond Critical Point                                                    
  RCP = Ring Critical Point                                                    
  CCP = Cage Critical Point                                                    
  Rho = Electron Density                                                       
  GradRho = Gradient of Electron Density                                       
  HessRho_EigVals = Eigenvalues of the Hessian of Rho, Ascending Order         
  HessRho_EigVecs = Eigenvectors of the Hessian of Rho                         
  DelSqRho = Laplacian of Rho = Trace of Hessian of Rho                        
  Bond Ellipticity = (HessRho_EigVal(1) / HessRho_EigVal(2)) - 1               
  V = Virial Field = Potential Energy Density = Trace of Stress Tensor         
  G = Lagrangian Form of Kinetic Energy Density                                
  K = Hamiltonian Form of Kinetic Energy Density                               
  L = K - G = Lagrangian Density = (-1/4)DelSqRho                              
  Vnuc = Electrostatic Potential from Nuclei                                   
  Ven = Electron-nuclear attractive contribution to Virial Field V             
  Vrep = V - Ven = Repulsive contribution to Virial Field V                    
  DelSqV = Laplacian of V                                                      
  DelSqVen = Laplacian of Ven                                                  
  DelSqVrep = Laplacian of Vrep                                                
  DelSqG = Laplacian of G                                                      
  DelSqK = Laplacian of K                                                      
  Stress_EigVals = Eigenvalues of Stress Tensor, Ascending Order               
  Stress_EigVecs = Eigenvectors of Stress Tensor                               
  -DivStress = Ehrenfest Force Density = Minus Divergence of Stress Tensor     
  ESP = Total Electrostatic Potential                                          
  ESPe = Electrostatic Potential from Electrons                                
  ESPn = Electrostatic Potential from Nuclei                                   
  BP = Bond Path                                                               
  BPL = Bond Path Length                                                       
  GBL = Geometric Bond Length                                                  
  GBL_I = Distance Between Nuclear Attractors                                  
  GBL_II = Distance Between Nuclei                                             
  GBL_III = Sum of Distances Between BCP and Nuclear Attractors                
  GBL_IV = Sum of Distances Between BCP and Nuclei                             

CP# 1      Coords =  4.19828493301023E+00 -8.60887311402528E-01 -1.34587693294189E+00
           Type = (3,-3) NACP S1
           Rho =  2.6517022743E+03     Rho at Nucleus =  2.6517022715E+03
           GradRho = -5.2843223131E-08  8.7323948073E-09  3.0160229869E-09
           HessRho_EigVals = -1.8387847184E+08 -1.8387829772E+08 -1.8387800998E+08
           HessRho_EigVec1 =  8.0709695266E-01  5.8213098213E-01 -9.8580062110E-02
           HessRho_EigVec2 = -7.6066513185E-02  2.6809735903E-01  9.6038413755E-01
           HessRho_EigVec3 = -5.8549841552E-01  7.6762446920E-01 -2.6066123552E-01
           DelSqRho = -5.5163477954E+08
           Bond Ellipticity = NA
           V = -1.3793110953E+08
           G =  1.1207324793E+04
           K =  1.3791990221E+08
           L =  1.3790869488E+08
           Vnuc =  9.0306272874E+07
           Ven = -2.3946534917E+11
           Vrep =  2.3932741806E+11
           DelSqV =  1.2335025191E+15
           DelSqVen =  4.9816082273E+16
           DelSqVrep = -4.8582581902E+16
           DelSqG =  9.5646627179E+12
           DelSqK = -1.2430671818E+15
           Stress_EigVals = -4.5977100463E+07 -4.5977023727E+07 -4.5976985344E+07
           Stress_EigVec1 = -5.8534037210E-01  7.6707216389E-01 -2.6263462104E-01
           Stress_EigVec2 = -8.4280234860E-02  2.6460577774E-01  9.6066676033E-01
           Stress_EigVec3 =  8.0639536879E-01  5.8445194650E-01 -9.0235422274E-02
           -DivStress =  2.8622466598E+06 -2.3994996561E+07 -6.8408581058E+07
           ESP =  -5.9252113907E+01     ESP at Nucleus =  -5.9252113909E+01
           ESPe = -7.0099889510E+01     ESPe at Nucleus = -7.0099889315E+01
           ESPn =  1.0847775603E+01     ESPn at Nucleus =  1.0847775406E+01

CP# 2      Coords = -3.55958229311570E+00 -2.99267810155865E+00  1.45578670658191E-01
           Type = (3,-3) NACP O2
           Rho =  3.0923149987E+02     Rho at Nucleus =  3.0923148584E+02
           GradRho =  3.0968294595E-10  4.4878323280E-11  3.0602520518E-11
           HessRho_EigVals = -3.2540257989E+06 -3.2539930545E+06 -3.2539864558E+06
           HessRho_EigVec1 =  4.0734407848E-01  9.1131535410E-01 -5.9792366703E-02
           HessRho_EigVec2 =  9.0431812742E-01 -3.9333712331E-01  1.6581505313E-01
           HessRho_EigVec3 = -1.2759124635E-01  1.2161510111E-01  9.8434254253E-01
           DelSqRho = -9.7620053092E+06
           Bond Ellipticity = NA
           V = -2.4406812743E+06
           G =  8.9973497404E+01
           K =  2.4405913008E+06
           L =  2.4405013273E+06
           Vnuc =  2.7236147804E+06
           Ven = -8.4222748361E+08
           Vrep =  8.3978680234E+08
           DelSqV =  2.0109321718E+12
           DelSqVen =  2.6587941945E+13
           DelSqVrep = -2.4577009774E+13
           DelSqG =  2.5683352147E+10
           DelSqK = -2.0366155239E+12
           Stress_EigVals = -8.1356492365E+05 -8.1356096639E+05 -8.1355538425E+05
           Stress_EigVec1 = -1.3365683586E-01  1.2421458855E-01  9.8321238103E-01
           Stress_EigVec2 =  9.0597012726E-01 -3.8681458852E-01  1.7202500580E-01
           Stress_EigVec3 =  4.0168890792E-01  9.1375336393E-01 -6.0834292632E-02
           -DivStress =  1.7668858367E+06 -7.6484722866E+05  3.4586873530E+05
           ESP =  -2.2302498356E+01     ESP at Nucleus =  -2.2302498416E+01
           ESPe = -3.5569560311E+01     ESPe at Nucleus = -3.5569558528E+01
           ESPn =  1.3267061955E+01     ESPn at Nucleus =  1.3267060111E+01

CP# 3      Coords = -6.18025786588390E+00  2.15863741109563E-01 -6.14574909757868E-01
           Type = (3,-3) NACP O3
           Rho =  3.0950589248E+02     Rho at Nucleus =  3.0950587802E+02
           GradRho =  4.0449243954E-10 -1.8056667273E-11  1.4707390861E-10
           HessRho_EigVals = -3.2569181991E+06 -3.2569056576E+06 -3.2568798880E+06
           HessRho_EigVec1 = -1.1824642332E-01  1.2111784950E-01  9.8557001269E-01
           HessRho_EigVec2 =  9.3462409994E-01 -3.2167601949E-01  1.5166519147E-01
           HessRho_EigVec3 =  3.3540360045E-01  9.3907135246E-01 -7.5162622303E-02
           DelSqRho = -9.7707037448E+06
           Bond Ellipticity = NA
           V = -2.4428541901E+06
           G =  8.9126960584E+01
           K =  2.4427650632E+06
           L =  2.4426759362E+06
           Vnuc =  2.6843260355E+06
           Ven = -8.3081472533E+08
           Vrep =  8.2837187114E+08
           DelSqV =  2.0127206381E+12
           DelSqVen =  2.6227754320E+13
           DelSqVrep = -2.4215033682E+13
           DelSqG =  2.5706336014E+10
           DelSqK = -2.0384269741E+12
           Stress_EigVals = -8.1429084495E+05 -8.1428215651E+05 -8.1428118865E+05
           Stress_EigVec1 =  3.4385274962E-01  9.3610043232E-01 -7.4035580568E-02
           Stress_EigVec2 =  9.3291081365E-01 -3.3156937550E-01  1.4049613161E-01
           Stress_EigVec3 = -1.0697055833E-01  1.1737857487E-01  9.8730925743E-01
           -DivStress = -1.8291901805E+06  7.0582425040E+05 -3.2012068126E+05
           ESP =  -2.2362904823E+01     ESP at Nucleus =  -2.2362904882E+01
           ESPe = -3.4707967113E+01     ESPe at Nucleus = -3.4707959904E+01
           ESPn =  1.2345062289E+01     ESPn at Nucleus =  1.2345055022E+01

CP# 4      Coords = -2.52581041503594E+00  3.71495890459516E+00  5.06057942711337E-02
           Type = (3,-3) NACP N4
           Rho =  2.0381925698E+02     Rho at Nucleus =  2.0381924935E+02
           GradRho =  1.4024537087E-10 -1.9278023622E-10 -1.6076029397E-13
           HessRho_EigVals = -1.6598192617E+06 -1.6598162431E+06 -1.6597985074E+06
           HessRho_EigVec1 = -1.6060311125E-01  9.7295538755E-01 -1.6602546341E-01
           HessRho_EigVec2 =  9.8248181916E-01  1.7369706627E-01  6.7518917289E-02
           HessRho_EigVec3 = -9.4531030257E-02  1.5227325113E-01  9.8380726838E-01
           DelSqRho = -4.9794340122E+06
           Bond Ellipticity = NA
           V = -1.2449258663E+06
           G =  3.3681631254E+01
           K =  1.2448921847E+06
           L =  1.2448585031E+06
           Vnuc =  2.3085147835E+06
           Ven = -4.7051976788E+08
           Vrep =  4.6927484202E+08
           DelSqV =  7.9910367987E+11
           DelSqVen =  1.1495097008E+13
           DelSqVrep = -1.0695993328E+13
           DelSqG =  1.0138218226E+10
           DelSqK = -8.0924189810E+11
           Stress_EigVals = -4.1497771552E+05 -4.1497451048E+05 -4.1497364032E+05
           Stress_EigVec1 = -6.2777333599E-02  1.1669969531E-01  9.9118120821E-01
           Stress_EigVec2 =  9.8008887849E-01  1.9466023480E-01  3.9155883979E-02
           Stress_EigVec3 = -1.8837408699E-01  9.7390378072E-01 -1.2659632399E-01
           -DivStress = -1.4686917336E+05  2.0786130112E+05  7.6102496400E+05
           ESP =  -1.8404567002E+01     ESP at Nucleus =  -1.8404567046E+01
           ESPe = -3.1766438550E+01     ESPe at Nucleus = -3.1766436191E+01
           ESPn =  1.3361871549E+01     ESPn at Nucleus =  1.3361869146E+01

CP# 5      Coords =  1.52107420261584E-01  3.77574124394776E-01  1.84730325441778E+00
           Type = (3,-3) NACP C5
           Rho =  1.2581669955E+02     Rho at Nucleus =  1.2581669950E+02
           GradRho = -8.2618356601E-11 -7.2563333120E-10 -1.1922628995E-09
           HessRho_EigVals = -7.5642045170E+05 -7.5641988547E+05 -7.5641921084E+05
           HessRho_EigVec1 =  7.9633539603E-01 -3.5276593170E-01  4.9133098260E-01
           HessRho_EigVec2 = -2.3941955493E-01  5.6212557541E-01  7.9163951025E-01
           HessRho_EigVec3 =  5.5545316071E-01  7.4804480808E-01 -3.6318143035E-01
           DelSqRho = -2.2692595480E+06
           Bond Ellipticity = NA
           V = -5.6733561657E+05
           G =  1.0364786377E+01
           K =  5.6732525179E+05
           L =  5.6731488700E+05
           Vnuc =  1.6997299740E+07
           Ven = -2.1385441546E+09
           Vrep =  2.1379768190E+09
           DelSqV =  2.6905028304E+11
           DelSqVen =  3.8571276763E+13
           DelSqVrep = -3.8302230674E+13
           DelSqG =  3.4108841920E+09
           DelSqK = -2.7246116724E+11
           Stress_EigVals = -1.8911205589E+05 -1.8911185888E+05 -1.8911170181E+05
           Stress_EigVec1 =  5.6478809500E-01  7.4060112231E-01 -3.6403898881E-01
           Stress_EigVec2 = -2.3222468201E-01  5.6594038808E-01  7.9106458282E-01
           Stress_EigVec3 =  7.9188768447E-01 -3.6224502034E-01  4.9162225380E-01
           -DivStress =  1.7587128178E+03  1.5648543197E+04  2.7232271814E+04
           ESP =  -1.4757216611E+01     ESP at Nucleus =  -1.4757216611E+01
           ESPe = -3.0957842936E+01     ESPe at Nucleus = -3.0957842465E+01
           ESPn =  1.6200626325E+01     ESPn at Nucleus =  1.6200625854E+01

CP# 6      Coords = -1.72995865684818E+00  1.10321674800405E+00 -2.37134522602166E-01
           Type = (3,-3) NACP C6
           Rho =  1.2577708901E+02     Rho at Nucleus =  1.2577708870E+02
           GradRho =  7.4064088196E-12 -4.6176285018E-11  1.3744561045E-12
           HessRho_EigVals = -7.5617026486E+05 -7.5616890594E+05 -7.5616817437E+05
           HessRho_EigVec1 =  1.2133036612E-02  9.9485477773E-01  1.0058210896E-01
           HessRho_EigVec2 =  9.4621581517E-01 -4.3946927126E-02  3.2053751530E-01
           HessRho_EigVec3 = -3.2330855316E-01 -9.1283288811E-02  9.4188053417E-01
           DelSqRho = -2.2685073452E+06
           Bond Ellipticity = NA
           V = -5.6714719837E+05
           G =  1.0181036381E+01
           K =  5.6713701733E+05
           L =  5.6712683629E+05
           Vnuc =  6.5558650281E+06
           Ven = -8.2457761919E+08
           Vrep =  8.2401047199E+08
           DelSqV =  2.6896098203E+11
           DelSqVen =  1.4872027988E+13
           DelSqVrep = -1.4603066875E+13
           DelSqG =  3.4096939232E+09
           DelSqK = -2.7237067596E+11
           Stress_EigVals = -1.8904932278E+05 -1.8904911093E+05 -1.8904876466E+05
           Stress_EigVec1 = -2.6559040705E-01 -8.3306888813E-02  9.6047993105E-01
           Stress_EigVec2 =  9.6402114751E-01 -3.4499920105E-02  2.6357728026E-01
           Stress_EigVec3 =  1.1178677704E-02  9.9592656245E-01  8.9472450373E-02
           -DivStress =  6.2066442198E+04 -4.8810087704E+04 -2.0260140400E+04
           ESP =  -1.4715365374E+01     ESP at Nucleus =  -1.4715365376E+01
           ESPe = -3.1823233608E+01     ESPe at Nucleus = -3.1823233646E+01
           ESPn =  1.7107868234E+01     ESPn at Nucleus =  1.7107868269E+01

CP# 7      Coords =  1.99357083988514E+00 -1.71788613322617E+00  1.12777067694674E+00
           Type = (3,-3) NACP C7
           Rho =  1.2581988430E+02     Rho at Nucleus =  1.2581988397E+02
           GradRho = -7.9292128419E-12 -2.9670266244E-11  5.5231763607E-11
           HessRho_EigVals = -7.5641381851E+05 -7.5641182333E+05 -7.5641111028E+05
           HessRho_EigVec1 = -6.5052548563E-01 -1.6612231942E-01  7.4109376433E-01
           HessRho_EigVec2 =  4.5230374226E-01 -8.6861229815E-01  2.0232152686E-01
           HessRho_EigVec3 =  6.1011303648E-01  4.6681479249E-01  6.4019218383E-01
           DelSqRho = -2.2692367521E+06
           Bond Ellipticity = NA
           V = -5.6732962531E+05
           G =  1.0218638753E+01
           K =  5.6731940667E+05
           L =  5.6730918803E+05
           Vnuc =  6.4161544964E+06
           Ven = -8.0727981642E+08
           Vrep =  8.0671248680E+08
           DelSqV =  2.6904721848E+11
           DelSqVen =  1.4559774081E+13
           DelSqVrep = -1.4290726863E+13
           DelSqG =  3.4107274827E+09
           DelSqK = -2.7245794597E+11
           Stress_EigVals = -1.8911022220E+05 -1.8911002081E+05 -1.8910938230E+05
           Stress_EigVec1 =  6.0874926258E-01  4.5058385648E-01  6.5299197819E-01
           Stress_EigVec2 =  4.5594479490E-01 -8.7226356856E-01  1.7683498232E-01
           Stress_EigVec3 = -6.4926010143E-01 -1.9008012848E-01  7.3643116816E-01
           -DivStress = -4.7209789162E+04 -4.1592441185E+04  5.4620694668E+04
           ESP =  -1.4739188820E+01     ESP at Nucleus =  -1.4739188823E+01
           ESPe = -3.0665965582E+01     ESPe at Nucleus = -3.0665964600E+01
           ESPn =  1.5926776762E+01     ESPn at Nucleus =  1.5926775777E+01

CP# 8      Coords = -4.07560193936328E+00 -5.32842122933776E-01 -2.42442077135260E-01
           Type = (3,-3) NACP C8
           Rho =  1.2606324201E+02     Rho at Nucleus =  1.2606324066E+02
           GradRho =  4.0940251189E-11  3.8433423111E-11 -4.5725090381E-12
           HessRho_EigVals = -7.5776537343E+05 -7.5776263213E+05 -7.5775972086E+05
           HessRho_EigVec1 = -1.3588565357E-01  1.1196578333E-01  9.8437734255E-01
           HessRho_EigVec2 = -1.9084374279E-01  9.7202652203E-01 -1.3690546486E-01
           HessRho_EigVec3 =  9.7216961225E-01  2.0646574494E-01  1.1071649008E-01
           DelSqRho = -2.2732877264E+06
           Bond Ellipticity = NA
           V = -5.6834119084E+05
           G =  9.6296177506E+00
           K =  5.6833156122E+05
           L =  5.6832193160E+05
           Vnuc =  3.1812394061E+06
           Ven = -4.0103735313E+08
           Vrep =  4.0046901194E+08
           DelSqV =  2.6952543860E+11
           DelSqVen =  7.2318725325E+12
           DelSqVrep = -6.9623470939E+12
           DelSqG =  3.4162982684E+09
           DelSqK = -2.7294173687E+11
           Stress_EigVals = -1.8944811598E+05 -1.8944700820E+05 -1.8944606666E+05
           Stress_EigVec1 =  9.8832693108E-01  8.9995482824E-02  1.2292554807E-01
           Stress_EigVec2 = -7.3600697343E-02  9.8851940959E-01 -1.3195572825E-01
           Stress_EigVec3 = -1.3338970967E-01  1.2136799389E-01  9.8360408469E-01
           -DivStress = -8.1141963082E+03  1.6716991689E+05 -1.8110563930E+04
           ESP =  -1.4628533376E+01     ESP at Nucleus =  -1.4628533386E+01
           ESPe = -3.1475254286E+01     ESPe at Nucleus = -3.1475254428E+01
           ESPn =  1.6846720911E+01     ESPn at Nucleus =  1.6846721042E+01

CP# 9      Coords =  6.22520715747155E+00  1.25917219387389E+00  3.86356369220849E-01
           Type = (3,-3) NACP C9
           Rho =  1.2581013583E+02     Rho at Nucleus =  1.2581013553E+02
           GradRho =  3.2396033425E-10 -5.3893223217E-11  3.8110755871E-12
           HessRho_EigVals = -7.5636335311E+05 -7.5636111857E+05 -7.5636109993E+05
           HessRho_EigVec1 =  6.0695896422E-01  5.9759345707E-01  5.2391113351E-01
           HessRho_EigVec2 =  7.6514524849E-01 -6.1761043852E-01 -1.8196179529E-01
           HessRho_EigVec3 = -2.1483380661E-01 -5.1131145723E-01  8.3210998626E-01
           DelSqRho = -2.2690855716E+06
           Bond Ellipticity = NA
           V = -5.6729205371E+05
           G =  1.0330401953E+01
           K =  5.6728172331E+05
           L =  5.6727139290E+05
           Vnuc =  6.6589483780E+06
           Ven = -8.3776319995E+08
           Vrep =  8.3719590790E+08
           DelSqV =  2.6902946952E+11
           DelSqVen =  1.5109722718E+13
           DelSqVrep = -1.4840693249E+13
           DelSqG =  3.4105384306E+09
           DelSqK = -2.7244000795E+11
           Stress_EigVals = -1.8909759207E+05 -1.8909758521E+05 -1.8909687642E+05
           Stress_EigVec1 =  2.6870376124E-01 -7.7249026364E-01  5.7537560017E-01
           Stress_EigVec2 = -7.4396616968E-01  2.1297221441E-01  6.3336969794E-01
           Stress_EigVec3 =  6.1181094063E-01  5.9824880148E-01  5.1748018750E-01
           -DivStress =  4.7444809430E+04  4.7764931209E+04  4.3724428064E+04
           ESP =  -1.4743142284E+01     ESP at Nucleus =  -1.4743142287E+01
           ESPe = -2.7548333834E+01     ESPe at Nucleus = -2.7548332319E+01
           ESPn =  1.2805191550E+01     ESPn at Nucleus =  1.2805190032E+01

CP# 10     Coords =  1.19497563967220E+00  2.07714495256227E+00  2.32326449735299E+00
           Type = (3,-3) NACP H10
           Rho =  4.7999723401E-01     Rho at Nucleus =  4.7826512760E-01
           GradRho = -2.1038656928E-12 -3.5362745718E-12 -1.0511209958E-12
           HessRho_EigVals = -2.4749433575E+01 -2.4745351410E+01 -2.3307218745E+01
           HessRho_EigVec1 = -8.5005634830E-01  5.2405494528E-01 -5.2636670116E-02
           HessRho_EigVec2 = -1.7253894598E-01 -1.8265214041E-01  9.6791968041E-01
           HessRho_EigVec3 =  4.9762889469E-01  8.3186814456E-01  2.4568449938E-01
           DelSqRho = -7.2802003730E+01
           Bond Ellipticity = NA
           V = -1.8215942609E+01
           G =  7.7208381106E-03
           K =  1.8208221771E+01
           L =  1.8200500933E+01
           Vnuc =  9.9527670755E+01
           Ven = -4.7773006670E+01
           Vrep =  2.9557064061E+01
           DelSqV =  2.4814778103E+04
           DelSqVen =  7.2458138576E+03
           DelSqVrep =  1.7568964245E+04
           DelSqG =  9.2170154074E+02
           DelSqK = -2.5736479643E+04
           Stress_EigVals = -6.1933020855E+00 -6.1927157892E+00 -5.8299247341E+00
           Stress_EigVec1 = -8.6083505026E-01  4.3818602077E-01  2.5875862776E-01
           Stress_EigVec2 =  1.0767776833E-01 -3.4012542147E-01  9.3419494533E-01
           Stress_EigVec3 =  4.9736155304E-01  8.3205030429E-01  2.4560899146E-01
           -DivStress =  4.9230997243E+01  8.2833076443E+01  2.4649862510E+01
           ESP =  -1.1138680092E+00     ESP at Nucleus =  -1.1140272429E+00
           ESPe = -1.7392504054E+01     ESPe at Nucleus = -1.7360971414E+01
           ESPn =  1.6278636045E+01     ESPn at Nucleus =  1.6246944171E+01

CP# 11     Coords = -8.75805132780742E-01 -1.52818275064302E-01  3.54330173863691E+00
           Type = (3,-3) NACP H11
           Rho =  4.7738808666E-01     Rho at Nucleus =  4.7565947838E-01
           GradRho =  2.1643329490E-12  1.0788106519E-12 -3.6294543759E-12
           HessRho_EigVals = -2.4592520042E+01 -2.4590926878E+01 -2.3156946133E+01
           HessRho_EigVec1 = -8.6338893343E-01  2.3942933707E-01 -4.4410938087E-01
           HessRho_EigVec2 =  8.8920193281E-02  9.3865963771E-01  3.3318355867E-01
           HessRho_EigVec3 = -4.9664146912E-01 -2.4817670537E-01  8.3171844639E-01
           DelSqRho = -7.2340393053E+01
           Bond Ellipticity = NA
           V = -1.8100270875E+01
           G =  7.5863057702E-03
           K =  1.8092684569E+01
           L =  1.8085098263E+01
           Vnuc =  9.8891003756E+01
           Ven = -4.7209387071E+01
           Vrep =  2.9109116196E+01
           DelSqV =  2.4652937582E+04
           DelSqVen =  7.1538140812E+03
           DelSqVrep =  1.7499123501E+04
           DelSqG =  9.1501642539E+02
           DelSqK = -2.5567954008E+04
           Stress_EigVals = -6.1542504475E+00 -6.1538267004E+00 -5.7921937270E+00
           Stress_EigVec1 =  6.8942107021E-01  4.6915262083E-01  5.5190072143E-01
           Stress_EigVec2 = -5.2724771527E-01  8.4746307180E-01 -6.1775308019E-02
           Stress_EigVec3 = -4.9669752837E-01 -2.4839919546E-01  8.3161854537E-01
           -DivStress = -4.9149684073E+01 -2.4514807189E+01  8.2414508431E+01
           ESP =  -1.1129168031E+00     ESP at Nucleus =  -1.1130753477E+00
           ESPe = -1.6934408307E+01     ESPe at Nucleus = -1.6900859987E+01
           ESPn =  1.5821491504E+01     ESPn at Nucleus =  1.5787784639E+01

CP# 12     Coords = -8.24958690802208E-01  7.24762576661012E-01 -2.05887793530545E+00
           Type = (3,-3) NACP H12
           Rho =  4.7392933587E-01     Rho at Nucleus =  4.7221076007E-01
           GradRho = -1.9343329109E-10  7.4005621076E-11  3.7537295494E-10
           HessRho_EigVals = -2.4419437861E+01 -2.4411811575E+01 -2.2988533106E+01
           HessRho_EigVec1 =  5.8699090172E-01 -6.8134656324E-01  4.3727398969E-01
           HessRho_EigVec2 =  6.7417755257E-01  7.1042267889E-01  2.0195109539E-01
           HessRho_EigVec3 = -4.4824804395E-01  1.7625685258E-01  8.7636020734E-01
           DelSqRho = -7.1819782542E+01
           Bond Ellipticity = NA
           V = -1.7970573232E+01
           G =  7.8137982422E-03
           K =  1.7962759434E+01
           L =  1.7954945636E+01
           Vnuc =  1.0035694561E+02
           Ven = -4.7562100583E+01
           Vrep =  2.9591527351E+01
           DelSqV =  2.4473598049E+04
           DelSqVen =  7.2076140161E+03
           DelSqVrep =  1.7265984033E+04
           DelSqG =  9.0850608068E+02
           DelSqK = -2.5382104130E+04
           Stress_EigVals = -6.1106169133E+00 -6.1086138402E+00 -5.7513424785E+00
           Stress_EigVec1 =  7.6635920424E-01 -4.2969108459E-01  4.7755538098E-01
           Stress_EigVec2 =  4.6076348080E-01  8.8565969682E-01  5.7479702466E-02
           Stress_EigVec3 = -4.4765006963E-01  1.7598998058E-01  8.7671942028E-01
           -DivStress =  4.4424048319E+01 -1.6956499316E+01 -8.6142841576E+01
           ESP =  -1.1020132370E+00     ESP at Nucleus =  -1.1021710002E+00
           ESPe = -1.8448892568E+01     ESPe at Nucleus = -1.8418351755E+01
           ESPn =  1.7346879331E+01     ESPn at Nucleus =  1.7316180755E+01

CP# 13     Coords =  9.93309144947600E-01 -3.35912396888634E+00  4.27958838848654E-01
           Type = (3,-3) NACP H13
           Rho =  4.7450580096E-01     Rho at Nucleus =  4.7268913297E-01
           GradRho =  3.3049500636E-12  5.4040782266E-12  2.2092744301E-12
           HessRho_EigVals = -2.4417217549E+01 -2.4411521619E+01 -2.2921826734E+01
           HessRho_EigVec1 =  8.7082979890E-01 -4.4302638423E-01 -2.1303305899E-01
           HessRho_EigVec2 =  2.5589399587E-02 -3.9191910907E-01  9.1964373242E-01
           HessRho_EigVec3 =  4.9091816424E-01  8.0630455463E-01  3.2995805977E-01
           DelSqRho = -7.1750565903E+01
           Bond Ellipticity = NA
           V = -1.7953146542E+01
           G =  7.7525332582E-03
           K =  1.7945394009E+01
           L =  1.7937641476E+01
           Vnuc =  9.7001715958E+01
           Ven = -4.6027876925E+01
           Vrep =  2.8074730382E+01
           DelSqV =  2.4409169421E+04
           DelSqVen =  6.9599280136E+03
           DelSqVrep =  1.7449241408E+04
           DelSqG =  9.0571423940E+02
           DelSqK = -2.5314883661E+04
           Stress_EigVals = -6.1105568248E+00 -6.1091764674E+00 -5.7334132500E+00
           Stress_EigVec1 =  8.6800836986E-01 -4.8564186914E-01 -1.0350577174E-01
           Stress_EigVec2 = -7.6956835792E-02 -3.3750291190E-01  9.3817345405E-01
           Stress_EigVec3 =  4.9054980917E-01  8.0637693382E-01  3.3032881396E-01
           -DivStress = -4.9825715487E+01 -8.1453742255E+01 -3.3285067884E+01
           ESP =  -1.1051570109E+00     ESP at Nucleus =  -1.1053328068E+00
           ESPe = -1.7414217937E+01     ESPe at Nucleus = -1.7383752316E+01
           ESPn =  1.6309060926E+01     ESPn at Nucleus =  1.6278419509E+01

CP# 14     Coords =  3.07604027475864E+00 -2.31026546638036E+00  2.76437638557641E+00
           Type = (3,-3) NACP H14
           Rho =  4.7732016272E-01     Rho at Nucleus =  4.7557100844E-01
           GradRho = -2.5121692920E-12  1.4406904489E-12 -3.7975516828E-12
           HessRho_EigVals = -2.4595369026E+01 -2.4591367458E+01 -2.3141911687E+01
           HessRho_EigVec1 =  6.9745973831E-01 -3.8469207766E-01 -6.0461716716E-01
           HessRho_EigVec2 =  4.8829913000E-01  8.7263912264E-01  8.0573734225E-03
           HessRho_EigVec3 =  5.2451298657E-01 -3.0085373027E-01  7.9647546096E-01
           DelSqRho = -7.2328648171E+01
           Bond Ellipticity = NA
           V = -1.8097668039E+01
           G =  7.7529981570E-03
           K =  1.8089915041E+01
           L =  1.8082162043E+01
           Vnuc =  9.7731772207E+01
           Ven = -4.6649345413E+01
           Vrep =  2.8551677374E+01
           DelSqV =  2.4641113830E+04
           DelSqVen =  7.0688069672E+03
           DelSqVrep =  1.7572306863E+04
           DelSqG =  9.1487384653E+02
           DelSqK = -2.5555987677E+04
           Stress_EigVals = -6.1548762313E+00 -6.1543183002E+00 -5.7884735076E+00
           Stress_EigVec1 =  7.2684684051E-01 -3.2809147237E-01 -6.0336527594E-01
           Stress_EigVec2 =  4.4256170254E-01  8.9554911033E-01  4.6162001935E-02
           Stress_EigVec3 =  5.2519787689E-01 -3.0057906903E-01  7.9612776197E-01
           -DivStress =  5.2362784151E+01 -3.0072011066E+01  7.9238548808E+01
           ESP =  -1.1054144546E+00     ESP at Nucleus =  -1.1055767469E+00
           ESPe = -1.6268281772E+01     ESPe at Nucleus = -1.6233073935E+01
           ESPn =  1.5162867317E+01     ESPn at Nucleus =  1.5127497188E+01

CP# 15     Coords = -4.17391114801884E+00  4.00416272426181E+00 -8.47328482498945E-01
           Type = (3,-3) NACP H15
           Rho =  4.6215264975E-01     Rho at Nucleus =  4.5942283846E-01
           GradRho =  5.5861912318E-13 -1.0677569939E-13  2.7551398663E-13
           HessRho_EigVals = -2.3406280332E+01 -2.3390425243E+01 -2.1216363302E+01
           HessRho_EigVec1 =  2.3732174796E-01  9.6299374124E-01 -1.2775540020E-01
           HessRho_EigVec2 = -4.0981719490E-01  2.1848596709E-01  8.8561489879E-01
           HessRho_EigVec3 =  8.8075436684E-01 -1.5781931605E-01  4.4650286535E-01
           DelSqRho = -6.8013068877E+01
           Bond Ellipticity = NA
           V = -1.7040048560E+01
           G =  1.8390670228E-02
           K =  1.7021657890E+01
           L =  1.7003267219E+01
           Vnuc =  7.8794758704E+01
           Ven = -3.6415206522E+01
           Vrep =  1.9375157962E+01
           DelSqV =  2.2727738388E+04
           DelSqVen =  5.3590733509E+03
           DelSqVrep =  1.7368665037E+04
           DelSqG =  8.3756860461E+02
           DelSqK = -2.3565306993E+04
           Stress_EigVals = -5.8681092098E+00 -5.8619517448E+00 -5.3099876052E+00
           Stress_EigVec1 = -4.0793936667E-01  2.1410763987E-01  8.8754909254E-01
           Stress_EigVec2 =  2.3617668636E-01  9.6377317043E-01 -1.2394292548E-01
           Stress_EigVec3 =  8.8193313008E-01 -1.5905720513E-01  4.4372824967E-01
           -DivStress = -1.0688316189E+02  1.8908519603E+01 -5.3093407969E+01
           ESP =  -1.0618733335E+00     ESP at Nucleus =  -1.0622238581E+00
           ESPe = -1.5897370772E+01     ESPe at Nucleus = -1.5853679033E+01
           ESPn =  1.4835497439E+01     ESPn at Nucleus =  1.4791455175E+01

CP# 16     Coords = -1.22243665497097E+00  4.88728861092577E+00 -6.72899717114676E-01
           Type = (3,-3) NACP H16
           Rho =  4.7021477196E-01     Rho at Nucleus =  4.6756161420E-01
           GradRho = -5.6556159408E-10 -5.2771630685E-10  2.9577803574E-10
           HessRho_EigVals = -2.3857270159E+01 -2.3845331670E+01 -2.1710946443E+01
           HessRho_EigVec1 =  7.1029524595E-01 -6.9249877265E-01  1.2619870628E-01
           HessRho_EigVec2 =  1.7031153177E-01  3.4303051194E-01  9.2375540595E-01
           HessRho_EigVec3 =  6.8298949167E-01  6.3464597829E-01 -3.6159346856E-01
           DelSqRho = -6.9413548272E+01
           Bond Ellipticity = NA
           V = -1.7390169225E+01
           G =  1.8391078641E-02
