AIMSum (Version 17.01.25, Professional)
Copyright (c) 1997-2017 by Todd A. Keith
AIMSum is a component of the AIMAll package ( http://aim.tkgristmill.com )

TP:  64-bit Linux

Licensed To:  Research Group of Fernando Cortes Guzman, UNAM, fercor@unam.mx

Much of the Quantum Theory of Atoms in Molecules (QTAIM) is described in the book:
  "Atoms in Molecules - A Quantum Theory"
  R.F.W. Bader, Oxford University Press, Oxford, 1990

For additional references see:  http://aim.tkgristmill.com/references.html

Wfn File:  /home/alejandro/wd/aimqb_inps/methionine_pbe0_def2QZVP.wfn
Sum File:  /home/alejandro/wd/aimqb_inps/methionine_pbe0_def2QZVP.sum

SumViz File:  /home/alejandro/wd/aimqb_inps/methionine_pbe0_def2QZVP.sumviz

Wfn Title:   opt methionine M062X def2TZVP                                                 
 
Total memory allocated for AIMSum =       15.504 Megabytes

Atomic units (a.u.) used throughout, except where stated otherwise

Model:  Unknown
 
Restricted, natural orbital wavefunction.
  Number of electrons (from MO Occs)                   =          79.9999999000
  Number of Alpha electrons (from MO Occs)             =          39.9999999500
  Number of Beta electrons (from MO Occs)              =          39.9999999500
  Number of electron pairs (N*(N-1)/2)                 =        3159.9999920500
  Number of electron pairs (from Muller 2EDM)          =        3159.9999917349
  Number of electron pairs (from Muller 2EDM, no SOSI) =        3160.2043988050
 
Nuclear Charges and Cartesian Coordinates:
-------------------------------------------------------------------------------
Atom      Charge                X                  Y                  Z
-------------------------------------------------------------------------------
S1        16.0           4.1982849400E+00  -8.6088737000E-01  -1.3458771000E+00
O2         8.0          -3.5595796400E+00  -2.9926792500E+00   1.4557919000E-01
O3         8.0          -6.1802606100E+00   2.1586480000E-01  -6.1457539000E-01
N4         7.0          -2.5258109700E+00   3.7149596900E+00   5.0608670000E-02
C5         6.0           1.5210744000E-01   3.7757430000E-01   1.8473035600E+00
C6         6.0          -1.7299579600E+00   1.1032162000E+00  -2.3713475000E-01
C7         6.0           1.9935703100E+00  -1.7178866000E+00   1.1277712900E+00
C8         6.0          -4.0756020300E+00  -5.3284025000E-01  -2.4244228000E-01
C9         6.0           6.2252076900E+00   1.2591727300E+00   3.8635686000E-01
H10        1.0           1.2009211500E+00   2.0871488100E+00   2.3262420000E+00
H11        1.0          -8.8177903000E-01  -1.5579776000E-01   3.5533192900E+00
H12        1.0          -8.1951994000E-01   7.2268629000E-01  -2.0694246300E+00
H13        1.0           9.8720338000E-01  -3.3691070100E+00   4.2387992000E-01
H14        1.0           3.0824053800E+00  -2.3139217700E+00   2.7740094300E+00
H15        1.0          -4.1877408200E+00   4.0066105000E+00  -8.5419873000E-01
H16        1.0          -1.2120171400E+00   4.8970161400E+00  -6.7833821000E-01
H17        1.0           5.2269574900E+00   2.9479607300E+00   1.0056361800E+00
H18        1.0           7.7351871400E+00   1.8216350200E+00  -8.9147169000E-01
H19        1.0           7.0500944700E+00   3.0095236000E-01   2.0115275300E+00
H20        1.0          -5.1468249100E+00  -3.8966058900E+00   3.9433350000E-02
 
Some Atomic Properties:
----------------------
  q(A) = Net Charge of Atom A
  L(A) = Lagrangian of Atom A = -(1/4) Times Atomic Integral of the Laplacian of the Electron Density
  K(A) = Electronic Kinetic Energy of Atom A (Hamiltonian Form)
  K_Scaled(A) = K(A) * E(Mol)/K(Mol) = Approximation to Virial-Based Total Energy of Atom A.
  |Mu_Intra(A)| = Magnitude of Intraatomic Dipole Moment of Atom A
--------------------------------------------------------------------------------------------------
Atom A          q(A)              L(A)              K(A)          K_Scaled(A)      |Mu_Intra(A)|
--------------------------------------------------------------------------------------------------
S1       -2.5925798000E-02  3.1580290980E-04  3.9760251750E+02 -3.9872797516E+02  7.8077391582E-01
O2       -1.2238185369E+00  8.3378769039E-05  7.5622852363E+01 -7.5836911165E+01  3.5241342625E-01
O3       -1.2567325319E+00  4.0744391323E-05  7.5708551431E+01 -7.5922852814E+01  5.8455843578E-01
N4       -1.0906789354E+00 -7.4155457526E-05  5.4911403715E+01 -5.5066836484E+01  2.1726590978E-01
C5        8.1550433800E-02 -1.9705572840E-04  3.7804702590E+01 -3.7911712959E+01  4.2471094270E-02
C6        4.0160010400E-01 -7.9564342356E-04  3.7627394753E+01 -3.7733903233E+01  4.2386233504E-01
C7       -3.2671534800E-02  6.5633799855E-04  3.7803984314E+01 -3.7910992650E+01  8.3320874794E-02
C8        1.6870556970E+00  2.8794880142E-05  3.6802866786E+01 -3.6907041348E+01  8.7657248466E-01
C9       -4.4081645000E-02 -5.6923382204E-04  3.7791373808E+01 -3.7898346448E+01  8.2031832685E-02
H10      -6.7261105000E-03  3.3412784301E-05  6.3335194483E-01 -6.3514471718E-01  1.2757878403E-01
H11      -3.7035232000E-03  3.0314494458E-05  6.2820343501E-01 -6.2998163394E-01  1.3212560082E-01
H12       1.6528955140E-02  9.7716879015E-05  6.2376012746E-01 -6.2552574912E-01  1.3053581821E-01
H13       3.8937529010E-02  2.1026764545E-05  6.1519395302E-01 -6.1693532717E-01  1.1774846463E-01
H14       7.3752684400E-03  2.8463429549E-05  6.2473505036E-01 -6.2650343164E-01  1.3528127209E-01
H15       4.0386892028E-01  6.9272374039E-06  4.5994793093E-01 -4.6124986415E-01  1.7810273381E-01
H16       3.6874545050E-01  3.4073248891E-05  4.7776462749E-01 -4.7911699283E-01  1.8969160940E-01
H17       5.9436628500E-03  3.6175617137E-05  6.2261813173E-01 -6.2438052084E-01  1.3207583598E-01
H18       2.5211554770E-02  2.0450644158E-05  6.1218185864E-01 -6.1391470673E-01  1.2790035709E-01
H19       1.2587210540E-02  2.5090960678E-05  6.1808079642E-01 -6.1983034211E-01  1.3553783606E-01
H20       6.3479228977E-01  2.4647441854E-05  3.3071806024E-01 -3.3165419409E-01  1.4912539959E-01
--------------------------------------------------------------------------------------------------
Total    -1.4153960000E-04 -1.5272998068E-04  7.9792220318E+02 -8.0018080974E+02
 
Molecular charge q(Mol) from the wfn file:   9.9999994746E-08
Molecular energy E(Mol) from the wfn file:  -8.0018084730E+02
Molecular virial ratio (-V(Mol)/T(Mol)) from the wfn file:   2.0028306100E+00
Note.  K_Scaled(A) = (1+V(Mol)/T(Mol))*K(A) = (E(Mol)/T(Mol))*K(A)
       Only use K_Scaled(A) data with caution.
 
N_AIMInt(SumA)     =         80.000142
N_Analytic(Mol)    =         79.999995
 
G_AIMInt(SumA)     =        797.922356
G_Analytic(Mol)    =        797.922263
 
K_AIMInt(SumA)     =        797.922203
K_Analytic(Mol)    =        797.922263
 
L_AIMInt(SumA)     =         -0.000153
L_Analytic(Mol)    =          0.000000
 
VenT_AIMInt(SumA)  =      -2996.866449
VenT_Analytic(Mol) =      -2996.866112
 
Some Information About the Atomic Calculations:
----------------------------------------------
  Time(sec) = "Elapsed User Time", in Seconds, for Atom A by AIMInt and, if used, by TWOe
  NProc = Number of Processors Used for AIMInt Job
  BIM = Basin Integration Method
  OAQ = Angular Quadrature Outside of Beta Sphere
  ORQ = Multiple of Default for Radial Quadrature Outside of Beta Sphere
  IAQ = Multiple of Default for Angular Quadrature Inside of Beta Sphere
  IRQ = Multiple of Default for Radial Quadrature Inside of Beta Sphere
  MIR = Maximum Integration Radius
------------------------------------------------------------------------------------------------------
Atom A     Time(sec)   NProc      BIM              OAQ                 ORQ      IAQ      IRQ      MIR
------------------------------------------------------------------------------------------------------
S1            467       16     Proaim(5)    4334      (Very High)      1.00     1.00     1.00    13.00
O2            204       16     Proaim(5)    4334      (Very High)      1.00     1.00     1.00    13.00
O3            179       16     Proaim(5)    3074      (Very High)      1.00     1.00     1.00    13.00
N4            249       16     Proaim(5)    4334      (Very High)      1.00     1.00     1.00    13.00
C5            585       16     Proaim(5)    4334      (Very High)      1.00     1.00     1.00    13.00
C6            416       16     Proaim(5)    4334      (Very High)      1.00     1.00     1.00    13.00
C7            583       16     Proaim(5)    4334      (Very High)      1.00     1.00     1.00    13.00
C8            231       16     Proaim(5)    4334      (Very High)      1.00     1.00     1.00    13.00
C9            384       16     Proaim(5)    4334      (Very High)      1.00     1.00     1.00    13.00
H10           221       16     Proaim(5)    2030      (Very High)      1.00     1.00     1.00    13.00
H11            89       16     Proaim(5)    2030      (Very High)      1.00     1.00     1.00    13.00
H12           161       16     Proaim(5)    2030      (Very High)      1.00     1.00     1.00    13.00
H13           170       16     Proaim(5)    4334      (Very High)      1.00     1.00     1.00    13.00
H14            96       16     Proaim(5)    2030      (Very High)      1.00     1.00     1.00    13.00
H15            92       16     Proaim(5)    2030      (Very High)      1.00     1.00     1.00    13.00
H16            75       16     Proaim(5)    2030      (Very High)      1.00     1.00     1.00    13.00
H17           147       16     Proaim(5)    2030      (Very High)      1.00     1.00     1.00    13.00
H18            65       16     Proaim(5)    2030      (Very High)      1.00     1.00     1.00    13.00
H19            74       16     Proaim(5)    2030      (Very High)      1.00     1.00     1.00    13.00
H20            49       16     Proaim(5)    2030      (Very High)      1.00     1.00     1.00    13.00
------------------------------------------------------------------------------------------------------
Total        4537
Note:  Total wall clock time is less than total of atomic times if more than one atom
       was calculated at a time
 
Electron Density Critical Point Analysis of Molecular Structure:               
---------------------------------------------------------------                
  NACP = Nuclear Attractor Critical Point                                      
  NNACP = Non-Nuclear Attractor Critical Point                                 
  BCP = Bond Critical Point                                                    
  RCP = Ring Critical Point                                                    
  CCP = Cage Critical Point                                                    
  Rho = Electron Density                                                       
  GradRho = Gradient of Electron Density                                       
  HessRho_EigVals = Eigenvalues of the Hessian of Rho, Ascending Order         
  HessRho_EigVecs = Eigenvectors of the Hessian of Rho                         
  DelSqRho = Laplacian of Rho = Trace of Hessian of Rho                        
  Bond Ellipticity = (HessRho_EigVal(1) / HessRho_EigVal(2)) - 1               
  V = Virial Field = Potential Energy Density = Trace of Stress Tensor         
  G = Lagrangian Form of Kinetic Energy Density                                
  K = Hamiltonian Form of Kinetic Energy Density                               
  L = K - G = Lagrangian Density = (-1/4)DelSqRho                              
  Vnuc = Electrostatic Potential from Nuclei                                   
  Ven = Electron-nuclear attractive contribution to Virial Field V             
  Vrep = V - Ven = Repulsive contribution to Virial Field V                    
  DelSqV = Laplacian of V                                                      
  DelSqVen = Laplacian of Ven                                                  
  DelSqVrep = Laplacian of Vrep                                                
  DelSqG = Laplacian of G                                                      
  DelSqK = Laplacian of K                                                      
  Stress_EigVals = Eigenvalues of Stress Tensor, Ascending Order               
  Stress_EigVecs = Eigenvectors of Stress Tensor                               
  -DivStress = Ehrenfest Force Density = Minus Divergence of Stress Tensor     
  ESP = Total Electrostatic Potential                                          
  ESPe = Electrostatic Potential from Electrons                                
  ESPn = Electrostatic Potential from Nuclei                                   
  BP = Bond Path                                                               
  BPL = Bond Path Length                                                       
  GBL = Geometric Bond Length                                                  
  GBL_I = Distance Between Nuclear Attractors                                  
  GBL_II = Distance Between Nuclei                                             
  GBL_III = Sum of Distances Between BCP and Nuclear Attractors                
  GBL_IV = Sum of Distances Between BCP and Nuclei                             

CP# 1      Coords =  4.19828493288947E+00 -8.60887311469658E-01 -1.34587693364040E+00
           Type = (3,-3) NACP S1
           Rho =  2.6493461259E+03     Rho at Nucleus =  2.6493461231E+03
           GradRho =  5.2116693183E-08  5.3759592333E-09  1.3791776610E-09
           HessRho_EigVals = -1.8334977931E+08 -1.8334961313E+08 -1.8334933906E+08
           HessRho_EigVec1 =  8.0794286984E-01  5.8104279034E-01 -9.8069337073E-02
           HessRho_EigVec2 = -7.7017128071E-02  2.6912649561E-01  9.6002046402E-01
           HessRho_EigVec3 = -5.8420602621E-01  7.6808867011E-01 -2.6218908021E-01
           DelSqRho = -5.5004873150E+08
           Bond Ellipticity = NA
           V = -1.3753429198E+08
           G =  1.1054553826E+04
           K =  1.3752323743E+08
           L =  1.3751218287E+08
           Vnuc =  9.0652112738E+07
           Ven = -2.4016882369E+11
           Vrep =  2.4003128940E+11
           DelSqV =  1.2299257085E+15
           DelSqVen =  4.9863069215E+16
           DelSqVrep = -4.8633143507E+16
           DelSqG =  9.5182029584E+12
           DelSqK = -1.2394439114E+15
           Stress_EigVals = -4.5844824939E+07 -4.5844751710E+07 -4.5844715333E+07
           Stress_EigVec1 = -5.8402846683E-01  7.6752274348E-01 -2.6423396484E-01
           Stress_EigVec2 = -8.5527086263E-02  2.6552250632E-01  9.6030355417E-01
           Stress_EigVec3 =  8.0721488307E-01  5.8344377354E-01 -8.9428718384E-02
           -DivStress =  2.9031310630E+06 -2.3898135924E+07 -6.7925254767E+07
           ESP =  -5.9243804200E+01     ESP at Nucleus =  -5.9243804201E+01
           ESPe = -7.0091579803E+01     ESPe at Nucleus = -7.0091579607E+01
           ESPn =  1.0847775603E+01     ESPn at Nucleus =  1.0847775406E+01

CP# 2      Coords = -3.55958234028422E+00 -2.99267807437264E+00  1.45578660128146E-01
           Type = (3,-3) NACP O2
           Rho =  3.0669222096E+02     Rho at Nucleus =  3.0669220663E+02
           GradRho =  2.6518298668E-10  6.5521810200E-10 -4.6912473906E-13
           HessRho_EigVals = -3.2028037032E+06 -3.2027711886E+06 -3.2027645353E+06
           HessRho_EigVec1 =  4.0447151808E-01  9.1257158620E-01 -6.0132280218E-02
           HessRho_EigVec2 =  9.0550167287E-01 -3.9037653069E-01  1.6635168983E-01
           HessRho_EigVec3 = -1.2833359452E-01  1.2173440085E-01  9.8423128591E-01
           DelSqRho = -9.6083394270E+06
           Bond Ellipticity = NA
           V = -2.4022635963E+06
           G =  8.9369754868E+01
           K =  2.4021742265E+06
           L =  2.4020848568E+06
           Vnuc =  2.6734614590E+06
           Ven = -8.1992983253E+08
           Vrep =  8.1752756894E+08
           DelSqV =  1.9789672322E+12
           DelSqVen =  2.5687525114E+13
           DelSqVrep = -2.3708557898E+13
           DelSqG =  2.5086885128E+10
           DelSqK = -2.0040541174E+12
           Stress_EigVals = -8.0075899554E+05 -8.0075499440E+05 -8.0074960633E+05
           Stress_EigVec1 = -1.3411551266E-01  1.2416703120E-01  9.8315592742E-01
           Stress_EigVec2 =  9.0765342082E-01 -3.8278747348E-01  1.7215986121E-01
           Stress_EigVec3 =  3.9771635235E-01  9.1545414878E-01 -6.1362892372E-02
           -DivStress =  1.7694609811E+06 -7.7038146191E+05  3.4721821876E+05
           ESP =  -2.2291571062E+01     ESP at Nucleus =  -2.2291571131E+01
           ESPe = -3.5558633062E+01     ESPe at Nucleus = -3.5558631243E+01
           ESPn =  1.3267062001E+01     ESPn at Nucleus =  1.3267060111E+01

CP# 3      Coords = -6.18025781104151E+00  2.15863725245242E-01 -6.14574901195906E-01
           Type = (3,-3) NACP O3
           Rho =  3.0696489602E+02     Rho at Nucleus =  3.0696488123E+02
           GradRho = -2.1650770066E-10  1.0624390256E-11 -1.2428880147E-10
           HessRho_EigVals = -3.2056419434E+06 -3.2056318446E+06 -3.2056066048E+06
           HessRho_EigVec1 = -1.1555664733E-01  1.1994988857E-01  9.8603178726E-01
           HessRho_EigVec2 =  9.3490265220E-01 -3.2222153772E-01  1.4876260127E-01
           HessRho_EigVec3 =  3.3556473618E-01  9.3903424052E-01 -7.4906628355E-02
           DelSqRho = -9.6168803928E+06
           Bond Ellipticity = NA
           V = -2.4043973287E+06
           G =  8.8615245952E+01
           K =  2.4043087134E+06
           L =  2.4042200982E+06
           Vnuc =  2.6335018095E+06
           Ven = -8.0839260911E+08
           Vrep =  8.0598821178E+08
           DelSqV =  1.9807229083E+12
           DelSqVen =  2.5326071988E+13
           DelSqVrep = -2.3345349080E+13
           DelSqG =  2.5109167178E+10
           DelSqK = -2.0058320754E+12
           Stress_EigVals = -8.0147156774E+05 -8.0146305044E+05 -8.0146271050E+05
           Stress_EigVec1 =  3.4397003851E-01  9.3607856204E-01 -7.3766783168E-02
           Stress_EigVec2 =  9.3661038670E-01 -3.3646292061E-01  9.7742961836E-02
           Stress_EigVec3 = -6.6675303856E-02  1.0271138565E-01  9.9247406773E-01
           -DivStress = -1.8357716726E+06  7.0489697237E+05 -3.2059703748E+05
           ESP =  -2.2355927218E+01     ESP at Nucleus =  -2.2355927289E+01
           ESPe = -3.4700989650E+01     ESPe at Nucleus = -3.4700982311E+01
           ESPn =  1.2345062432E+01     ESPn at Nucleus =  1.2345055022E+01

CP# 4      Coords = -2.52581041029051E+00  3.71495888104918E+00  5.06057752197252E-02
           Type = (3,-3) NACP N4
           Rho =  2.0186972149E+02     Rho at Nucleus =  2.0186971388E+02
           GradRho = -3.5088865147E-10 -2.8909508121E-10 -4.9411585934E-12
           HessRho_EigVals = -1.6288837426E+06 -1.6288805026E+06 -1.6288627861E+06
           HessRho_EigVec1 = -1.6988567967E-01  9.7161524754E-01 -1.6462887533E-01
           HessRho_EigVec2 =  9.8089680665E-01  1.8278668235E-01  6.6561876909E-02
           HessRho_EigVec3 = -9.4764500450E-02  1.5017602839E-01  9.8410713337E-01
           DelSqRho = -4.8866270312E+06
           Bond Ellipticity = NA
           V = -1.2217234112E+06
           G =  3.3326710733E+01
           K =  1.2216900845E+06
           L =  1.2216567578E+06
           Vnuc =  2.2895729611E+06
           Ven = -4.6219545600E+08
           Vrep =  4.6097373259E+08
           DelSqV =  7.8406292465E+11
           DelSqVen =  1.1188289176E+13
           DelSqVrep = -1.0404226251E+13
           DelSqG =  9.8580482629E+09
           DelSqK = -7.9392097291E+11
           Stress_EigVals = -4.0724350904E+05 -4.0724040149E+05 -4.0723950070E+05
           Stress_EigVec1 = -6.2811597644E-02  1.1265109432E-01  9.9164733356E-01
           Stress_EigVec2 =  9.7875633884E-01  2.0125779578E-01  3.9132196596E-02
           Stress_EigVec3 = -1.9516847177E-01  9.7303906940E-01 -1.2289929634E-01
           -DivStress = -1.4531831880E+05  2.1003413457E+05  7.5157539687E+05
           ESP =  -1.8394121940E+01     ESP at Nucleus =  -1.8394121993E+01
           ESPe = -3.1755993537E+01     ESPe at Nucleus = -3.1755991138E+01
           ESPn =  1.3361871597E+01     ESPn at Nucleus =  1.3361869146E+01

CP# 5      Coords =  1.52107426562141E-01  3.77574097822266E-01  1.84730321214462E+00
           Type = (3,-3) NACP C5
           Rho =  1.2445207147E+02     Rho at Nucleus =  1.2445207141E+02
           GradRho = -7.2725686584E-11 -1.0755130120E-09 -1.7653287721E-09
           HessRho_EigVals = -7.4010064083E+05 -7.4010001499E+05 -7.4009925830E+05
           HessRho_EigVec1 =  8.0209799069E-01 -3.8070717223E-01  4.6010961992E-01
           HessRho_EigVec2 = -2.0649238959E-01  5.4612704849E-01  8.1185352124E-01
           HessRho_EigVec3 =  5.6035676705E-01  7.4619521301E-01 -3.5943427453E-01
           DelSqRho = -2.2202999141E+06
           Bond Ellipticity = NA
           V = -5.5509535624E+05
           G =  1.0188855259E+01
           K =  5.5508516738E+05
           L =  5.5507497853E+05
           Vnuc =  1.4904386597E+07
           Ven = -1.8548817861E+09
           Vrep =  1.8543266907E+09
           DelSqV =  2.6318730582E+11
           DelSqVen =  3.3092211311E+13
           DelSqVrep = -3.2829024005E+13
           DelSqG =  3.3010839575E+09
           DelSqK = -2.6648838978E+11
           Stress_EigVals = -1.8503198324E+05 -1.8503176957E+05 -1.8503160343E+05
           Stress_EigVec1 =  5.6724308053E-01  7.3976903379E-01 -3.6190753549E-01
           Stress_EigVec2 = -2.0299561295E-01  5.5148389371E-01  8.0910956990E-01
           Stress_EigVec3 =  7.9814038158E-01 -3.8549616292E-01  4.6299529119E-01
           -DivStress =  1.1706964142E+03  1.7620741527E+04  3.0318497383E+04
           ESP =  -1.4751339858E+01     ESP at Nucleus =  -1.4751339858E+01
           ESPe = -3.0951966248E+01     ESPe at Nucleus = -3.0951965712E+01
           ESPn =  1.6200626390E+01     ESPn at Nucleus =  1.6200625854E+01

CP# 6      Coords = -1.72995863891160E+00  1.10321673007538E+00 -2.37134468028250E-01
           Type = (3,-3) NACP C6
           Rho =  1.2441538897E+02     Rho at Nucleus =  1.2441538866E+02
           GradRho = -5.4300577923E-11 -6.6343708305E-11  3.6329828035E-12
           HessRho_EigVals = -7.3989046717E+05 -7.3988913011E+05 -7.3988830558E+05
           HessRho_EigVec1 =  8.1849955993E-03  9.9597408771E-01  8.9267140995E-02
           HessRho_EigVec2 =  9.3201160030E-01 -3.9945174746E-02  3.6022043241E-01
           HessRho_EigVec3 = -3.6233600809E-01 -8.0249608279E-02  9.2858635442E-01
           DelSqRho = -2.2196679029E+06
           Bond Ellipticity = NA
           V = -5.5493692764E+05
           G =  9.9759628901E+00
           K =  5.5492695168E+05
           L =  5.5491697571E+05
           Vnuc =  6.6202236277E+06
           Ven = -8.2365769770E+08
           Vrep =  8.2310276077E+08
           DelSqV =  2.6311244993E+11
           DelSqVen =  1.4694697140E+13
           DelSqVrep = -1.4431584690E+13
           DelSqG =  3.3001752493E+09
           DelSqK = -2.6641262518E+11
           Stress_EigVals = -1.8497923392E+05 -1.8497901187E+05 -1.8497868185E+05
           Stress_EigVec1 = -3.0664768894E-01 -7.2326878827E-02  9.4907113404E-01
           Stress_EigVec2 =  9.5173583805E-01 -3.6800058602E-02  3.0470420126E-01
           Stress_EigVec3 =  1.2887569507E-02  9.9670185025E-01  8.0120735557E-02
           -DivStress =  5.9150528941E+04 -4.6186493665E+04 -2.4567949989E+04
           ESP =  -1.4709404641E+01     ESP at Nucleus =  -1.4709404644E+01
           ESPe = -3.1817272909E+01     ESPe at Nucleus = -3.1817272913E+01
           ESPn =  1.7107868268E+01     ESPn at Nucleus =  1.7107868269E+01

CP# 7      Coords =  1.99357085839748E+00 -1.71788607545782E+00  1.12777062807680E+00
           Type = (3,-3) NACP C7
           Rho =  1.2445862109E+02     Rho at Nucleus =  1.2445862072E+02
           GradRho = -5.2101545300E-11 -5.1775250753E-12 -3.5635994156E-11
           HessRho_EigVals = -7.4014561103E+05 -7.4014350829E+05 -7.4014270105E+05
           HessRho_EigVec1 = -6.5565205655E-01 -1.5986280185E-01  7.3794597724E-01
           HessRho_EigVec2 =  4.3833002797E-01 -8.7637167363E-01  1.9959828717E-01
           HessRho_EigVec3 =  6.1480660969E-01  4.5433090831E-01  6.4466755652E-01
           DelSqRho = -2.2204318204E+06
           Bond Ellipticity = NA
           V = -5.5512802517E+05
           G =  1.0035037470E+01
           K =  5.5511799013E+05
           L =  5.5510795509E+05
           Vnuc =  5.9583736243E+06
           Ven = -7.4157096522E+08
           Vrep =  7.4101583720E+08
           DelSqV =  2.6320286973E+11
           DelSqVen =  1.3230162280E+13
           DelSqVrep = -1.2966959411E+13
           DelSqG =  3.3013007846E+09
           DelSqK = -2.6650417052E+11
           Stress_EigVals = -1.8504303958E+05 -1.8504281921E+05 -1.8504216638E+05
           Stress_EigVec1 =  6.1315539622E-01  4.3872417778E-01  6.5693344862E-01
           Stress_EigVec2 =  4.4559378038E-01 -8.7875837080E-01  1.7096756601E-01
           Stress_EigVec3 = -6.5229337186E-01 -1.8789577315E-01  7.3430820195E-01
           -DivStress = -4.7793555508E+04 -4.5719262100E+04  5.7689001773E+04
           ESP =  -1.4731523976E+01     ESP at Nucleus =  -1.4731523980E+01
           ESPe = -3.0658300844E+01     ESPe at Nucleus = -3.0658299757E+01
           ESPn =  1.5926776869E+01     ESPn at Nucleus =  1.5926775777E+01

CP# 8      Coords = -4.07560190476578E+00 -5.32842071444394E-01 -2.42442076972756E-01
           Type = (3,-3) NACP C8
           Rho =  1.2470222264E+02     Rho at Nucleus =  1.2470222138E+02
           GradRho = -1.8319679107E-10 -7.2387651429E-12 -1.4022116801E-12
           HessRho_EigVals = -7.4155735665E+05 -7.4155456978E+05 -7.4155162869E+05
           HessRho_EigVec1 = -1.3615623804E-01  1.1193183122E-01  9.8434381392E-01
           HessRho_EigVec2 = -1.7765973102E-01  9.7473091351E-01 -1.3541294702E-01
           HessRho_EigVec3 =  9.7462736408E-01  1.9331557466E-01  1.1282991526E-01
           DelSqRho = -2.2246635551E+06
           Bond Ellipticity = NA
           V = -5.5618489715E+05
           G =  9.5041858375E+00
           K =  5.5617539297E+05
           L =  5.5616588878E+05
           Vnuc =  3.2662144630E+06
           Ven = -4.0730420315E+08
           Vrep =  4.0674801825E+08
           DelSqV =  2.6370313052E+11
           DelSqVen =  7.2662282568E+12
           DelSqVrep = -7.0025251263E+12
           DelSqG =  3.3074159619E+09
           DelSqK = -2.6701054648E+11
           Stress_EigVals = -1.8539599953E+05 -1.8539492287E+05 -1.8539397475E+05
           Stress_EigVec1 =  9.8901940111E-01  8.0075174444E-02  1.2421187808E-01
           Stress_EigVec2 = -6.3684425076E-02  9.8936983677E-01 -1.3073492303E-01
           Stress_EigVec3 = -1.3336010731E-01  1.2138901323E-01  9.8360550489E-01
           -DivStress = -1.0948043465E+04  1.5905242693E+05 -1.7730863527E+04
           ESP =  -1.4626185015E+01     ESP at Nucleus =  -1.4626185026E+01
           ESPe = -3.1472905941E+01     ESPe at Nucleus = -3.1472906069E+01
           ESPn =  1.6846720927E+01     ESPn at Nucleus =  1.6846721042E+01

CP# 9      Coords =  6.22520711163997E+00  1.25917214982526E+00  3.86356332465932E-01
           Type = (3,-3) NACP C9
           Rho =  1.2444817826E+02     Rho at Nucleus =  1.2444817791E+02
           GradRho =  2.1462209787E-10  1.4270473692E-11  1.5409673537E-11
           HessRho_EigVals = -7.4007068605E+05 -7.4006827005E+05 -7.4006825542E+05
           HessRho_EigVec1 =  6.0870217804E-01  5.9928607835E-01  5.1994024152E-01
           HessRho_EigVec2 = -7.8799414528E-01  5.3300673339E-01  3.0817048717E-01
           HessRho_EigVec3 = -9.2449366972E-02 -5.9729391296E-01  7.9667628061E-01
           DelSqRho = -2.2202072115E+06
           Bond Ellipticity = NA
           V = -5.5507216879E+05
           G =  1.0182955481E+01
           K =  5.5506198584E+05
           L =  5.5505180288E+05
           Vnuc =  6.1578431873E+06
           Ven = -7.6633236666E+08
           Vrep =  7.6577729449E+08
           DelSqV =  2.6317623531E+11
           DelSqVen =  1.3671687963E+13
           DelSqVrep = -1.3408511711E+13
           DelSqG =  3.3009111851E+09
           DelSqK = -2.6647714650E+11
           Stress_EigVals = -1.8502430804E+05 -1.8502430024E+05 -1.8502356052E+05
           Stress_EigVec1 =  3.3598093593E-01 -7.8737292978E-01  5.1687588466E-01
           Stress_EigVec2 = -7.1476938223E-01  1.4423006702E-01  6.8432625113E-01
           Stress_EigVec3 =  6.1336900877E-01  5.9936763110E-01  5.1433150970E-01
           -DivStress =  5.0402113112E+04  5.0559773572E+04  4.5971609826E+04
           ESP =  -1.4736489345E+01     ESP at Nucleus =  -1.4736489349E+01
           ESPe = -2.7541681022E+01     ESPe at Nucleus = -2.7541679381E+01
           ESPn =  1.2805191676E+01     ESPn at Nucleus =  1.2805190032E+01

CP# 10     Coords =  1.19492054352596E+00  2.07705576927376E+00  2.32324781515891E+00
           Type = (3,-3) NACP H10
           Rho =  4.6093787184E-01     Rho at Nucleus =  4.5931452474E-01
           GradRho = -2.3014290126E-12 -3.8606607196E-12 -1.1439941876E-12
           HessRho_EigVals = -2.2768251588E+01 -2.2765378921E+01 -2.1452503210E+01
           HessRho_EigVec1 = -8.5164854293E-01  5.2257310885E-01 -4.0151030205E-02
           HessRho_EigVec2 = -1.6140967273E-01 -1.8862482331E-01  9.6869375634E-01
           HessRho_EigVec3 =  4.9863982680E-01  8.3146739079E-01  2.4499041041E-01
           DelSqRho = -6.6986133719E+01
           Bond Ellipticity = NA
           V = -1.6765151785E+01
           G =  9.3091778353E-03
           K =  1.6755842608E+01
           L =  1.6746533430E+01
           Vnuc =  9.8801908512E+01
           Ven = -4.5541541443E+01
           Vrep =  2.8776389658E+01
           DelSqV =  2.2767335456E+04
           DelSqVen =  6.6183578553E+03
           DelSqVrep =  1.6148977600E+04
           DelSqG =  8.1310762398E+02
           DelSqK = -2.3580443080E+04
           Stress_EigVals = -5.6990454186E+00 -5.6986489356E+00 -5.3674574311E+00
           Stress_EigVec1 = -7.6467407608E-01  2.8847888391E-01  5.7624082718E-01
           Stress_EigVec2 =  4.0863136104E-01 -4.7437333864E-01  7.7973735729E-01
           Stress_EigVec3 =  4.9829104763E-01  8.3171501677E-01  2.4485947548E-01
           -DivStress =  4.5687613252E+01  7.6845534899E+01  2.2792278497E+01
           ESP =  -1.1118855517E+00     ESP at Nucleus =  -1.1120480159E+00
           ESPe = -1.7390792835E+01     ESPe at Nucleus = -1.7358992187E+01
           ESPn =  1.6278907284E+01     ESPn at Nucleus =  1.6246944171E+01

CP# 11     Coords = -8.75737577334503E-01 -1.52798558609303E-01  3.54322391155612E+00
           Type = (3,-3) NACP H11
           Rho =  4.5855918792E-01     Rho at Nucleus =  4.5693821377E-01
           GradRho =  2.3622197948E-12  1.1737832928E-12 -3.9530078429E-12
           HessRho_EigVals = -2.2645932555E+01 -2.2644539017E+01 -2.1335957551E+01
           HessRho_EigVec1 = -6.6488903127E-01  7.2450989856E-01 -1.8168099235E-01
           HessRho_EigVec2 =  5.5726417136E-01  6.4311371268E-01  5.2522509067E-01
           HessRho_EigVec3 = -4.9737231468E-01 -2.4797209408E-01  8.3134266169E-01
           DelSqRho = -6.6626429123E+01
           Bond Ellipticity = NA
           V = -1.6674920398E+01
           G =  9.1565588722E-03
           K =  1.6665763840E+01
           L =  1.6656607281E+01
           Vnuc =  9.8185312626E+01
           Ven = -4.5023777223E+01
           Vrep =  2.8348856825E+01
           DelSqV =  2.2642443582E+04
           DelSqVen =  6.5417367726E+03
           DelSqVrep =  1.6100706810E+04
           DelSqG =  8.0856005073E+02
           DelSqK = -2.3451003633E+04
           Stress_EigVals = -5.6685554074E+00 -5.6681971498E+00 -5.3381678413E+00
           Stress_EigVec1 =  3.3975372805E-01  8.2589688789E-01  4.4995748116E-01
           Stress_EigVec2 =  7.9817561569E-01 -5.0625049454E-01  3.2653655737E-01
           Stress_EigVec3 = -4.9747672387E-01 -2.4820307684E-01  8.3121124983E-01
           -DivStress = -4.5750868316E+01 -2.2715001439E+01  7.6447351840E+01
           ESP =  -1.1109582082E+00     ESP at Nucleus =  -1.1111213759E+00
           ESPe = -1.6932728506E+01     ESPe at Nucleus = -1.6898906015E+01
           ESPn =  1.5821770298E+01     ESPn at Nucleus =  1.5787784639E+01

CP# 12     Coords = -8.24983841621980E-01  7.24779406711532E-01 -2.05877527521927E+00
           Type = (3,-3) NACP H12
           Rho =  4.5519304719E-01     Rho at Nucleus =  4.5358070652E-01
           GradRho = -3.5524927357E-10  1.3641858910E-10  6.9282316169E-10
           HessRho_EigVals = -2.2493672859E+01 -2.2486262991E+01 -2.1187657451E+01
           HessRho_EigVec1 =  4.1538204217E-01 -8.2716060581E-01  3.7850111128E-01
           HessRho_EigVec2 =  7.9253862738E-01  5.3331777258E-01  2.9572737034E-01
           HessRho_EigVec3 = -4.4647540039E-01  1.7713691218E-01  8.7708735665E-01
           DelSqRho = -6.6167593301E+01
           Bond Ellipticity = NA
           V = -1.6560641047E+01
           G =  9.3713609129E-03
           K =  1.6551269686E+01
           L =  1.6541898325E+01
           Vnuc =  9.9645663683E+01
           Ven = -4.5358013291E+01
           Vrep =  2.8797372244E+01
           DelSqV =  2.2484927123E+04
           DelSqVen =  6.5933137594E+03
           DelSqVrep =  1.5891613363E+04
           DelSqG =  8.0336866991E+02
           DelSqK = -2.3288295793E+04
           Stress_EigVals = -5.6298113626E+00 -5.6284435079E+00 -5.3023861765E+00
           Stress_EigVec1 =  6.9658259888E-01 -5.4715169796E-01  4.6410958012E-01
           Stress_EigVec2 =  5.6220808016E-01  8.1813910940E-01  1.2070821134E-01
           Stress_EigVec3 = -4.4575190133E-01  1.7684291645E-01  8.7751457273E-01
           -DivStress =  4.1093223112E+01 -1.5739224026E+01 -8.0082237281E+01
           ESP =  -1.1003934060E+00     ESP at Nucleus =  -1.1005574461E+00
           ESPe = -1.8447555433E+01     ESPe at Nucleus = -1.8416738201E+01
           ESPn =  1.7347162027E+01     ESPn at Nucleus =  1.7316180755E+01

CP# 13     Coords =  9.93413756455522E-01 -3.35896470041388E+00  4.28028227836997E-01
           Type = (3,-3) NACP H13
           Rho =  4.5625841856E-01     Rho at Nucleus =  4.5452630801E-01
           GradRho =  4.0308854345E-12  6.5895015139E-12  2.6948545392E-12
           HessRho_EigVals = -2.2516330988E+01 -2.2512457923E+01 -2.1134496886E+01
           HessRho_EigVec1 =  8.7108377043E-01 -4.5016910990E-01 -1.9636913551E-01
           HessRho_EigVec2 =  9.4954152429E-03 -3.8431641166E-01  9.2315260538E-01
           HessRho_EigVec3 =  4.9104266818E-01  8.0600785866E-01  3.3049724628E-01
           DelSqRho = -6.6163285797E+01
           Bond Ellipticity = NA
           V = -1.6559330281E+01
           G =  9.2544157278E-03
           K =  1.6550075865E+01
           L =  1.6540821449E+01
           Vnuc =  9.5703727207E+01
           Ven = -4.3665631225E+01
           Vrep =  2.7106300945E+01
           DelSqV =  2.2434513765E+04
           DelSqVen =  6.3320730551E+03
           DelSqVrep =  1.6102440710E+04
           DelSqG =  8.0146772626E+02
           DelSqK = -2.3235981492E+04
           Stress_EigVals = -5.6362675523E+00 -5.6353082522E+00 -5.2877544761E+00
           Stress_EigVec1 =  8.5036431059E-01 -5.2582089989E-01  1.9822222682E-02
           Stress_EigVec2 = -1.8995884553E-01 -2.7163740088E-01  9.4346635311E-01
           Stress_EigVec3 =  4.9070986976E-01  8.0605552146E-01  3.3087508223E-01
           -DivStress = -4.6693967741E+01 -7.6246991891E+01 -3.1191010976E+01
           ESP =  -1.1027639328E+00     ESP at Nucleus =  -1.1029396881E+00
           ESPe = -1.7412320596E+01     ESPe at Nucleus = -1.7381359197E+01
           ESPn =  1.6309556663E+01     ESPn at Nucleus =  1.6278419509E+01

CP# 14     Coords =  3.07595607187949E+00 -2.31022825883075E+00  2.76427733279728E+00
           Type = (3,-3) NACP H14
           Rho =  4.5839568997E-01     Rho at Nucleus =  4.5674815785E-01
           GradRho = -2.8431033569E-12  1.6252949507E-12 -4.2908940290E-12
           HessRho_EigVals = -2.2638682522E+01 -2.2634795608E+01 -2.1306965175E+01
           HessRho_EigVec1 =  6.2563869001E-01 -4.9831058752E-01 -6.0021895000E-01
           HessRho_EigVec2 =  5.7718580337E-01  8.1329149232E-01 -7.3576469808E-02
           HessRho_EigVec3 =  5.2481689946E-01 -3.0040557066E-01  7.9644442063E-01
           DelSqRho = -6.6580443304E+01
           Bond Ellipticity = NA
           V = -1.6663730911E+01
           G =  9.3100423302E-03
           K =  1.6654420868E+01
           L =  1.6645110826E+01
           Vnuc =  9.6826711084E+01
           Ven = -4.4384947035E+01
           Vrep =  2.7721216124E+01
           DelSqV =  2.2615497724E+04
           DelSqVen =  6.4467653478E+03
           DelSqVrep =  1.6168732377E+04
           DelSqG =  8.0776318575E+02
           DelSqK = -2.3423260910E+04
           Stress_EigVals = -5.6666077795E+00 -5.6661740218E+00 -5.3309491095E+00
           Stress_EigVec1 =  5.4911432948E-01 -5.9502867743E-01 -5.8686823580E-01
           Stress_EigVec2 =  6.4978453711E-01  7.4557839132E-01 -1.4796255516E-01
           Stress_EigVec3 =  5.2559823867E-01 -3.0008954568E-01  7.9604821216E-01
           -DivStress =  4.8804708297E+01 -2.7943456831E+01  7.3641821590E+01
           ESP =  -1.1028057055E+00     ESP at Nucleus =  -1.1029748305E+00
           ESPe = -1.6266060750E+01     ESPe at Nucleus = -1.6230472018E+01
           ESPn =  1.5163255044E+01     ESPn at Nucleus =  1.5127497188E+01

CP# 15     Coords = -4.17312221871922E+00  4.00401987813083E+00 -8.46950277283231E-01
           Type = (3,-3) NACP H15
           Rho =  4.4895324458E-01     Rho at Nucleus =  4.4611329991E-01
           GradRho =  2.8797398494E-12 -5.1910212240E-13  1.4344395897E-12
           HessRho_EigVals = -2.1853390856E+01 -2.1833271175E+01 -1.9645619590E+01
           HessRho_EigVec1 =  2.3794571426E-01  9.6264611200E-01 -1.2920642440E-01
           HessRho_EigVec2 = -4.0927975671E-01  2.2001511610E-01  8.8548485556E-01
           HessRho_EigVec3 =  8.8083591991E-01 -1.5781575248E-01  4.4634322047E-01
           DelSqRho = -6.3332281621E+01
           Bond Ellipticity = NA
           V = -1.5873987898E+01
           G =  2.0458746239E-02
           K =  1.5853529152E+01
           L =  1.5833070405E+01
           Vnuc =  7.5365768473E+01
           Ven = -3.3835706286E+01
           Vrep =  1.7961718388E+01
           DelSqV =  2.0991589403E+04
           DelSqVen =  4.7730860735E+03
           DelSqVrep =  1.6218503329E+04
           DelSqG =  7.4837375872E+02
           DelSqK = -2.1739963162E+04
           Stress_EigVals = -5.4803865513E+00 -5.4746546314E+00 -4.9189467151E+00
           Stress_EigVec1 = -4.0766920534E-01  2.1372997922E-01  8.8776422264E-01
           Stress_EigVec2 =  2.3605145063E-01  9.6384163472E-01 -1.2364875996E-01
           Stress_EigVec3 =  8.8209156649E-01 -1.5915024086E-01  4.4337982493E-01
           -DivStress = -1.0496750265E+02  1.8596552870E+01 -5.2041610116E+01
           ESP =  -1.0631225456E+00     ESP at Nucleus =  -1.0633994274E+00
           ESPe = -1.5901137006E+01     ESPe at Nucleus = -1.5854854602E+01
           ESPn =  1.4838014460E+01     ESPn at Nucleus =  1.4791455175E+01

CP# 16     Coords = -1.22299873291214E+00  4.88677001741241E+00 -6.72630153849381E-01
           Type = (3,-3) NACP H16
           Rho =  4.5651311147E-01     Rho at Nucleus =  4.5377387522E-01
           GradRho =  1.6063539388E-15 -4.8509373601E-15 -9.6450625264E-16
           HessRho_EigVals = -2.2248166438E+01 -2.2230772322E+01 -2.0099950619E+01
           HessRho_EigVec1 = -7.1113994720E-01  6.9068389856E-01 -1.3128491066E-01
           HessRho_EigVec2 =  1.6615534093E-01  3.4655706794E-01  9.2319586293E-01
           HessRho_EigVec3 =  6.8313423145E-01  6.3470776814E-01 -3.6121139364E-01
           DelSqRho = -6.4578889380E+01
           Bond Ellipticity = NA
