AIMSum (Version 17.01.25, Professional)
Copyright (c) 1997-2017 by Todd A. Keith
AIMSum is a component of the AIMAll package ( http://aim.tkgristmill.com )

TP:  64-bit Linux

Licensed To:  Research Group of Fernando Cortes Guzman, UNAM, fercor@unam.mx

Much of the Quantum Theory of Atoms in Molecules (QTAIM) is described in the book:
  "Atoms in Molecules - A Quantum Theory"
  R.F.W. Bader, Oxford University Press, Oxford, 1990

For additional references see:  http://aim.tkgristmill.com/references.html

Wfn File:  /home/alejandro/wd/aimqb_inps/phenylalanine_b2plyp_def2QZVP.wfn
Sum File:  /home/alejandro/wd/aimqb_inps/phenylalanine_b2plyp_def2QZVP.sum

SumViz File:  /home/alejandro/wd/aimqb_inps/phenylalanine_b2plyp_def2QZVP.sumviz

Wfn Title:   opt phenylalanine M062X def2TZVP                                              
 
Total memory allocated for AIMSum =       21.623 Megabytes

Atomic units (a.u.) used throughout, except where stated otherwise

Model:  Unknown
 
Restricted, natural orbital wavefunction.
  Number of electrons (from MO Occs)                   =          87.9999994000
  Number of Alpha electrons (from MO Occs)             =          43.9999997000
  Number of Beta electrons (from MO Occs)              =          43.9999997000
  Number of electron pairs (N*(N-1)/2)                 =        3827.9999475000
  Number of electron pairs (from Muller 2EDM)          =        3827.9999393427
  Number of electron pairs (from Muller 2EDM, no SOSI) =        3828.5489760264
 
Nuclear Charges and Cartesian Coordinates:
-------------------------------------------------------------------------------
Atom      Charge                X                  Y                  Z
-------------------------------------------------------------------------------
O1         8.0          -2.0814684200E+00  -2.4464008300E+00  -2.6970048500E+00
O2         8.0          -4.1844355900E+00  -2.8591688900E+00   9.3944543000E-01
N3         7.0          -5.8065401000E+00   2.1265636400E+00   3.9663370000E-02
C4         6.0          -1.2691363900E+00   2.1136365200E+00   1.4785139000E+00
C5         6.0          -3.2438828500E+00   1.3219107200E+00  -5.2270423000E-01
C6         6.0           1.3478352300E+00   1.1678598700E+00   8.9881682000E-01
C7         6.0           2.2269212900E+00  -1.0744283000E+00   1.9583677300E+00
C8         6.0           2.8938686000E+00   2.4557440900E+00  -7.9655667000E-01
C9         6.0          -3.2624828800E+00  -1.5378508700E+00  -6.5796494000E-01
C10        6.0           4.5987250700E+00  -2.0077193600E+00   1.3396529800E+00
C11        6.0           5.2649171900E+00   1.5294060000E+00  -1.4197356100E+00
C12        6.0           6.1236716600E+00  -7.0818098000E-01  -3.5226064000E-01
H13        1.0          -1.9091495800E+00   1.3899141700E+00   3.3027894500E+00
H14        1.0          -1.2835427000E+00   4.1761198700E+00   1.5743224600E+00
H15        1.0          -2.6775924300E+00   2.0543680300E+00  -2.3645274900E+00
H16        1.0           1.0335554100E+00  -2.0953115600E+00   3.2748877400E+00
H17        1.0           2.2323741900E+00   4.2071354200E+00  -1.6303369300E+00
H18        1.0          -5.8495847000E+00   3.9954458800E+00   4.4919575000E-01
H19        1.0          -6.4531859800E+00   1.1644518900E+00   1.5675647600E+00
H20        1.0           5.2589289100E+00  -3.7488886900E+00   2.1863599600E+00
H21        1.0           6.4465451900E+00   2.5567784400E+00  -2.7358204000E+00
H22        1.0           7.9755701500E+00  -1.4308267300E+00  -8.3208744000E-01
H23        1.0          -2.0835272100E+00  -4.2728405700E+00  -2.5662921400E+00
 
Some Atomic Properties:
----------------------
  q(A) = Net Charge of Atom A
  L(A) = Lagrangian of Atom A = -(1/4) Times Atomic Integral of the Laplacian of the Electron Density
  K(A) = Electronic Kinetic Energy of Atom A (Hamiltonian Form)
  K_Scaled(A) = K(A) * E(Mol)/K(Mol) = Approximation to Virial-Based Total Energy of Atom A.
  |Mu_Intra(A)| = Magnitude of Intraatomic Dipole Moment of Atom A
--------------------------------------------------------------------------------------------------
Atom A          q(A)              L(A)              K(A)          K_Scaled(A)      |Mu_Intra(A)|
--------------------------------------------------------------------------------------------------
O1       -1.1808230501E+00 -1.3530752196E-04  7.5741343282E+01 -7.5933889138E+01  3.1271906113E-01
O2       -1.2274322503E+00  4.9180888456E-05  7.5812988369E+01 -7.6005716357E+01  5.1210287827E-01
N3       -1.0397190192E+00 -7.5806103638E-05  5.4994808343E+01 -5.5134613395E+01  2.5003122826E-01
C4        8.0806886300E-02 -5.2038290866E-04  3.7892723071E+01 -3.7989052057E+01  2.3305335506E-02
C5        4.2359814420E-01  6.2934333402E-05  3.7713546573E+01 -3.7809420066E+01  4.0003381924E-01
C6       -1.8900465200E-02  6.4161176322E-04  3.7999899522E+01 -3.8096500967E+01  5.7779662997E-02
C7       -1.0323352600E-02 -9.1535860581E-05  3.7968960743E+01 -3.8065483537E+01  9.2645850884E-02
C8       -8.7196748000E-03 -5.4327678944E-04  3.7965979278E+01 -3.8062494492E+01  8.0168375745E-02
C9        1.6541513741E+00 -5.6332543710E-04  3.6913373977E+01 -3.7007213311E+01  8.3860292543E-01
C10      -1.7675876000E-03 -9.5520469402E-05  3.7956690889E+01 -3.8053182491E+01  8.9961055250E-02
C11       7.2009560000E-04 -3.0576112336E-06  3.7955810792E+01 -3.8052300156E+01  9.0494283370E-02
C12      -2.2674441000E-03 -2.7568053356E-04  3.7955886045E+01 -3.8052375600E+01  9.4824710319E-02
H13      -1.0053008200E-02  3.3934670824E-05  6.3705961845E-01 -6.3867911956E-01  1.3824611431E-01
H14      -2.4326620200E-02  3.2191718349E-05  6.4206815191E-01 -6.4370038546E-01  1.4058989217E-01
H15       6.1333695000E-03  4.8074145173E-05  6.3964623837E-01 -6.4127231505E-01  1.3123725431E-01
H16       9.6344106000E-03  2.1984435898E-05  6.2445216741E-01 -6.2603961849E-01  1.2981659060E-01
H17      -5.7359419000E-03  2.6435597343E-05  6.2973442969E-01 -6.3133530907E-01  1.3592861574E-01
H18       3.5204139477E-01  3.4498574259E-05  4.8768622166E-01 -4.8892599319E-01  1.9746939065E-01
H19       3.7482255389E-01  3.4008215741E-05  4.7615286399E-01 -4.7736331599E-01  1.8929804208E-01
H20       3.8686333300E-03  2.3234909405E-05  6.2675822121E-01 -6.2835153462E-01  1.3386207268E-01
H21       3.8103917800E-03  2.5206193948E-05  6.2685379015E-01 -6.2844734651E-01  1.3382141730E-01
H22       3.4616047300E-03  2.3821797043E-05  6.2684374653E-01 -6.2843727736E-01  1.3394031623E-01
H23       6.1592278582E-01  2.9061245138E-05  3.4268454353E-01 -3.4355569904E-01  1.5834020866E-01
--------------------------------------------------------------------------------------------------
Total    -1.0967695800E-03 -1.2177147474E-03  5.5323195088E+02 -5.5463834948E+02
 
Molecular charge q(Mol) from the wfn file:   6.0000003631E-07
Molecular energy E(Mol) from the wfn file:  -5.5463861020E+02
Molecular virial ratio (-V(Mol)/T(Mol)) from the wfn file:   2.0025421500E+00
Note.  K_Scaled(A) = (1+V(Mol)/T(Mol))*K(A) = (E(Mol)/T(Mol))*K(A)
       Only use K_Scaled(A) data with caution.
 
N_AIMInt(SumA)     =         88.001097
N_Analytic(Mol)    =         87.999988
 
G_AIMInt(SumA)     =        553.233169
G_Analytic(Mol)    =        553.232186
 
K_AIMInt(SumA)     =        553.231951
K_Analytic(Mol)    =        553.232186
 
L_AIMInt(SumA)     =         -0.001218
L_Analytic(Mol)    =          0.000000
 
VenT_AIMInt(SumA)  =      -2678.192481
VenT_Analytic(Mol) =      -2678.176151
 
Some Information About the Atomic Calculations:
----------------------------------------------
  Time(sec) = "Elapsed User Time", in Seconds, for Atom A by AIMInt and, if used, by TWOe
  NProc = Number of Processors Used for AIMInt Job
  BIM = Basin Integration Method
  OAQ = Angular Quadrature Outside of Beta Sphere
  ORQ = Multiple of Default for Radial Quadrature Outside of Beta Sphere
  IAQ = Multiple of Default for Angular Quadrature Inside of Beta Sphere
  IRQ = Multiple of Default for Radial Quadrature Inside of Beta Sphere
  MIR = Maximum Integration Radius
------------------------------------------------------------------------------------------------------
Atom A     Time(sec)   NProc      BIM              OAQ                 ORQ      IAQ      IRQ      MIR
------------------------------------------------------------------------------------------------------
O1            241       16     Proaim(5)    4334      (Very High)      1.00     1.00     1.00    13.00
O2            225       16     Proaim(5)    3074      (Very High)      1.00     1.00     1.00    13.00
N3            277       16     Proaim(5)    4334      (Very High)      1.00     1.00     1.00    13.00
C4            470       16     Proaim(5)    4334      (Very High)      1.00     1.00     1.00    13.00
C5            485       16     Proaim(5)    4334      (Very High)      1.00     1.00     1.00    13.00
C6            414       16     Proaim(5)    4334      (Very High)      1.00     1.00     1.00    13.00
C7            319       16     Proaim(5)    4334      (Very High)      1.00     1.00     1.00    13.00
C8            237       16     Proaim(5)    4334      (Very High)      1.00     1.00     1.00    13.00
C9            374       16     Proaim(5)    4334      (Very High)      1.00     1.00     1.00    13.00
C10           237       16     Proaim(5)    4334      (Very High)      1.00     1.00     1.00    13.00
C11           197       16     Proaim(5)    4334      (Very High)      1.00     1.00     1.00    13.00
C12           201       16     Proaim(5)    4334      (Very High)      1.00     1.00     1.00    13.00
H13           104       16     Proaim(5)    2030      (Very High)      1.00     1.00     1.00    13.00
H14           131       16     Proaim(5)    2030      (Very High)      1.00     1.00     1.00    13.00
H15           135       16     Proaim(5)    2030      (Very High)      1.00     1.00     1.00    13.00
H16           137       16     Proaim(5)    2030      (Very High)      1.00     1.00     1.00    13.00
H17           133       16     Proaim(5)    2030      (Very High)      1.00     1.00     1.00    13.00
H18            72       16     Proaim(5)    2030      (Very High)      1.00     1.00     1.00    13.00
H19            76       16     Proaim(5)    2030      (Very High)      1.00     1.00     1.00    13.00
H20            90       16     Proaim(5)    2030      (Very High)      1.00     1.00     1.00    13.00
H21           116       16     Proaim(5)    2030      (Very High)      1.00     1.00     1.00    13.00
H22           123       16     Proaim(5)    2030      (Very High)      1.00     1.00     1.00    13.00
H23            91       16     Proaim(5)    2030      (Very High)      1.00     1.00     1.00    13.00
------------------------------------------------------------------------------------------------------
Total        4885
Note:  Total wall clock time is less than total of atomic times if more than one atom
       was calculated at a time
 
Electron Density Critical Point Analysis of Molecular Structure:               
---------------------------------------------------------------                
  NACP = Nuclear Attractor Critical Point                                      
  NNACP = Non-Nuclear Attractor Critical Point                                 
  BCP = Bond Critical Point                                                    
  RCP = Ring Critical Point                                                    
  CCP = Cage Critical Point                                                    
  Rho = Electron Density                                                       
  GradRho = Gradient of Electron Density                                       
  HessRho_EigVals = Eigenvalues of the Hessian of Rho, Ascending Order         
  HessRho_EigVecs = Eigenvectors of the Hessian of Rho                         
  DelSqRho = Laplacian of Rho = Trace of Hessian of Rho                        
  Bond Ellipticity = (HessRho_EigVal(1) / HessRho_EigVal(2)) - 1               
  V = Virial Field = Potential Energy Density = Trace of Stress Tensor         
  G = Lagrangian Form of Kinetic Energy Density                                
  K = Hamiltonian Form of Kinetic Energy Density                               
  L = K - G = Lagrangian Density = (-1/4)DelSqRho                              
  Vnuc = Electrostatic Potential from Nuclei                                   
  Ven = Electron-nuclear attractive contribution to Virial Field V             
  Vrep = V - Ven = Repulsive contribution to Virial Field V                    
  DelSqV = Laplacian of V                                                      
  DelSqVen = Laplacian of Ven                                                  
  DelSqVrep = Laplacian of Vrep                                                
  DelSqG = Laplacian of G                                                      
  DelSqK = Laplacian of K                                                      
  Stress_EigVals = Eigenvalues of Stress Tensor, Ascending Order               
  Stress_EigVecs = Eigenvectors of Stress Tensor                               
  -DivStress = Ehrenfest Force Density = Minus Divergence of Stress Tensor     
  ESP = Total Electrostatic Potential                                          
  ESPe = Electrostatic Potential from Electrons                                
  ESPn = Electrostatic Potential from Nuclei                                   
  BP = Bond Path                                                               
  BPL = Bond Path Length                                                       
  GBL = Geometric Bond Length                                                  
  GBL_I = Distance Between Nuclear Attractors                                  
  GBL_II = Distance Between Nuclei                                             
  GBL_III = Sum of Distances Between BCP and Nuclear Attractors                
  GBL_IV = Sum of Distances Between BCP and Nuclei                             

CP# 1      Coords = -2.08146959570228E+00 -2.44640249009931E+00 -2.69700267944455E+00
           Type = (3,-3) NACP O1
           Rho =  3.0704275122E+02     Rho at Nucleus =  3.0704273703E+02
           GradRho = -4.8467010411E-10  3.3319676246E-10 -4.4662655400E-10
           HessRho_EigVals = -3.2086124101E+06 -3.2085798009E+06 -3.2085746114E+06
           HessRho_EigVec1 = -2.9247479465E-01  8.3634102517E-01  4.6367249661E-01
           HessRho_EigVec2 = -3.5576055352E-01 -5.4523335882E-01  7.5904875534E-01
           HessRho_EigVec3 =  8.8763332692E-01  5.7046244805E-02  4.5700416070E-01
           DelSqRho = -9.6257668223E+06
           Bond Ellipticity = NA
           V = -2.4066239970E+06
           G =  9.1145714756E+01
           K =  2.4065328513E+06
           L =  2.4064417056E+06
           Vnuc =  2.6892584615E+06
           Ven = -8.2571731677E+08
           Vrep =  8.2331069277E+08
           DelSqV =  1.9825830736E+12
           DelSqVen =  2.5886174831E+13
           DelSqVrep = -2.3903591757E+13
           DelSqG =  2.5149253156E+10
           DelSqK = -2.0077323268E+12
           Stress_EigVals = -8.0221221353E+05 -8.0220860649E+05 -8.0220317699E+05
           Stress_EigVec1 =  8.7578280071E-01  3.9459798597E-02  4.8108981518E-01
           Stress_EigVec2 = -3.8453445569E-01 -5.4542019248E-01  7.4474832394E-01
           Stress_EigVec3 = -2.9178371847E-01  8.3723338319E-01  4.6249597156E-01
           -DivStress =  7.7182019232E+05  1.0898178827E+06 -1.4249316521E+06
           ESP =  -2.2307514827E+01     ESP at Nucleus =  -2.2307514900E+01
           ESPe = -3.6726879480E+01     ESPe at Nucleus = -3.6726876551E+01
           ESPn =  1.4419364653E+01     ESPn at Nucleus =  1.4419361651E+01

CP# 2      Coords = -4.18443436653198E+00 -2.85916722753499E+00  9.39443335196875E-01
           Type = (3,-3) NACP O2
           Rho =  3.0724829569E+02     Rho at Nucleus =  3.0724828180E+02
           GradRho = -1.0080142498E-09 -3.6714767492E-10 -5.5006955978E-11
           HessRho_EigVals = -3.2107523383E+06 -3.2107433689E+06 -3.2107185529E+06
           HessRho_EigVec1 =  8.6082198617E-01 -2.1404859266E-02  5.0845583892E-01
           HessRho_EigVec2 = -4.2415753282E-01 -5.8225432593E-01  6.9359230625E-01
           HessRho_EigVec3 = -2.8120436605E-01  8.1272488084E-01  5.1029635760E-01
           DelSqRho = -9.6322142601E+06
           Bond Ellipticity = NA
           V = -2.4082347975E+06
           G =  9.0616224595E+01
           K =  2.4081441813E+06
           L =  2.4080535650E+06
           Vnuc =  2.7202742945E+06
           Ven = -8.3579964078E+08
           Vrep =  8.3339140599E+08
           DelSqV =  1.9839085863E+12
           DelSqVen =  2.6202264945E+13
           DelSqVrep = -2.4218356366E+13
           DelSqG =  2.5166098813E+10
           DelSqK = -2.0090746851E+12
           Stress_EigVals = -8.0275050921E+05 -8.0274225741E+05 -8.0274203087E+05
           Stress_EigVec1 = -2.7926869600E-01  8.1557427404E-01  5.0680134072E-01
           Stress_EigVec2 = -5.3689674810E-01 -5.7021433748E-01  6.2176964481E-01
           Stress_EigVec3 =  7.9608471742E-01 -9.8459193851E-02  5.9712219004E-01
           -DivStress = -8.0372486259E+05 -1.0921228594E+06  1.3761232749E+06
           ESP =  -2.2368981700E+01     ESP at Nucleus =  -2.2368981772E+01
           ESPe = -3.6433834929E+01     ESPe at Nucleus = -3.6433827716E+01
           ESPn =  1.4064853230E+01     ESPn at Nucleus =  1.4064845944E+01

CP# 3      Coords = -5.80653813289026E+00  2.12656420905281E+00  3.96656281448199E-02
           Type = (3,-3) NACP N3
           Rho =  2.0212876430E+02     Rho at Nucleus =  2.0212875671E+02
           GradRho = -5.1688427383E-10  3.2629208102E-10 -2.5083785615E-12
           HessRho_EigVals = -1.6323355486E+06 -1.6323327067E+06 -1.6323144240E+06
           HessRho_EigVec1 = -7.8627551745E-01  4.2494282032E-01  4.4854699879E-01
           HessRho_EigVec2 =  2.5642703625E-01  8.8490260853E-01 -3.8883486020E-01
           HessRho_EigVec3 =  5.6215299140E-01  1.9071175339E-01  8.0474408440E-01
           DelSqRho = -4.8969826793E+06
           Bond Ellipticity = NA
           V = -1.2243140809E+06
           G =  3.4205552113E+01
           K =  1.2242798754E+06
           L =  1.2242456698E+06
           Vnuc =  2.2963226828E+06
           Ven = -4.6415286629E+08
           Vrep =  4.6292855221E+08
           DelSqV =  7.8573728166E+11
           DelSqVen =  1.1245052420E+13
           DelSqVrep = -1.0459315138E+13
           DelSqG =  9.8871976348E+09
           DelSqK = -7.9562447929E+11
           Stress_EigVals = -4.0810711348E+05 -4.0810388163E+05 -4.0810308582E+05
           Stress_EigVec1 =  5.3241717172E-01  1.9066724193E-01  8.2472902102E-01
           Stress_EigVec2 =  2.5026947860E-01  8.9528752811E-01 -3.6854501773E-01
           Stress_EigVec3 = -8.0863906864E-01  4.0262419807E-01  4.2894826237E-01
           -DivStress = -5.1181108066E+05 -1.4805608007E+05 -5.8752922438E+05
           ESP =  -1.8400456735E+01     ESP at Nucleus =  -1.8400456788E+01
           ESPe = -3.1930665895E+01     ESPe at Nucleus = -3.1930662574E+01
           ESPn =  1.3530209161E+01     ESPn at Nucleus =  1.3530205786E+01

CP# 4      Coords = -1.26913623717738E+00  2.11363642326534E+00  1.47851363677039E+00
           Type = (3,-3) NACP C4
           Rho =  1.2465676333E+02     Rho at Nucleus =  1.2465676329E+02
           GradRho =  5.3708667482E-10 -3.2827288920E-10 -9.0803339043E-10
           HessRho_EigVals = -7.4212061956E+05 -7.4212028664E+05 -7.4211944569E+05
           HessRho_EigVec1 =  6.9980497343E-01  2.9301126187E-01  6.5147325316E-01
           HessRho_EigVec2 = -6.7884662590E-01  5.5667095289E-01  4.7883682890E-01
           HessRho_EigVec3 =  2.2235165315E-01  7.7734281410E-01 -5.8847080787E-01
           DelSqRho = -2.2263603519E+06
           Bond Ellipticity = NA
           V = -5.5661121386E+05
           G =  1.0562945873E+01
           K =  5.5660065092E+05
           L =  5.5659008797E+05
           Vnuc =  1.8786545224E+07
           Ven = -2.3418699217E+09
           Vrep =  2.3413133105E+09
           DelSqV =  2.6391113857E+11
           DelSqVen =  4.1825628848E+13
           DelSqVrep = -4.1561713515E+13
           DelSqG =  3.3136830511E+09
           DelSqK = -2.6722482162E+11
           Stress_EigVals = -1.8553726295E+05 -1.8553703517E+05 -1.8553691574E+05
           Stress_EigVec1 =  2.2119217991E-01  7.8655335481E-01 -5.7654821098E-01
           Stress_EigVec2 = -6.7694919204E-01  5.4939585256E-01  4.8979994752E-01
           Stress_EigVec3 =  7.0200698782E-01  2.8195392748E-01  6.5397872430E-01
           -DivStress = -1.3356477345E+04  8.4544117533E+03  2.3003881112E+04
           ESP =  -1.4757024548E+01     ESP at Nucleus =  -1.4757024549E+01
           ESPe = -3.1723072448E+01     ESPe at Nucleus = -3.1723072019E+01
           ESPn =  1.6966047900E+01     ESPn at Nucleus =  1.6966047470E+01

CP# 5      Coords = -3.24388366838209E+00  1.32191053649287E+00 -5.22703739806667E-01
           Type = (3,-3) NACP C5
           Rho =  1.2464208043E+02     Rho at Nucleus =  1.2464208008E+02
           GradRho = -1.0960867453E-10 -1.9032070908E-11 -3.4991580739E-11
           HessRho_EigVals = -7.4203970459E+05 -7.4203843240E+05 -7.4203735129E+05
           HessRho_EigVec1 =  8.9227678880E-01 -4.4634438403E-01 -6.7961923273E-02
           HessRho_EigVec2 =  4.3990917790E-01  8.2561279174E-01  3.5333190249E-01
           HessRho_EigVec3 = -1.0159747717E-01 -3.4516692913E-01  9.3302612164E-01
           DelSqRho = -2.2261154883E+06
           Bond Ellipticity = NA
           V = -5.5654949776E+05
           G =  1.0312845558E+01
           K =  5.5653918491E+05
           L =  5.5652887207E+05
           Vnuc =  6.1763568429E+06
           Ven = -7.6983396635E+08
           Vrep =  7.6927741685E+08
           DelSqV =  2.6388206707E+11
           DelSqVen =  1.3749283389E+13
           DelSqVrep = -1.3485401290E+13
           DelSqG =  3.3133417125E+09
           DelSqK = -2.6719540878E+11
           Stress_EigVals = -1.8551681691E+05 -1.8551649629E+05 -1.8551618456E+05
           Stress_EigVec1 = -1.0268768372E-01 -3.4736847728E-01  9.3208925571E-01
           Stress_EigVec2 =  4.1158791200E-01  8.3822613820E-01  3.5773220701E-01
           Stress_EigVec3 =  9.0556646929E-01 -4.2037136229E-01 -5.6897165696E-02
           -DivStress =  7.1511512824E+04  1.6034138643E+04 -4.2833190564E+04
           ESP =  -1.4717918986E+01     ESP at Nucleus =  -1.4717918989E+01
           ESPe = -3.2369152029E+01     ESPe at Nucleus = -3.2369151913E+01
           ESPn =  1.7651233043E+01     ESPn at Nucleus =  1.7651232924E+01

CP# 6      Coords =  1.34783477321956E+00  1.16786004548797E+00  8.98816911042879E-01
           Type = (3,-3) NACP C6
           Rho =  1.2477178481E+02     Rho at Nucleus =  1.2477178472E+02
           GradRho = -3.7614409316E-09  1.3817679662E-09  7.0892111334E-10
           HessRho_EigVals = -7.4280107092E+05 -7.4279868532E+05 -7.4279777186E+05
           HessRho_EigVec1 =  3.9259557275E-01  5.1835029116E-01  7.5972474747E-01
           HessRho_EigVec2 =  9.0866638599E-01 -3.4624391816E-01 -2.3332498388E-01
           HessRho_EigVec3 =  1.4210599996E-01  7.8193869632E-01 -6.0694131510E-01
           DelSqRho = -2.2283975281E+06
           Bond Ellipticity = NA
           V = -5.5712043889E+05
           G =  1.0528434917E+01
           K =  5.5710991046E+05
           L =  5.5709938202E+05
           Vnuc =  1.2054794088E+07
           Ven = -1.5040981739E+09
           Vrep =  1.5035410534E+09
           DelSqV =  2.6415222131E+11
           DelSqVen =  2.6862871904E+13
           DelSqVrep = -2.6598720732E+13
           DelSqG =  3.3166891716E+09
           DelSqK = -2.6746891048E+11
           Stress_EigVals = -1.8570732216E+05 -1.8570701824E+05 -1.8570609850E+05
           Stress_EigVec1 =  1.4219103610E-01  7.8201760409E-01 -6.0681972294E-01
           Stress_EigVec2 =  9.1161217119E-01 -3.4232373284E-01 -2.2754716272E-01
           Stress_EigVec3 =  3.8567467973E-01  5.2082907832E-01  7.6157213223E-01
           -DivStress =  3.9953209251E+04 -1.5349171144E+04 -7.9628435055E+03
           ESP =  -1.4759547608E+01     ESP at Nucleus =  -1.4759547608E+01
           ESPe = -3.2974007598E+01     ESPe at Nucleus = -3.2974007688E+01
           ESPn =  1.8214459990E+01     ESPn at Nucleus =  1.8214460080E+01

CP# 7      Coords =  2.22692116697561E+00 -1.07442840912940E+00  1.95836785998404E+00
           Type = (3,-3) NACP C7
           Rho =  1.2478762253E+02     Rho at Nucleus =  1.2478762251E+02
           GradRho = -3.3238806059E-10 -1.8981795376E-10  1.4608315725E-10
           HessRho_EigVals = -7.4288897864E+05 -7.4288625253E+05 -7.4288584542E+05
           HessRho_EigVec1 =  3.9968958946E-01  5.2518344090E-01  7.5128595453E-01
           HessRho_EigVec2 =  4.2592324172E-01  6.1934577789E-01 -6.5954544921E-01
           HessRho_EigVec3 =  8.1168813238E-01 -5.8360359904E-01 -2.3858226058E-02
           DelSqRho = -2.2286610766E+06
           Bond Ellipticity = NA
           V = -5.5718650131E+05
           G =  1.0616081827E+01
           K =  5.5717588523E+05
           L =  5.5716526915E+05
           Vnuc =  2.8623392094E+07
           Ven = -3.5718450481E+09
           Vrep =  3.5712878616E+09
           DelSqV =  2.6418340856E+11
           DelSqVen =  6.3791878373E+13
           DelSqVrep = -6.3527694965E+13
           DelSqG =  3.3170535293E+09
           DelSqK = -2.6750046209E+11
           Stress_EigVals = -1.8572928233E+05 -1.8572913214E+05 -1.8572808684E+05
           Stress_EigVec1 =  7.9667276130E-01 -6.0440250634E-01 -3.1814659000E-03
           Stress_EigVec2 =  4.5417403495E-01  6.0211065811E-01 -6.5664960319E-01
           Stress_EigVec3 =  3.9879626048E-01  5.2168991337E-01  7.5418908565E-01
           -DivStress =  1.0758082583E+04  9.5436928272E+03 -1.1367106094E+04
           ESP =  -1.4771171308E+01     ESP at Nucleus =  -1.4771171308E+01
           ESPe = -3.1553310391E+01     ESPe at Nucleus = -3.1553310640E+01
           ESPn =  1.6782139083E+01     ESPn at Nucleus =  1.6782139332E+01

CP# 8      Coords =  2.89386849507286E+00  2.45574433695502E+00 -7.96556792272575E-01
           Type = (3,-3) NACP C8
           Rho =  1.2478450332E+02     Rho at Nucleus =  1.2478450329E+02
           GradRho = -4.5135837371E-10  6.0125129401E-10 -3.5803530263E-10
           HessRho_EigVals = -7.4286965447E+05 -7.4286708150E+05 -7.4286655957E+05
           HessRho_EigVec1 =  4.0013782740E-01  5.0241623002E-01  7.6646438332E-01
           HessRho_EigVec2 = -2.1936522490E-01  8.6453117237E-01 -4.5217778595E-01
           HessRho_EigVec3 =  8.8981381041E-01 -1.2797805044E-02 -4.5614427432E-01
           DelSqRho = -2.2286032955E+06
           Bond Ellipticity = NA
           V = -5.5717206110E+05
           G =  1.0618607443E+01
           K =  5.5716144249E+05
           L =  5.5715082388E+05
           Vnuc =  2.0348111890E+07
           Ven = -2.5391290357E+09
           Vrep =  2.5385718637E+09
           DelSqV =  2.6417656324E+11
           DelSqVen =  4.5347885810E+13
           DelSqVrep = -4.5083705052E+13
           DelSqG =  3.3169644281E+09
           DelSqK = -2.6749352767E+11
           Stress_EigVals = -1.8572447893E+05 -1.8572429287E+05 -1.8572328930E+05
           Stress_EigVec1 =  8.8736965688E-01 -5.5854123515E-03 -4.6102483145E-01
           Stress_EigVec2 = -2.2941848256E-01  8.6199928703E-01 -4.5202255367E-01
           Stress_EigVec3 =  3.9992780837E-01  5.0687871560E-01  7.6363061474E-01
           -DivStress =  9.1762523939E+03 -2.1597704395E+04  1.0693617653E+04
           ESP =  -1.4769640503E+01     ESP at Nucleus =  -1.4769640503E+01
           ESPe = -3.1004507333E+01     ESPe at Nucleus = -3.1004507744E+01
           ESPn =  1.6234866829E+01     ESPn at Nucleus =  1.6234867241E+01

CP# 9      Coords = -3.26248211929152E+00 -1.53785180025578E+00 -6.57966216879447E-01
           Type = (3,-3) NACP C9
           Rho =  1.2489031817E+02     Rho at Nucleus =  1.2489031703E+02
           GradRho = -9.5589198115E-11  1.1871471545E-11 -8.5446271465E-12
           HessRho_EigVals = -7.4349444136E+05 -7.4349176902E+05 -7.4348895465E+05
           HessRho_EigVec1 =  8.6037448858E-01  1.1762552156E-02  5.0952662518E-01
           HessRho_EigVec2 = -4.7717227913E-01  3.6982718524E-01  7.9720415772E-01
           HessRho_EigVec3 =  1.7905964211E-01  9.2902610051E-01 -3.2380263919E-01
           DelSqRho = -2.2304751650E+06
           Bond Ellipticity = NA
           V = -5.5763857412E+05
           G =  9.8914320751E+00
           K =  5.5762868269E+05
           L =  5.5761879126E+05
           Vnuc =  3.4219065603E+06
           Ven = -4.2736299908E+08
           Vrep =  4.2680536051E+08
           DelSqV =  2.6439768173E+11
           DelSqVen =  7.6324775690E+12
           DelSqVrep = -7.3680798709E+12
           DelSqG =  3.3197155931E+09
           DelSqK = -2.6771739732E+11
           Stress_EigVals = -1.8588051086E+05 -1.8587950808E+05 -1.8587855518E+05
           Stress_EigVec1 =  2.4278030751E-01  8.7342915611E-01 -4.2211281849E-01
           Stress_EigVec2 = -4.4297197001E-01  4.8693291080E-01  7.5277631084E-01
           Stress_EigVec3 =  8.6303740131E-01  4.2248825399E-03  5.0512235577E-01
           -DivStress = -6.6602136948E+04  8.1437244413E+04  1.1179529281E+05
           ESP =  -1.4638198825E+01     ESP at Nucleus =  -1.4638198837E+01
           ESPe = -3.3015131418E+01     ESPe at Nucleus = -3.3015131707E+01
           ESPn =  1.8376932593E+01     ESPn at Nucleus =  1.8376932870E+01

CP# 10     Coords =  4.59872514001191E+00 -2.00771957165390E+00  1.33965309313526E+00
           Type = (3,-3) NACP C10
           Rho =  1.2478457777E+02     Rho at Nucleus =  1.2478457775E+02
           GradRho = -1.7183986189E-10 -5.1018244438E-10  1.7480722803E-10
           HessRho_EigVals = -7.4286912087E+05 -7.4286613421E+05 -7.4286573830E+05
           HessRho_EigVec1 =  3.9613687498E-01  5.1890860595E-01  7.5750210228E-01
           HessRho_EigVec2 = -3.5287736621E-01  8.4767342273E-01 -3.9614054678E-01
           HessRho_EigVec3 =  8.4767513865E-01  1.1037946850E-01 -5.1890580286E-01
           DelSqRho = -2.2286009934E+06
           Bond Ellipticity = NA
           V = -5.5717144827E+05
           G =  1.0599961194E+01
           K =  5.5716084830E+05
           L =  5.5715024834E+05
           Vnuc =  2.4000278764E+07
           Ven = -2.9948646519E+09
           Vrep =  2.9943074805E+09
           DelSqV =  2.6417626997E+11
           DelSqVen =  5.3487020802E+13
           DelSqVrep = -5.3222844532E+13
           DelSqG =  3.3169553329E+09
           DelSqK = -2.6749322530E+11
           Stress_EigVals = -1.8572428265E+05 -1.8572414236E+05 -1.8572302325E+05
           Stress_EigVec1 =  8.4937822194E-01  1.0437847771E-01 -5.1736038647E-01
           Stress_EigVec2 = -3.4723320656E-01  8.4873939407E-01 -3.9883648431E-01
           Stress_EigVec3 =  3.9747419584E-01  5.1840772983E-01  7.5714443094E-01
           -DivStress = -6.1224594136E+03  1.8509513152E+04 -9.8941022646E+03
           ESP =  -1.4769200920E+01     ESP at Nucleus =  -1.4769200920E+01
           ESPe = -2.9869019953E+01     ESPe at Nucleus = -2.9869020384E+01
           ESPn =  1.5099819033E+01     ESPn at Nucleus =  1.5099819464E+01

CP# 11     Coords =  5.26491732347649E+00  1.52940613921245E+00 -1.41973576813280E+00
           Type = (3,-3) NACP C11
           Rho =  1.2478441389E+02     Rho at Nucleus =  1.2478441387E+02
           GradRho =  3.3401191839E-10  2.7851002319E-10 -3.6864910608E-10
           HessRho_EigVals = -7.4286791679E+05 -7.4286493326E+05 -7.4286454414E+05
           HessRho_EigVec1 =  3.9738958390E-01  5.1533931051E-01  7.5928052369E-01
           HessRho_EigVec2 =  6.0236352630E-01  4.7770895725E-01 -6.3949381103E-01
           HessRho_EigVec3 =  6.9227140688E-01 -7.1149107317E-01  1.2058504057E-01
           DelSqRho = -2.2285973942E+06
           Bond Ellipticity = NA
           V = -5.5717054875E+05
           G =  1.0600100262E+01
           K =  5.5715994865E+05
           L =  5.5714934855E+05
           Vnuc =  2.4057424454E+07
           Ven = -3.0019916101E+09
           Vrep =  3.0014344396E+09
           DelSqV =  2.6417584330E+11
           DelSqVen =  5.3614326317E+13
           DelSqVrep = -5.3350148377E+13
           DelSqG =  3.3169489644E+09
           DelSqK = -2.6749279226E+11
           Stress_EigVals = -1.8572398147E+05 -1.8572384309E+05 -1.8572272419E+05
           Stress_EigVec1 =  6.9799623246E-01 -7.0703903822E-01  1.1356521432E-01
           Stress_EigVec2 =  5.9519926844E-01  4.8463007839E-01 -6.4099260368E-01
           Stress_EigVec3 =  3.9816967529E-01  5.1500435489E-01  7.5909908716E-01
           -DivStress = -1.1672522989E+04 -1.2174606190E+04  1.3829010694E+04
           ESP =  -1.4768758500E+01     ESP at Nucleus =  -1.4768758500E+01
           ESPe = -2.9569564837E+01     ESPe at Nucleus = -2.9569565282E+01
           ESPn =  1.4800806337E+01     ESPn at Nucleus =  1.4800806783E+01

CP# 12     Coords =  6.12367187777157E+00 -7.08181053494969E-01 -3.52260695440715E-01
           Type = (3,-3) NACP C12
           Rho =  1.2477901188E+02     Rho at Nucleus =  1.2477901186E+02
           GradRho =  1.1267835685E-10 -1.2036339674E-10 -1.2042051571E-10
           HessRho_EigVals = -7.4283595483E+05 -7.4283310247E+05 -7.4283271093E+05
           HessRho_EigVec1 =  3.9728292663E-01  5.1772627859E-01  7.5771087934E-01
           HessRho_EigVec2 =  9.0324188453E-01 -3.6656641861E-01 -2.2312139919E-01
           HessRho_EigVec3 = -1.6223555170E-01 -7.7303852505E-01  6.1326263913E-01
           DelSqRho = -2.2285017682E+06
           Bond Ellipticity = NA
           V = -5.5714667067E+05
           G =  1.0614307179E+01
           K =  5.5713605637E+05
           L =  5.5712544206E+05
           Vnuc =  2.5377392709E+07
           Ven = -3.1665659864E+09
           Vrep =  3.1660088397E+09
           DelSqV =  2.6416453299E+11
           DelSqVen =  5.6553612771E+13
           DelSqVrep = -5.6289448238E+13
           DelSqG =  3.3168080565E+09
           DelSqK = -2.6748134105E+11
           Stress_EigVals = -1.8571600950E+05 -1.8571587444E+05 -1.8571478673E+05
           Stress_EigVec1 = -1.6041883738E-01 -7.7400824365E-01  6.1251696742E-01
           Stress_EigVec2 =  9.0327616129E-01 -3.6530284937E-01 -2.2504667224E-01
           Stress_EigVec3 =  3.9794217301E-01  5.1717024954E-01  7.5774465352E-01
           -DivStress = -1.9043193989E+04  6.4266540619E+03  4.8481517386E+03
           ESP =  -1.4770248303E+01     ESP at Nucleus =  -1.4770248303E+01
           ESPe = -2.9251089826E+01     ESPe at Nucleus = -2.9251090265E+01
           ESPn =  1.4480841524E+01     ESPn at Nucleus =  1.4480841962E+01

CP# 13     Coords = -1.90544366827300E+00  1.39400959812275E+00  3.29218757620268E+00
           Type = (3,-3) NACP H13
           Rho =  4.6882171294E-01     Rho at Nucleus =  4.6718567941E-01
           GradRho =  1.7358803640E-10  1.9182462235E-10 -4.9661744244E-10
           HessRho_EigVals = -2.3573178215E+01 -2.3571084665E+01 -2.2233874469E+01
           HessRho_EigVec1 =  9.2255388465E-01 -3.3375034353E-01  1.9366217523E-01
           HessRho_EigVec2 =  2.2976932929E-01  8.7835437425E-01  4.1916541909E-01
           HessRho_EigVec3 = -3.1000062136E-01 -3.4220505758E-01  8.8701483264E-01
           DelSqRho = -6.9378137349E+01
           Bond Ellipticity = NA
           V = -1.7364727350E+01
           G =  1.0096506393E-02
           K =  1.7354630844E+01
           L =  1.7344534337E+01
           Vnuc =  1.0063196928E+02
           Ven = -4.7178452212E+01
           Vrep =  2.9813724862E+01
           DelSqV =  2.3619753165E+04
           DelSqVen =  6.9816585940E+03
           DelSqVrep =  1.6638094571E+04
           DelSqG =  8.5800175621E+02
           DelSqK = -2.4477754921E+04
           Stress_EigVals = -5.9004724621E+00 -5.9003759231E+00 -5.5638789649E+00
           Stress_EigVec1 =  8.7418594834E-01  2.6356844923E-01  4.0783648720E-01
           Stress_EigVec2 =  3.7345987946E-01 -9.0172756720E-01 -2.1775011595E-01
           Stress_EigVec3 = -3.1036534304E-01 -3.4266465696E-01  8.8670980975E-01
           -DivStress = -2.9232356789E+01 -3.2306996192E+01  8.3626089065E+01
           ESP =  -1.1093157617E+00     ESP at Nucleus =  -1.1094925167E+00
           ESPe = -1.8089597675E+01     ESPe at Nucleus = -1.8057189614E+01
           ESPn =  1.6980281914E+01     ESPn at Nucleus =  1.6947697097E+01

CP# 14     Coords = -1.28351403787655E+00  4.16434597572809E+00  1.57359854527684E+00
           Type = (3,-3) NACP H14
           Rho =  4.6962974303E-01     Rho at Nucleus =  4.6803233863E-01
           GradRho =  2.3761763307E-15 -2.8974486126E-16  2.1993605250E-15
           HessRho_EigVals = -2.3627279477E+01 -2.3625426255E+01 -2.2312541044E+01
           HessRho_EigVec1 =  9.9492612578E-01  1.0718752752E-02 -1.0003555662E-01
           HessRho_EigVec2 =  1.0049522570E-01 -5.8778668026E-02  9.9319976732E-01
           HessRho_EigVec3 = -4.7659059659E-03  9.9821349246E-01  5.9557615934E-02
           DelSqRho = -6.9565246776E+01
           Bond Ellipticity = NA
           V = -1.7411775806E+01
           G =  1.0232056080E-02
           K =  1.7401543750E+01
           L =  1.7391311694E+01
           Vnuc =  1.0093360713E+02
           Ven = -4.7401423980E+01
           Vrep =  2.9989648174E+01
           DelSqV =  2.3701573269E+04
           DelSqVen =  7.0214712880E+03
           DelSqVrep =  1.6680101981E+04
           DelSqG =  8.6114612858E+02
           DelSqK = -2.4562719397E+04
           Stress_EigVals = -5.9141562794E+00 -5.9141301976E+00 -5.5834893293E+00
           Stress_EigVec1 =  1.1814495644E-01 -5.7988530348E-02  9.9130171977E-01
           Stress_EigVec2 =  9.9298488639E-01  1.1698084390E-02 -1.1766125197E-01
           Stress_EigVec3 = -4.7733280932E-03  9.9824870907E-01  5.8963803891E-02
           -DivStress = -2.2634858923E-01  9.3131063637E+01  5.7236259793E+00
           ESP =  -1.1051222113E+00     ESP at Nucleus =  -1.1052992562E+00
           ESPe = -1.7265400579E+01     ESPe at Nucleus = -1.7230942598E+01
           ESPn =  1.6160278367E+01     ESPn at Nucleus =  1.6125643341E+01

CP# 15     Coords = -2.68087898474492E+00  2.05010238092905E+00 -2.35360346277308E+00
           Type = (3,-3) NACP H15
           Rho =  4.7485391425E-01     Rho at Nucleus =  4.7313623544E-01
           GradRho = -8.2117228904E-10 -1.0656507065E-09  2.7282311797E-09
           HessRho_EigVals = -2.3869211239E+01 -2.3860204170E+01 -2.2463884567E+01
           HessRho_EigVec1 =  9.5746626737E-01 -1.9304585654E-01  2.1445662528E-01
           HessRho_EigVec2 =  9.7508188844E-02  9.1598016699E-01  3.8919466439E-01
           HessRho_EigVec3 = -2.7157043279E-01 -3.5172948548E-01  8.9584366330E-01
           DelSqRho = -7.0193299975E+01
           Bond Ellipticity = NA
           V = -1.7567149888E+01
           G =  9.4124469447E-03
           K =  1.7557737441E+01
           L =  1.7548324994E+01
           Vnuc =  9.9437617354E+01
           Ven = -4.7218341824E+01
           Vrep =  2.9651191937E+01
           DelSqV =  2.3868963814E+04
           DelSqVen =  6.9798545447E+03
           DelSqVrep =  1.6889109269E+04
           DelSqG =  8.6709174572E+02
           DelSqK = -2.4736055560E+04
           Stress_EigVals = -5.9735611819E+00 -5.9721115194E+00 -5.6214771863E+00
           Stress_EigVec1 =  9.3767608143E-01  1.1186926471E-01  3.2901190546E-01
           Stress_EigVec2 =  2.1588951570E-01 -9.2942735631E-01 -2.9925993108E-01
           Stress_EigVec3 = -2.7231467704E-01 -3.5163910043E-01  8.9565320282E-01
           -DivStress =  2.6223094357E+01  3.4036935368E+01 -8.7158502205E+01
