AIMSum (Version 17.01.25, Professional)
Copyright (c) 1997-2017 by Todd A. Keith
AIMSum is a component of the AIMAll package ( http://aim.tkgristmill.com )

TP:  64-bit Linux

Licensed To:  Research Group of Fernando Cortes Guzman, UNAM, fercor@unam.mx

Much of the Quantum Theory of Atoms in Molecules (QTAIM) is described in the book:
  "Atoms in Molecules - A Quantum Theory"
  R.F.W. Bader, Oxford University Press, Oxford, 1990

For additional references see:  http://aim.tkgristmill.com/references.html

Wfn File:  /home/alejandro/wd/aimqb_inps/phenylalanine_m062X_def2QZVP.wfn
Sum File:  /home/alejandro/wd/aimqb_inps/phenylalanine_m062X_def2QZVP.sum

SumViz File:  /home/alejandro/wd/aimqb_inps/phenylalanine_m062X_def2QZVP.sumviz

Wfn Title:   opt phenylalanine M062X def2TZVP                                              
 
Total memory allocated for AIMSum =        1.556 Megabytes

Atomic units (a.u.) used throughout, except where stated otherwise

Model:  Restricted SCF
 
Restricted, closed-shell, single-determinant wavefunction.
  Number of electrons (from MO Occs)                   =          88.0000000000
  Number of Alpha electrons (from MO Occs)             =          44.0000000000
  Number of Beta electrons (from MO Occs)              =          44.0000000000
  Number of electron pairs (N*(N-1)/2)                 =        3828.0000000000
  Number of electron pairs (from Muller 2EDM)          =        3828.0000000000
 
Nuclear Charges and Cartesian Coordinates:
-------------------------------------------------------------------------------
Atom      Charge                X                  Y                  Z
-------------------------------------------------------------------------------
O1         8.0          -2.0814684200E+00  -2.4464008300E+00  -2.6970048500E+00
O2         8.0          -4.1844355900E+00  -2.8591688900E+00   9.3944543000E-01
N3         7.0          -5.8065401000E+00   2.1265636400E+00   3.9663370000E-02
C4         6.0          -1.2691363900E+00   2.1136365200E+00   1.4785139000E+00
C5         6.0          -3.2438828500E+00   1.3219107200E+00  -5.2270423000E-01
C6         6.0           1.3478352300E+00   1.1678598700E+00   8.9881682000E-01
C7         6.0           2.2269212900E+00  -1.0744283000E+00   1.9583677300E+00
C8         6.0           2.8938686000E+00   2.4557440900E+00  -7.9655667000E-01
C9         6.0          -3.2624828800E+00  -1.5378508700E+00  -6.5796494000E-01
C10        6.0           4.5987250700E+00  -2.0077193600E+00   1.3396529800E+00
C11        6.0           5.2649171900E+00   1.5294060000E+00  -1.4197356100E+00
C12        6.0           6.1236716600E+00  -7.0818098000E-01  -3.5226064000E-01
H13        1.0          -1.9091495800E+00   1.3899141700E+00   3.3027894500E+00
H14        1.0          -1.2835427000E+00   4.1761198700E+00   1.5743224600E+00
H15        1.0          -2.6775924300E+00   2.0543680300E+00  -2.3645274900E+00
H16        1.0           1.0335554100E+00  -2.0953115600E+00   3.2748877400E+00
H17        1.0           2.2323741900E+00   4.2071354200E+00  -1.6303369300E+00
H18        1.0          -5.8495847000E+00   3.9954458800E+00   4.4919575000E-01
H19        1.0          -6.4531859800E+00   1.1644518900E+00   1.5675647600E+00
H20        1.0           5.2589289100E+00  -3.7488886900E+00   2.1863599600E+00
H21        1.0           6.4465451900E+00   2.5567784400E+00  -2.7358204000E+00
H22        1.0           7.9755701500E+00  -1.4308267300E+00  -8.3208744000E-01
H23        1.0          -2.0835272100E+00  -4.2728405700E+00  -2.5662921400E+00
 
Some Atomic Properties:
----------------------
  q(A) = Net Charge of Atom A
  L(A) = Lagrangian of Atom A = -(1/4) Times Atomic Integral of the Laplacian of the Electron Density
  K(A) = Electronic Kinetic Energy of Atom A (Hamiltonian Form)
  K_Scaled(A) = K(A) * E(Mol)/K(Mol) = Approximation to Virial-Based Total Energy of Atom A.
  |Mu_Intra(A)| = Magnitude of Intraatomic Dipole Moment of Atom A
--------------------------------------------------------------------------------------------------
Atom A          q(A)              L(A)              K(A)          K_Scaled(A)      |Mu_Intra(A)|
--------------------------------------------------------------------------------------------------
O1       -1.1865741783E+00 -9.6594675910E-05  7.5676315332E+01 -7.5978253992E+01  3.1410800202E-01
O2       -1.2513307872E+00  4.4781941833E-05  7.5748189078E+01 -7.6050414506E+01  5.4175069921E-01
N3       -1.0374071010E+00 -8.1246744196E-05  5.4944272522E+01 -5.5163493027E+01  2.3374493946E-01
C4        9.7420941400E-02 -4.9774333293E-04  3.7845625937E+01 -3.7996625065E+01  1.1039645769E-02
C5        4.3201376960E-01  3.4494405292E-05  3.7671606508E+01 -3.7821911321E+01  3.9198073246E-01
C6       -1.9453149700E-02  6.1472432297E-04  3.7952883188E+01 -3.8104310258E+01  4.9872015604E-02
C7       -7.2339790000E-04 -1.2212779842E-04  3.7919026083E+01 -3.8070318068E+01  7.3620983436E-02
C8        1.6806725000E-03 -5.7062381874E-04  3.7916395200E+01 -3.8067676687E+01  5.9434302244E-02
C9        1.6827323170E+00 -6.4583524861E-04  3.6860224621E+01 -3.7007292125E+01  8.3576147561E-01
C10       9.8441104000E-03 -8.2266650494E-05  3.7908306623E+01 -3.8059555839E+01  6.7162270642E-02
C11       1.2332348700E-02  5.5944995703E-06  3.7907511420E+01 -3.8058757463E+01  6.7684103428E-02
C12       9.2970851000E-03 -2.8864948607E-04  3.7907305015E+01 -3.8058550234E+01  7.2170267621E-02
H13      -1.8287567200E-02  3.4204371715E-05  6.3612637717E-01 -6.3866443871E-01  1.2650587561E-01
H14      -3.3023775500E-02  3.2424078664E-05  6.4208223894E-01 -6.4464406360E-01  1.2772830877E-01
H15      -2.5376436000E-03  4.9512550719E-05  6.3942338965E-01 -6.4197460585E-01  1.1989288567E-01
H16      -1.2977030000E-04  2.5486002907E-05  6.2536054687E-01 -6.2785565415E-01  1.1813984116E-01
H17      -1.6596045000E-02  2.5445871868E-05  6.3173261881E-01 -6.3425314983E-01  1.2311667214E-01
H18       3.5048449167E-01  3.5468153524E-05  4.8694043538E-01 -4.8888326441E-01  1.9210151258E-01
H19       3.7430695976E-01  3.5125695594E-05  4.7428238356E-01 -4.7617470861E-01  1.8464942279E-01
H20      -6.5995385000E-03  2.3790799341E-05  6.2957312963E-01 -6.3208504458E-01  1.2036048614E-01
H21      -6.8022539000E-03  2.4606466552E-05  6.2973082323E-01 -6.3224336735E-01  1.2034299350E-01
H22      -7.3895241000E-03  2.4550109397E-05  6.2979106726E-01 -6.3230385174E-01  1.2053164378E-01
H23       6.1556088261E-01  3.1566398974E-05  3.4449058132E-01 -3.4586505395E-01  1.5171307867E-01
--------------------------------------------------------------------------------------------------
Total    -1.1811534600E-03 -1.3433120864E-03  5.5262719512E+02 -5.5483210579E+02
 
Molecular charge q(Mol) from the wfn file:   0.0000000000E+00
Molecular energy E(Mol) from the wfn file:  -5.5483238583E+02
Molecular virial ratio (-V(Mol)/T(Mol)) from the wfn file:   2.0039898700E+00
Note.  K_Scaled(A) = (1+V(Mol)/T(Mol))*K(A) = (E(Mol)/T(Mol))*K(A)
       Only use K_Scaled(A) data with caution.
 
N_AIMInt(SumA)     =         88.001181
N_Analytic(Mol)    =         87.999989
 
G_AIMInt(SumA)     =        552.628538
G_Analytic(Mol)    =        552.627462
 
K_AIMInt(SumA)     =        552.627195
K_Analytic(Mol)    =        552.627462
 
L_AIMInt(SumA)     =         -0.001343
L_Analytic(Mol)    =          0.000000
 
VenT_AIMInt(SumA)  =      -2677.940311
VenT_Analytic(Mol) =      -2677.922454
 
Some Information About the Atomic Calculations:
----------------------------------------------
  Time(sec) = "Elapsed User Time", in Seconds, for Atom A by AIMInt and, if used, by TWOe
  NProc = Number of Processors Used for AIMInt Job
  BIM = Basin Integration Method
  OAQ = Angular Quadrature Outside of Beta Sphere
  ORQ = Multiple of Default for Radial Quadrature Outside of Beta Sphere
  IAQ = Multiple of Default for Angular Quadrature Inside of Beta Sphere
  IRQ = Multiple of Default for Radial Quadrature Inside of Beta Sphere
  MIR = Maximum Integration Radius
------------------------------------------------------------------------------------------------------
Atom A     Time(sec)   NProc      BIM              OAQ                 ORQ      IAQ      IRQ      MIR
------------------------------------------------------------------------------------------------------
O1            122       16     Proaim(5)    4334      (Very High)      1.00     1.00     1.00    13.00
O2            110       16     Proaim(5)    3074      (Very High)      1.00     1.00     1.00    13.00
N3            127       16     Proaim(5)    4334      (Very High)      1.00     1.00     1.00    13.00
C4            198       16     Proaim(5)    4334      (Very High)      1.00     1.00     1.00    13.00
C5            215       16     Proaim(5)    4334      (Very High)      1.00     1.00     1.00    13.00
C6            153       16     Proaim(5)    4334      (Very High)      1.00     1.00     1.00    13.00
C7            126       16     Proaim(5)    4334      (Very High)      1.00     1.00     1.00    13.00
C8            109       16     Proaim(5)    4334      (Very High)      1.00     1.00     1.00    13.00
C9            192       16     Proaim(5)    4334      (Very High)      1.00     1.00     1.00    13.00
C10           106       16     Proaim(5)    4334      (Very High)      1.00     1.00     1.00    13.00
C11           123       16     Proaim(5)    4334      (Very High)      1.00     1.00     1.00    13.00
C12           103       16     Proaim(5)    4334      (Very High)      1.00     1.00     1.00    13.00
H13            53       16     Proaim(5)    2030      (Very High)      1.00     1.00     1.00    13.00
H14            78       16     Proaim(5)    2030      (Very High)      1.00     1.00     1.00    13.00
H15            72       16     Proaim(5)    2030      (Very High)      1.00     1.00     1.00    13.00
H16            81       16     Proaim(5)    2030      (Very High)      1.00     1.00     1.00    13.00
H17            64       16     Proaim(5)    2030      (Very High)      1.00     1.00     1.00    13.00
H18            66       16     Proaim(5)    2030      (Very High)      1.00     1.00     1.00    13.00
H19            58       16     Proaim(5)    2030      (Very High)      1.00     1.00     1.00    13.00
H20            76       16     Proaim(5)    2030      (Very High)      1.00     1.00     1.00    13.00
H21            76       16     Proaim(5)    2030      (Very High)      1.00     1.00     1.00    13.00
H22            76       16     Proaim(5)    2030      (Very High)      1.00     1.00     1.00    13.00
H23            50       16     Proaim(5)    2030      (Very High)      1.00     1.00     1.00    13.00
------------------------------------------------------------------------------------------------------
Total        2434
Note:  Total wall clock time is less than total of atomic times if more than one atom
       was calculated at a time
 
Electron Density Critical Point Analysis of Molecular Structure:               
---------------------------------------------------------------                
  NACP = Nuclear Attractor Critical Point                                      
  NNACP = Non-Nuclear Attractor Critical Point                                 
  BCP = Bond Critical Point                                                    
  RCP = Ring Critical Point                                                    
  CCP = Cage Critical Point                                                    
  Rho = Electron Density                                                       
  GradRho = Gradient of Electron Density                                       
  HessRho_EigVals = Eigenvalues of the Hessian of Rho, Ascending Order         
  HessRho_EigVecs = Eigenvectors of the Hessian of Rho                         
  DelSqRho = Laplacian of Rho = Trace of Hessian of Rho                        
  Bond Ellipticity = (HessRho_EigVal(1) / HessRho_EigVal(2)) - 1               
  V = Virial Field = Potential Energy Density = Trace of Stress Tensor         
  G = Lagrangian Form of Kinetic Energy Density                                
  K = Hamiltonian Form of Kinetic Energy Density                               
  L = K - G = Lagrangian Density = (-1/4)DelSqRho                              
  Vnuc = Electrostatic Potential from Nuclei                                   
  Ven = Electron-nuclear attractive contribution to Virial Field V             
  Vrep = V - Ven = Repulsive contribution to Virial Field V                    
  DelSqV = Laplacian of V                                                      
  DelSqVen = Laplacian of Ven                                                  
  DelSqVrep = Laplacian of Vrep                                                
  DelSqG = Laplacian of G                                                      
  DelSqK = Laplacian of K                                                      
  Stress_EigVals = Eigenvalues of Stress Tensor, Ascending Order               
  Stress_EigVecs = Eigenvectors of Stress Tensor                               
  -DivStress = Ehrenfest Force Density = Minus Divergence of Stress Tensor     
  ESP = Total Electrostatic Potential                                          
  ESPe = Electrostatic Potential from Electrons                                
  ESPn = Electrostatic Potential from Nuclei                                   
  BP = Bond Path                                                               
  BPL = Bond Path Length                                                       
  GBL = Geometric Bond Length                                                  
  GBL_I = Distance Between Nuclear Attractors                                  
  GBL_II = Distance Between Nuclei                                             
  GBL_III = Sum of Distances Between BCP and Nuclear Attractors                
  GBL_IV = Sum of Distances Between BCP and Nuclei                             

CP# 1      Coords = -2.08146961299706E+00 -2.44640248240314E+00 -2.69700263707478E+00
           Type = (3,-3) NACP O1
           Rho =  3.0927441684E+02     Rho at Nucleus =  3.0927440211E+02
           GradRho = -2.4999358833E-10  4.9037522654E-10  3.2557639917E-10
           HessRho_EigVals = -3.2544908495E+06 -3.2544578103E+06 -3.2544528061E+06
           HessRho_EigVec1 = -2.9387997229E-01  8.3512476571E-01  4.6497439455E-01
           HessRho_EigVec2 = -3.5994615954E-01 -5.4733638358E-01  7.5555386668E-01
           HessRho_EigVec3 =  8.8547914946E-01  5.4676401804E-02  4.6145115339E-01
           DelSqRho = -9.7634014659E+06
           Bond Ellipticity = NA
           V = -2.4410299653E+06
           G =  8.9799409603E+01
           K =  2.4409401659E+06
           L =  2.4408503665E+06
           Vnuc =  2.6591991916E+06
           Ven = -8.2242227926E+08
           Vrep =  8.1998124930E+08
           DelSqV =  2.0112193091E+12
           DelSqVen =  2.5962829292E+13
           DelSqVrep = -2.3951609982E+13
           DelSqG =  2.5687132521E+10
           DelSqK = -2.0369064417E+12
           Stress_EigVals = -8.1368095101E+05 -8.1367727331E+05 -8.1367174097E+05
           Stress_EigVec1 =  8.7485822032E-01  3.8991687373E-02  4.8280714851E-01
           Stress_EigVec2 = -3.8359837831E-01 -5.5284754518E-01  7.3973770753E-01
           Stress_EigVec3 = -2.9576236828E-01  8.3236965352E-01  4.6870607144E-01
           -DivStress =  7.9462940489E+05  1.1005934889E+06 -1.4739625253E+06
           ESP =  -2.2306868568E+01     ESP at Nucleus =  -2.2306868632E+01
           ESPe = -3.6726233312E+01     ESPe at Nucleus = -3.6726230282E+01
           ESPn =  1.4419364744E+01     ESPn at Nucleus =  1.4419361651E+01

CP# 2      Coords = -4.18443435251878E+00 -2.85916720234966E+00  9.39443317954123E-01
           Type = (3,-3) NACP O2
           Rho =  3.0949814719E+02     Rho at Nucleus =  3.0949813279E+02
           GradRho =  5.5142105465E-10  1.7006399067E-10  1.7183852279E-10
           HessRho_EigVals = -3.2568415929E+06 -3.2568300201E+06 -3.2568047550E+06
           HessRho_EigVec1 =  8.6128738618E-01 -1.8567572356E-02  5.0777877433E-01
           HessRho_EigVec2 = -4.2262745113E-01 -5.8095673594E-01  6.9561146377E-01
           HessRho_EigVec3 = -2.8208168313E-01  8.1372262856E-01  5.0821787436E-01
           DelSqRho = -9.7704763680E+06
           Bond Ellipticity = NA
           V = -2.4427972948E+06
           G =  8.9101425112E+01
           K =  2.4427081934E+06
           L =  2.4426190920E+06
           Vnuc =  2.6906654852E+06
           Ven = -8.3275598237E+08
           Vrep =  8.3031318508E+08
           DelSqV =  2.0126739698E+12
           DelSqVen =  2.6289083556E+13
           DelSqVrep = -2.4276409586E+13
           DelSqG =  2.5705782852E+10
           DelSqK = -2.0383797526E+12
           Stress_EigVals = -8.1427171278E+05 -8.1426315568E+05 -8.1426242638E+05
           Stress_EigVec1 = -2.8072808217E-01  8.1578279405E-01  5.0565816201E-01
           Stress_EigVec2 = -4.5335932127E-01 -5.7707251301E-01  6.7930305501E-01
           Stress_EigVec3 =  8.4596517050E-01 -3.8545397275E-02  5.3184319367E-01
           -DivStress = -8.2486200758E+05 -1.1249436949E+06  1.4078216741E+06
           ESP =  -2.2366441697E+01     ESP at Nucleus =  -2.2366441755E+01
           ESPe = -3.6431295011E+01     ESPe at Nucleus = -3.6431287699E+01
           ESPn =  1.4064853314E+01     ESPn at Nucleus =  1.4064845944E+01

CP# 3      Coords = -5.80653808713197E+00  2.12656420054387E+00  3.96656258792797E-02
           Type = (3,-3) NACP N3
           Rho =  2.0382498329E+02     Rho at Nucleus =  2.0382497544E+02
           GradRho =  2.6463342628E-10  1.4058726405E-10 -1.2014833572E-12
           HessRho_EigVals = -1.6598626672E+06 -1.6598599688E+06 -1.6598416841E+06
           HessRho_EigVec1 = -7.8339741758E-01  4.2727493881E-01  4.5135862991E-01
           HessRho_EigVec2 =  2.5724735647E-01  8.8400043562E-01 -3.9034219271E-01
           HessRho_EigVec3 =  5.6578466197E-01  1.8968225137E-01  8.0243900690E-01
           DelSqRho = -4.9795643202E+06
           Bond Ellipticity = NA
           V = -1.2449583506E+06
           G =  3.3635270293E+01
           K =  1.2449247153E+06
           L =  1.2448910800E+06
           Vnuc =  2.2765309782E+06
           Ven = -4.6401388859E+08
           Vrep =  4.6276893023E+08
           DelSqV =  7.9912445300E+11
           DelSqVen =  1.1336132403E+13
           DelSqVrep = -1.0537007954E+13
           DelSqG =  1.0138463051E+10
           DelSqK = -8.0926291605E+11
           Stress_EigVals = -4.1498858105E+05 -4.1498527771E+05 -4.1498449182E+05
           Stress_EigVec1 =  5.3368481263E-01  1.9072652189E-01  8.2389557264E-01
           Stress_EigVec2 =  2.4997851581E-01  8.9512333624E-01 -3.6914083296E-01
           Stress_EigVec3 = -8.0789310085E-01  4.0296104871E-01  4.3003619712E-01
           -DivStress = -5.3270511772E+05 -1.4834022918E+05 -5.9699687039E+05
           ESP =  -1.8398914962E+01     ESP at Nucleus =  -1.8398915006E+01
           ESPe = -3.1929124212E+01     ESPe at Nucleus = -3.1929120792E+01
           ESPn =  1.3530209250E+01     ESPn at Nucleus =  1.3530205786E+01

CP# 4      Coords = -1.26913625136350E+00  2.11363641759155E+00  1.47851362221097E+00
           Type = (3,-3) NACP C4
           Rho =  1.2582117275E+02     Rho at Nucleus =  1.2582117271E+02
           GradRho =  4.7311282669E-10 -5.2997338462E-10 -1.0630653302E-09
           HessRho_EigVals = -7.5644995894E+05 -7.5644962395E+05 -7.5644888697E+05
           HessRho_EigVec1 =  6.8377265301E-01  3.0536474787E-01  6.6272719105E-01
           HessRho_EigVec2 = -6.9396452127E-01  5.5285651994E-01  4.6126230236E-01
           HessRho_EigVec3 =  2.2553980185E-01  7.7530770609E-01 -5.8994047044E-01
           DelSqRho = -2.2693484699E+06
           Bond Ellipticity = NA
           V = -5.6735789748E+05
           G =  1.0390008812E+01
           K =  5.6734750747E+05
           L =  5.6733711746E+05
           Vnuc =  1.8353334804E+07
           Ven = -2.3092381090E+09
           Vrep =  2.3086707511E+09
           DelSqV =  2.6906085557E+11
           DelSqVen =  4.1650109809E+13
           DelSqVrep = -4.1381048953E+13
           DelSqG =  3.4110308673E+09
           DelSqK = -2.7247188644E+11
           Stress_EigVals = -1.8911947592E+05 -1.8911927039E+05 -1.8911915117E+05
           Stress_EigVec1 =  2.2485133288E-01  7.8393367821E-01 -5.7869669627E-01
           Stress_EigVec2 = -6.9350137429E-01  5.4594429885E-01  4.7010707972E-01
           Stress_EigVec3 =  6.8446893425E-01  2.9562275069E-01  6.6641538647E-01
           -DivStress = -1.2355380034E+04  9.1263865404E+03  2.4755139271E+04
           ESP =  -1.4753758148E+01     ESP at Nucleus =  -1.4753758148E+01
           ESPe = -3.1719806066E+01     ESPe at Nucleus = -3.1719805618E+01
           ESPn =  1.6966047918E+01     ESPn at Nucleus =  1.6966047470E+01

CP# 5      Coords = -3.24388366552267E+00  1.32191053367994E+00 -5.22703723591062E-01
           Type = (3,-3) NACP C5
           Rho =  1.2580139050E+02     Rho at Nucleus =  1.2580139014E+02
           GradRho = -8.0751960674E-11  6.2145968927E-11  2.6796759256E-11
           HessRho_EigVals = -7.5631537282E+05 -7.5631417691E+05 -7.5631315328E+05
           HessRho_EigVec1 =  8.8653138229E-01 -4.5703344219E-01 -7.1989866919E-02
           HessRho_EigVec2 =  4.5234663815E-01  8.2351376592E-01  3.4235594970E-01
           HessRho_EigVec3 = -9.7183471733E-02 -3.3607366761E-01  9.3680833833E-01
           DelSqRho = -2.2689427030E+06
           Bond Ellipticity = NA
           V = -5.6725598493E+05
           G =  1.0154589231E+01
           K =  5.6724583034E+05
           L =  5.6723567575E+05
           Vnuc =  6.1357619459E+06
           Ven = -7.7188738456E+08
           Vrep =  7.7132012858E+08
           DelSqV =  2.6901249908E+11
           DelSqVen =  1.3921692418E+13
           DelSqVrep = -1.3652679919E+13
           DelSqG =  3.4103437636E+09
           DelSqK = -2.7242284284E+11
           Stress_EigVals = -1.8908563701E+05 -1.8908532563E+05 -1.8908502229E+05
           Stress_EigVec1 = -9.4914748843E-02 -3.3974645387E-01  9.3571552169E-01
           Stress_EigVec2 =  4.2352155932E-01  8.3686795131E-01  3.4681626384E-01
           Stress_EigVec3 =  9.0089992743E-01 -4.2921367540E-01 -6.4458836506E-02
           -DivStress =  7.2651106796E+04  1.6598409938E+04 -4.5115773502E+04
           ESP =  -1.4714771444E+01     ESP at Nucleus =  -1.4714771447E+01
           ESPe = -3.2366004501E+01     ESPe at Nucleus = -3.2366004371E+01
           ESPn =  1.7651233057E+01     ESPn at Nucleus =  1.7651232924E+01

CP# 6      Coords =  1.34783473804345E+00  1.16786005881244E+00  8.98816917394478E-01
           Type = (3,-3) NACP C6
           Rho =  1.2594047756E+02     Rho at Nucleus =  1.2594047745E+02
           GradRho = -4.6855009178E-09  1.7270982769E-09  8.9271312564E-10
           HessRho_EigVals = -7.5711507013E+05 -7.5711252238E+05 -7.5711160668E+05
           HessRho_EigVec1 =  3.8661254187E-01  5.2064553609E-01  7.6122202295E-01
           HessRho_EigVec2 =  9.1143429090E-01 -3.4169691068E-01 -2.2919588696E-01
           HessRho_EigVec3 =  1.4077739815E-01  7.8241385915E-01 -6.0663850618E-01
           DelSqRho = -2.2713391992E+06
           Bond Ellipticity = NA
           V = -5.6785547727E+05
           G =  1.0338734528E+01
           K =  5.6784513853E+05
           L =  5.6783479980E+05
           Vnuc =  1.1196755681E+07
           Ven = -1.4101247576E+09
           Vrep =  1.4095569021E+09
           DelSqV =  2.6929602488E+11
           DelSqVen =  2.5431631200E+13
           DelSqVrep = -2.5162335175E+13
           DelSqG =  3.4137822633E+09
           DelSqK = -2.7270980715E+11
           Stress_EigVals = -1.8928568592E+05 -1.8928537215E+05 -1.8928441919E+05
           Stress_EigVec1 = -1.4100973934E-01 -7.8242902447E-01  6.0656498010E-01
           Stress_EigVec2 = -9.1303010793E-01  3.3964672085E-01  2.2586749883E-01
           Stress_EigVec3 =  3.8274309324E-01  5.2196257211E-01  7.6227475223E-01
           -DivStress =  4.3876214511E+04 -1.6840450811E+04 -8.6875021281E+03
           ESP =  -1.4755443997E+01     ESP at Nucleus =  -1.4755443997E+01
           ESPe = -3.2969903981E+01     ESPe at Nucleus = -3.2969904077E+01
           ESPn =  1.8214459984E+01     ESPn at Nucleus =  1.8214460080E+01

CP# 7      Coords =  2.22692115393998E+00 -1.07442842036972E+00  1.95836786240305E+00
           Type = (3,-3) NACP C7
           Rho =  1.2595914798E+02     Rho at Nucleus =  1.2595914796E+02
           GradRho = -1.7427774848E-10 -2.5300064127E-10  1.4550510102E-10
           HessRho_EigVals = -7.5723691572E+05 -7.5723411868E+05 -7.5723365623E+05
           HessRho_EigVec1 =  4.0275088571E-01  5.2654729205E-01  7.4869197491E-01
           HessRho_EigVec2 =  4.4948014547E-01  5.9877155190E-01 -6.6290287935E-01
           HessRho_EigVec3 =  7.9734517173E-01 -6.0350689960E-01 -4.4832194381E-03
           DelSqRho = -2.2717046906E+06
           Bond Ellipticity = NA
           V = -5.6794698009E+05
           G =  1.0403713807E+01
           K =  5.6793657637E+05
           L =  5.6792617266E+05
           Vnuc =  2.6691273371E+07
           Ven = -3.3620100522E+09
           Vrep =  3.3614421052E+09
           DelSqV =  2.6933943827E+11
           DelSqVen =  6.0634666369E+13
           DelSqVrep = -6.0365326406E+13
           DelSqG =  3.4143758673E+09
           DelSqK = -2.7275381414E+11
           Stress_EigVals = -1.8931612415E+05 -1.8931595808E+05 -1.8931489785E+05
           Stress_EigVec1 =  7.8517564274E-01 -6.1916590437E-01  1.1523580348E-02
           Stress_EigVec2 =  4.7178496893E-01  5.8601816901E-01 -6.5878801498E-01
           Stress_EigVec3 =  4.0114604963E-01  5.2270095509E-01  7.5224035947E-01
           -DivStress =  1.2134064012E+04  1.0735255568E+04 -1.1808654744E+04
           ESP =  -1.4767140753E+01     ESP at Nucleus =  -1.4767140754E+01
           ESPe = -3.1549279825E+01     ESPe at Nucleus = -3.1549280086E+01
           ESPn =  1.6782139071E+01     ESPn at Nucleus =  1.6782139332E+01

CP# 8      Coords =  2.89386848664998E+00  2.45574434985336E+00 -7.96556801525394E-01
           Type = (3,-3) NACP C8
           Rho =  1.2595589964E+02     Rho at Nucleus =  1.2595589960E+02
           GradRho = -2.0463453328E-10  7.3292642094E-10 -4.1019983243E-10
           HessRho_EigVals = -7.5721725329E+05 -7.5721461329E+05 -7.5721403604E+05
           HessRho_EigVec1 =  4.0088440873E-01  5.0158520525E-01  7.6661853142E-01
           HessRho_EigVec2 = -2.3139281951E-01  8.6510765550E-01 -4.4502371563E-01
           HessRho_EigVec3 =  8.8642487212E-01 -1.0130456372E-03 -4.6287138583E-01
           DelSqRho = -2.2716459026E+06
           Bond Ellipticity = NA
           V = -5.6793229174E+05
           G =  1.0408042204E+01
           K =  5.6792188370E+05
           L =  5.6791147566E+05
           Vnuc =  1.9198574013E+07
           Ven = -2.4181736616E+09
           Vrep =  2.4176057293E+09
           DelSqV =  2.6933247662E+11
           DelSqVen =  4.3612368798E+13
           DelSqVrep = -4.3343038418E+13
           DelSqG =  3.4142871275E+09
           DelSqK = -2.7274676375E+11
           Stress_EigVals = -1.8931123803E+05 -1.8931103465E+05 -1.8931001906E+05
           Stress_EigVec1 =  8.8418735925E-01  5.1840707175E-03 -4.6710367066E-01
           Stress_EigVec2 = -2.4036753743E-01  8.6245080443E-01 -4.4542345795E-01
           Stress_EigVec3 =  4.0054482981E-01  5.0611435008E-01  7.6381418157E-01
           -DivStress =  1.0108980017E+04 -2.3175927099E+04  1.1730300840E+04
           ESP =  -1.4765570954E+01     ESP at Nucleus =  -1.4765570954E+01
           ESPe = -3.1000437761E+01     ESPe at Nucleus = -3.1000438195E+01
           ESPn =  1.6234866807E+01     ESPn at Nucleus =  1.6234867241E+01

CP# 9      Coords = -3.26248208748350E+00 -1.53785177061377E+00 -6.57966267316644E-01
           Type = (3,-3) NACP C9
           Rho =  1.2605941955E+02     Rho at Nucleus =  1.2605941834E+02
           GradRho = -9.2347792607E-11  7.2868135137E-11  1.7441251568E-11
           HessRho_EigVals = -7.5774462562E+05 -7.5774172599E+05 -7.5773899159E+05
           HessRho_EigVec1 =  8.6184728436E-01  8.0649565091E-03  5.0710375162E-01
           HessRho_EigVec2 = -4.7212178479E-01  3.7798994477E-01  7.9638220848E-01
           HessRho_EigVec3 =  1.8525733119E-01  9.2577457198E-01 -3.2957724908E-01
           DelSqRho = -2.2732253432E+06
           Bond Ellipticity = NA
           V = -5.6832560464E+05
           G =  9.6344227232E+00
           K =  5.6831597022E+05
           L =  5.6830633580E+05
           Vnuc =  3.3536188920E+06
           Ven = -4.2275525094E+08
           Vrep =  4.2218692533E+08
           DelSqV =  2.6951808452E+11
           DelSqVen =  7.6235314790E+12
           DelSqVrep = -7.3540133945E+12
           DelSqG =  3.4162141721E+09
           DelSqK = -2.7293429869E+11
           Stress_EigVals = -1.8944288748E+05 -1.8944186543E+05 -1.8944085173E+05
           Stress_EigVec1 =  2.4562217236E-01  8.7137037536E-01 -4.2471569007E-01
           Stress_EigVec2 = -4.3981967250E-01  4.9062157661E-01  7.5222943591E-01
           Stress_EigVec3 =  8.6384512740E-01  2.0340875525E-03  5.0375337057E-01
           -DivStress = -7.0742710786E+04  8.0361898757E+04  1.1847862560E+05
           ESP =  -1.4631571393E+01     ESP at Nucleus =  -1.4631571403E+01
           ESPe = -3.3008503987E+01     ESPe at Nucleus = -3.3008504273E+01
           ESPn =  1.8376932594E+01     ESPn at Nucleus =  1.8376932870E+01

CP# 10     Coords =  4.59872514254381E+00 -2.00771958290734E+00  1.33965309835939E+00
           Type = (3,-3) NACP C10
           Rho =  1.2595603674E+02     Rho at Nucleus =  1.2595603671E+02
           GradRho =  4.0030457855E-10 -6.6210668545E-10  2.1358664490E-10
           HessRho_EigVals = -7.5721190408E+05 -7.5720885565E+05 -7.5720840741E+05
           HessRho_EigVec1 =  3.9637358613E-01  5.1863854978E-01  7.5756322172E-01
           HessRho_EigVec2 = -3.4898727938E-01  8.4832819785E-01 -3.9817979302E-01
           HessRho_EigVec3 =  8.4917363304E-01  1.0655197522E-01 -5.1725314647E-01
           DelSqRho = -2.2716291671E+06
           Bond Ellipticity = NA
           V = -5.6792807112E+05
           G =  1.0389667207E+01
           K =  5.6791768145E+05
           L =  5.6790729179E+05
           Vnuc =  2.2848376044E+07
           Ven = -2.8778908923E+09
           Vrep =  2.8773229642E+09
           DelSqV =  2.6933042795E+11
           DelSqVen =  5.1903052382E+13
           DelSqVrep = -5.1633728246E+13
           DelSqG =  3.4142326976E+09
           DelSqK = -2.7274466065E+11
           Stress_EigVals = -1.8930983828E+05 -1.8930968317E+05 -1.8930854967E+05
           Stress_EigVec1 =  8.5045981815E-01  1.0172126781E-01 -5.1611130717E-01
           Stress_EigVec2 = -3.4450834032E-01  8.4914717724E-01 -4.0032870848E-01
           Stress_EigVec3 =  3.9753251586E-01  5.1826813047E-01  7.5720937909E-01
           -DivStress = -6.4703327486E+03  1.9880875227E+04 -1.0556748158E+04
           ESP =  -1.4765299779E+01     ESP at Nucleus =  -1.4765299779E+01
           ESPe = -2.9865118791E+01     ESPe at Nucleus = -2.9865119243E+01
           ESPn =  1.5099819012E+01     ESPn at Nucleus =  1.5099819464E+01

CP# 11     Coords =  5.26491732997658E+00  1.52940614761907E+00 -1.41973577651616E+00
           Type = (3,-3) NACP C11
           Rho =  1.2595572446E+02     Rho at Nucleus =  1.2595572443E+02
           GradRho =  2.8990802380E-10  4.1011200339E-10 -3.4410811874E-10
           HessRho_EigVals = -7.5720974514E+05 -7.5720670525E+05 -7.5720626242E+05
           HessRho_EigVec1 =  3.9732730570E-01  5.1536442158E-01  7.5929607211E-01
           HessRho_EigVec2 =  6.0018471168E-01  4.7997535979E-01 -6.3984526712E-01
           HessRho_EigVec3 =  6.9419689139E-01 -7.0994589016E-01  1.1860653027E-01
           DelSqRho = -2.2716227128E+06
           Bond Ellipticity = NA
           V = -5.6792645823E+05
           G =  1.0390016934E+01
           K =  5.6791606822E+05
           L =  5.6790567820E+05
           Vnuc =  2.2823032313E+07
           Ven = -2.8746915694E+09
           Vrep =  2.8741236430E+09
           DelSqV =  2.6932966043E+11
           DelSqVen =  5.1845336662E+13
           DelSqVrep = -5.1576008050E+13
           DelSqG =  3.4142217487E+09
           DelSqK = -2.7274388218E+11
           Stress_EigVals = -1.8930929901E+05 -1.8930914550E+05 -1.8930801372E+05
           Stress_EigVec1 =  6.9868925543E-01 -7.0645541185E-01  1.1293394269E-01
           Stress_EigVec2 =  5.9443799062E-01  4.8541637911E-01 -6.4110405879E-01
           Stress_EigVec3 =  3.9809144636E-01  5.1506474345E-01  7.5909914398E-01
           -DivStress = -1.2484615821E+04 -1.3166140334E+04  1.4851526445E+04
           ESP =  -1.4764846489E+01     ESP at Nucleus =  -1.4764846489E+01
           ESPe = -2.9565652802E+01     ESPe at Nucleus = -2.9565653272E+01
           ESPn =  1.4800806313E+01     ESPn at Nucleus =  1.4800806783E+01

CP# 12     Coords =  6.12367188904007E+00 -7.08181056738631E-01 -3.52260697916370E-01
           Type = (3,-3) NACP C12
           Rho =  1.2595034119E+02     Rho at Nucleus =  1.2595034117E+02
           GradRho =  5.2366783479E-10 -1.1578967819E-10 -1.3296093219E-10
           HessRho_EigVals = -7.5718133951E+05 -7.5717844416E+05 -7.5717799807E+05
           HessRho_EigVec1 =  3.9700790836E-01  5.1762305397E-01  7.5792552055E-01
           HessRho_EigVec2 =  9.0365393184E-01 -3.6495045106E-01 -2.2409984324E-01
           HessRho_EigVec3 = -1.6060601534E-01 -7.7387178672E-01  6.1264032316E-01
           DelSqRho = -2.2715377817E+06
           Bond Ellipticity = NA
           V = -5.6790525637E+05
           G =  1.0405468317E+01
           K =  5.6789485090E+05
           L =  5.6788444543E+05
           Vnuc =  2.4154620519E+07
           Ven = -3.0422826958E+09
           Vrep =  3.0417147905E+09
           DelSqV =  2.6931965226E+11
           DelSqVen =  5.4868165263E+13
           DelSqVrep = -5.4598828834E+13
           DelSqG =  3.4141126119E+09
           DelSqK = -2.7273376488E+11
           Stress_EigVals = -1.8930221770E+05 -1.8930206732E+05 -1.8930097135E+05
           Stress_EigVec1 = -1.5950630620E-01 -7.7448187365E-01  6.1215648790E-01
           Stress_EigVec2 =  9.0353533095E-01 -3.6435524766E-01 -2.2554192344E-01
           Stress_EigVec3 =  3.9772056020E-01  5.1712965579E-01  7.5788869572E-01
           -DivStress = -2.0427139702E+04  6.8438539728E+03  5.1651098145E+03
           ESP =  -1.4766482955E+01     ESP at Nucleus =  -1.4766482955E+01
           ESPe = -2.9247324456E+01     ESPe at Nucleus = -2.9247324917E+01
           ESPn =  1.4480841501E+01     ESPn at Nucleus =  1.4480841962E+01

CP# 13     Coords = -1.90539582187615E+00  1.39405947198337E+00  3.29204818631481E+00
           Type = (3,-3) NACP H13
           Rho =  4.7692671062E-01     Rho at Nucleus =  4.7518047776E-01
           GradRho =  4.2347619010E-10  4.6765511602E-10 -1.2117607699E-09
           HessRho_EigVals = -2.4554828650E+01 -2.4552164886E+01 -2.3108203666E+01
           HessRho_EigVec1 =  9.4622430831E-01 -2.0146893174E-01  2.5312018470E-01
           HessRho_EigVec2 =  9.1903001826E-02  9.1757934637E-01  3.8678415347E-01
           HessRho_EigVec3 = -3.1018284384E-01 -3.4272206329E-01  8.8675148194E-01
           DelSqRho = -7.2215197201E+01
           Bond Ellipticity = NA
           V = -1.8068691374E+01
           G =  7.4460367919E-03
           K =  1.8061245337E+01
           L =  1.8053799300E+01
           Vnuc =  9.9557974346E+01
           Ven = -4.7481857221E+01
           Vrep =  2.9413165847E+01
           DelSqV =  2.4600903177E+04
           DelSqVen =  7.1895987689E+03
           DelSqVrep =  1.7411304408E+04
           DelSqG =  9.1274147849E+02
           DelSqK = -2.5513644655E+04
           Stress_EigVals = -6.1444811025E+00 -6.1441667553E+00 -5.7800435160E+00
           Stress_EigVec1 =  9.1168871698E-01  1.5653952547E-01  3.7989348547E-01
           Stress_EigVec2 =  2.6908231320E-01 -9.2619751629E-01 -2.6410768552E-01
           Stress_EigVec3 = -3.1051311093E-01 -3.4300661479E-01  8.8652584291E-01
           -DivStress = -3.0828744820E+01 -3.4047363838E+01  8.8213752888E+01
           ESP =  -1.1090844655E+00     ESP at Nucleus =  -1.1092469956E+00
           ESPe = -1.8089795594E+01     ESPe at Nucleus = -1.8056944093E+01
           ESPn =  1.6980711128E+01     ESPn at Nucleus =  1.6947697097E+01

CP# 14     Coords = -1.28350957665431E+00  4.16416441900661E+00  1.57358274961601E+00
           Type = (3,-3) NACP H14
           Rho =  4.7820894792E-01     Rho at Nucleus =  4.7649368271E-01
           GradRho =  9.8445557262E-17 -1.9055937384E-15  1.6566609196E-16
           HessRho_EigVals = -2.4641643022E+01 -2.4639534994E+01 -2.3215047547E+01
           HessRho_EigVec1 =  9.9811796459E-01  6.5576494089E-04  6.1319643933E-02
           HessRho_EigVec2 = -6.1168435965E-02 -6.0338866834E-02  9.9630198413E-01
           HessRho_EigVec3 = -4.3532977413E-03  9.9817773524E-01  6.0185194834E-02
           DelSqRho = -7.2496225563E+01
           Bond Ellipticity = NA
           V = -1.8139190122E+01
           G =  7.5668655914E-03
           K =  1.8131623256E+01
           L =  1.8124056391E+01
           Vnuc =  9.9644709866E+01
           Ven = -4.7650991871E+01
           Vrep =  2.9511801749E+01
           DelSqV =  2.4713305551E+04
           DelSqVen =  7.2238653626E+03
           DelSqVrep =  1.7489440189E+04
           DelSqG =  9.1736994256E+02
           DelSqK = -2.5630675494E+04
           Stress_EigVals = -6.1663231618E+00 -6.1661676060E+00 -5.8066993541E+00
           Stress_EigVec1 =  8.3511322675E-01 -2.9201962814E-02  5.4930241568E-01
           Stress_EigVec2 = -5.5006048887E-01 -5.2319173527E-02  8.3348435058E-01
           Stress_EigVec3 = -4.3996693934E-03  9.9820336077E-01  5.9755279767E-02
           -DivStress = -2.7189951902E-01  9.8572113373E+01  6.0966909253E+00
           ESP =  -1.1049459145E+00     ESP at Nucleus =  -1.1051014406E+00
           ESPe = -1.7265764095E+01     ESPe at Nucleus = -1.7230744782E+01
           ESPn =  1.6160818180E+01     ESPn at Nucleus =  1.6125643341E+01

CP# 15     Coords = -2.68090781217244E+00  2.05003631132605E+00 -2.35351385052648E+00
           Type = (3,-3) NACP H15
           Rho =  4.8302750023E-01     Rho at Nucleus =  4.8120899703E-01
           GradRho = -1.2598097092E-09 -1.6454234967E-09  4.1834267782E-09
           HessRho_EigVals = -2.4844242054E+01 -2.4837275124E+01 -2.3340769400E+01
           HessRho_EigVec1 =  9.6011215853E-01 -1.6341957961E-01  2.2688914485E-01
           HessRho_EigVec2 =  6.6295557725E-02  9.2133870764E-01  3.8306642352E-01
           HessRho_EigVec3 = -2.7164230538E-01 -3.5274498834E-01  8.9542248750E-01
           DelSqRho = -7.3022286578E+01
           Bond Ellipticity = NA
           V = -1.8269158559E+01
           G =  6.7934570239E-03
           K =  1.8262365101E+01
           L =  1.8255571644E+01
           Vnuc =  9.8694192982E+01
           Ven = -4.7672009324E+01
           Vrep =  2.9402850765E+01
           DelSqV =  2.4850266708E+04
           DelSqVen =  7.2068757053E+03
           DelSqVrep =  1.7643391003E+04
           DelSqG =  9.2143428371E+02
           DelSqK = -2.5771700992E+04
           Stress_EigVals = -6.2160741223E+00 -6.2148365936E+00 -5.8382478426E+00
           Stress_EigVec1 =  9.0804674402E-01  2.1355838564E-01  3.6033862769E-01
           Stress_EigVec2 =  3.1831548322E-01 -9.1099119604E-01 -2.6224090809E-01
           Stress_EigVec3 = -2.7226157244E-01 -3.5282836713E-01  8.9520153012E-01
           -DivStress =  2.7528126559E+01  3.5966686954E+01 -9.1447013622E+01
           ESP =  -1.1078431630E+00     ESP at Nucleus =  -1.1080157787E+00
