AIMSum (Version 17.01.25, Professional)
Copyright (c) 1997-2017 by Todd A. Keith
AIMSum is a component of the AIMAll package ( http://aim.tkgristmill.com )

TP:  64-bit Linux

Licensed To:  Research Group of Fernando Cortes Guzman, UNAM, fercor@unam.mx

Much of the Quantum Theory of Atoms in Molecules (QTAIM) is described in the book:
  "Atoms in Molecules - A Quantum Theory"
  R.F.W. Bader, Oxford University Press, Oxford, 1990

For additional references see:  http://aim.tkgristmill.com/references.html

Wfn File:  /home/alejandro/wd/aimqb_inps/proline_b2plyp_def2QZVP.wfn
Sum File:  /home/alejandro/wd/aimqb_inps/proline_b2plyp_def2QZVP.sum

SumViz File:  /home/alejandro/wd/aimqb_inps/proline_b2plyp_def2QZVP.sumviz

Wfn Title:   opt proline M062X def2TZVP                                                    
 
Total memory allocated for AIMSum =       11.260 Megabytes

Atomic units (a.u.) used throughout, except where stated otherwise

Model:  Unknown
 
Restricted, natural orbital wavefunction.
  Number of electrons (from MO Occs)                   =          61.9999998000
  Number of Alpha electrons (from MO Occs)             =          30.9999999000
  Number of Beta electrons (from MO Occs)              =          30.9999999000
  Number of electron pairs (N*(N-1)/2)                 =        1890.9999877000
  Number of electron pairs (from Muller 2EDM)          =        1890.9999778985
  Number of electron pairs (from Muller 2EDM, no SOSI) =        1891.3539371323
 
Nuclear Charges and Cartesian Coordinates:
-------------------------------------------------------------------------------
Atom      Charge                X                  Y                  Z
-------------------------------------------------------------------------------
O1         8.0          -4.2398042500E+00   1.6530571700E+00   5.5953600000E-03
O2         8.0          -3.1087318600E+00  -2.2948352000E+00  -9.7246469000E-01
N3         7.0           1.5577753500E+00  -1.7903256900E+00   1.4510535600E+00
C4         6.0          -1.6125612000E-01   3.4808611000E-01   1.3106339300E+00
C5         6.0           1.2886770700E+00   2.4269439000E+00  -1.7430722000E-01
C6         6.0           3.9072462500E+00   1.2688998700E+00  -6.1704725000E-01
C7         6.0           3.3417738700E+00  -1.5503906300E+00  -6.4732701000E-01
C8         6.0          -2.6154106700E+00  -3.0097553000E-01  -1.2945580000E-02
H9         1.0          -6.7208561000E-01   1.0121869500E+00   3.1988614100E+00
H10        1.0           1.3466584200E+00   4.2003912900E+00   8.6159302000E-01
H11        1.0           3.5402370000E-01   2.7965645900E+00  -1.9737541000E+00
H12        1.0           4.7835688400E+00   1.9389071500E+00  -2.3536549700E+00
H13        1.0           5.1600245600E+00   1.6968732700E+00   9.6169878000E-01
H14        1.0           2.5069452400E+00  -2.0906161700E+00  -2.4702862100E+00
H15        1.0           5.0049887000E+00  -2.7181587100E+00  -3.1595282000E-01
H16        1.0           5.8913551000E-01  -3.4401546300E+00   1.3811451600E+00
H17        1.0          -5.7555803500E+00   1.1151280900E+00  -8.6611178000E-01
 
Some Atomic Properties:
----------------------
  q(A) = Net Charge of Atom A
  L(A) = Lagrangian of Atom A = -(1/4) Times Atomic Integral of the Laplacian of the Electron Density
  K(A) = Electronic Kinetic Energy of Atom A (Hamiltonian Form)
  K_Scaled(A) = K(A) * E(Mol)/K(Mol) = Approximation to Virial-Based Total Energy of Atom A.
  |Mu_Intra(A)| = Magnitude of Intraatomic Dipole Moment of Atom A
--------------------------------------------------------------------------------------------------
Atom A          q(A)              L(A)              K(A)          K_Scaled(A)      |Mu_Intra(A)|
--------------------------------------------------------------------------------------------------
O1       -1.1856523535E+00 -1.3283493367E-05  7.5729931276E+01 -7.5921964206E+01  2.9963608922E-01
O2       -1.2278465400E+00  5.4413600988E-05  7.5814546600E+01 -7.6006794095E+01  5.2289520993E-01
N3       -1.0180625246E+00 -1.2661970197E-04  5.5043678127E+01 -5.5183255684E+01  3.0236247629E-01
C4        3.9048623400E-01 -1.3077919909E-04  3.7731119869E+01 -3.7826796933E+01  3.8991127475E-01
C5        8.1795879400E-02 -5.7861533810E-05  3.7872347120E+01 -3.7968382303E+01  6.6299616864E-02
C6        9.2640830400E-02 -5.2435199102E-04  3.7879500351E+01 -3.7975553673E+01  6.8830340978E-02
C7        4.0034022520E-01  1.6682883595E-04  3.7706681131E+01 -3.7802296225E+01  4.2076674613E-01
C8        1.6213381193E+00  5.9929437909E-04  3.6937333710E+01 -3.7030997924E+01  8.7153854823E-01
H9        3.9706942900E-03  3.3513547702E-05  6.3878841545E-01 -6.4040822956E-01  1.3413598349E-01
H10      -1.3850635800E-02  2.2283781895E-05  6.3963905128E-01 -6.4126102240E-01  1.3612902970E-01
H11      -2.4454294800E-02  3.8773155363E-05  6.4687294900E-01 -6.4851326355E-01  1.3369871261E-01
H12      -2.6147160000E-02  2.1775564352E-05  6.4136088935E-01 -6.4298722664E-01  1.3776460247E-01
H13      -2.4495228300E-02  2.4517383381E-05  6.4408989210E-01 -6.4572314949E-01  1.3936491219E-01
H14      -4.2124325200E-02  3.2473465581E-05  6.5047064390E-01 -6.5212008134E-01  1.4650571527E-01
H15      -1.8352883400E-02  2.5314992212E-05  6.4283493437E-01 -6.4446500948E-01  1.3712914447E-01
H16       3.7469852592E-01  3.8723456906E-05  4.8120570497E-01 -4.8242592714E-01  1.8366295291E-01
H17       6.1593076014E-01  2.3976179948E-05  3.4296234158E-01 -3.4383201177E-01  1.5849166029E-01
--------------------------------------------------------------------------------------------------
Total     2.1532305000E-04  2.2899242411E-04  4.0004336301E+02 -4.0105777696E+02
 
Molecular charge q(Mol) from the wfn file:   1.9999999382E-07
Molecular energy E(Mol) from the wfn file:  -4.0105772933E+02
Molecular virial ratio (-V(Mol)/T(Mol)) from the wfn file:   2.0025357600E+00
Note.  K_Scaled(A) = (1+V(Mol)/T(Mol))*K(A) = (E(Mol)/T(Mol))*K(A)
       Only use K_Scaled(A) data with caution.
 
N_AIMInt(SumA)     =         61.999785
N_Analytic(Mol)    =         61.999994
 
G_AIMInt(SumA)     =        400.043134
G_Analytic(Mol)    =        400.043303
 
K_AIMInt(SumA)     =        400.043363
K_Analytic(Mol)    =        400.043303
 
L_AIMInt(SumA)     =          0.000229
L_Analytic(Mol)    =          0.000000
 
VenT_AIMInt(SumA)  =      -1733.046673
VenT_Analytic(Mol) =      -1733.048700
 
Some Information About the Atomic Calculations:
----------------------------------------------
  Time(sec) = "Elapsed User Time", in Seconds, for Atom A by AIMInt and, if used, by TWOe
  NProc = Number of Processors Used for AIMInt Job
  BIM = Basin Integration Method
  OAQ = Angular Quadrature Outside of Beta Sphere
  ORQ = Multiple of Default for Radial Quadrature Outside of Beta Sphere
  IAQ = Multiple of Default for Angular Quadrature Inside of Beta Sphere
  IRQ = Multiple of Default for Radial Quadrature Inside of Beta Sphere
  MIR = Maximum Integration Radius
------------------------------------------------------------------------------------------------------
Atom A     Time(sec)   NProc      BIM              OAQ                 ORQ      IAQ      IRQ      MIR
------------------------------------------------------------------------------------------------------
O1            171       16     Proaim(5)    4334      (Very High)      1.00     1.00     1.00    13.00
O2            129       16     Proaim(5)    3074      (Very High)      1.00     1.00     1.00    13.00
N3            190       16     Proaim(5)    4334      (Very High)      1.00     1.00     1.00    13.00
C4            239       16     Proaim(5)    4334      (Very High)      1.00     1.00     1.00    13.00
C5            207       16     Proaim(5)    4334      (Very High)      1.00     1.00     1.00    13.00
C6            157       16     Proaim(5)    4334      (Very High)      1.00     1.00     1.00    13.00
C7            167       16     Proaim(5)    4334      (Very High)      1.00     1.00     1.00    13.00
C8            190       16     Proaim(5)    4334      (Very High)      1.00     1.00     1.00    13.00
H9             61       16     Proaim(5)    2030      (Very High)      1.00     1.00     1.00    13.00
H10            51       16     Proaim(5)    2030      (Very High)      1.00     1.00     1.00    13.00
H11            58       16     Proaim(5)    2030      (Very High)      1.00     1.00     1.00    13.00
H12            49       16     Proaim(5)    2030      (Very High)      1.00     1.00     1.00    13.00
H13            50       16     Proaim(5)    2030      (Very High)      1.00     1.00     1.00    13.00
H14            61       16     Proaim(5)    2030      (Very High)      1.00     1.00     1.00    13.00
H15            50       16     Proaim(5)    2030      (Very High)      1.00     1.00     1.00    13.00
H16            49       16     Proaim(5)    2030      (Very High)      1.00     1.00     1.00    13.00
H17            31       16     Proaim(5)    2030      (Very High)      1.00     1.00     1.00    13.00
------------------------------------------------------------------------------------------------------
Total        1910
Note:  Total wall clock time is less than total of atomic times if more than one atom
       was calculated at a time
 
Electron Density Critical Point Analysis of Molecular Structure:               
---------------------------------------------------------------                
  NACP = Nuclear Attractor Critical Point                                      
  NNACP = Non-Nuclear Attractor Critical Point                                 
  BCP = Bond Critical Point                                                    
  RCP = Ring Critical Point                                                    
  CCP = Cage Critical Point                                                    
  Rho = Electron Density                                                       
  GradRho = Gradient of Electron Density                                       
  HessRho_EigVals = Eigenvalues of the Hessian of Rho, Ascending Order         
  HessRho_EigVecs = Eigenvectors of the Hessian of Rho                         
  DelSqRho = Laplacian of Rho = Trace of Hessian of Rho                        
  Bond Ellipticity = (HessRho_EigVal(1) / HessRho_EigVal(2)) - 1               
  V = Virial Field = Potential Energy Density = Trace of Stress Tensor         
  G = Lagrangian Form of Kinetic Energy Density                                
  K = Hamiltonian Form of Kinetic Energy Density                               
  L = K - G = Lagrangian Density = (-1/4)DelSqRho                              
  Vnuc = Electrostatic Potential from Nuclei                                   
  Ven = Electron-nuclear attractive contribution to Virial Field V             
  Vrep = V - Ven = Repulsive contribution to Virial Field V                    
  DelSqV = Laplacian of V                                                      
  DelSqVen = Laplacian of Ven                                                  
  DelSqVrep = Laplacian of Vrep                                                
  DelSqG = Laplacian of G                                                      
  DelSqK = Laplacian of K                                                      
  Stress_EigVals = Eigenvalues of Stress Tensor, Ascending Order               
  Stress_EigVecs = Eigenvectors of Stress Tensor                               
  -DivStress = Ehrenfest Force Density = Minus Divergence of Stress Tensor     
  ESP = Total Electrostatic Potential                                          
  ESPe = Electrostatic Potential from Electrons                                
  ESPn = Electrostatic Potential from Nuclei                                   
  BP = Bond Path                                                               
  BPL = Bond Path Length                                                       
  GBL = Geometric Bond Length                                                  
  GBL_I = Distance Between Nuclear Attractors                                  
  GBL_II = Distance Between Nuclei                                             
  GBL_III = Sum of Distances Between BCP and Nuclear Attractors                
  GBL_IV = Sum of Distances Between BCP and Nuclei                             

CP# 1      Coords = -4.23980477590433E+00  1.65305457355992E+00  5.59413699832850E-03
           Type = (3,-3) NACP O1
           Rho =  3.0700671540E+02     Rho at Nucleus =  3.0700670174E+02
           GradRho = -1.2012685988E-09  2.9636876456E-10  1.1092821217E-12
           HessRho_EigVals = -3.2082312723E+06 -3.2081989053E+06 -3.2081923859E+06
           HessRho_EigVec1 =  9.1067235121E-01 -2.9651505117E-01  2.8767115457E-01
           HessRho_EigVec2 =  1.5892316255E-01  8.9417381267E-01  4.1856495450E-01
           HessRho_EigVec3 = -3.8133882198E-01 -3.3545792159E-01  8.6142247805E-01
           DelSqRho = -9.6246225636E+06
           Bond Ellipticity = NA
           V = -2.4063381037E+06
           G =  9.1231386377E+01
           K =  2.4062468723E+06
           L =  2.4061556409E+06
           Vnuc =  2.7417618959E+06
           Ven = -8.4173931406E+08
           Vrep =  8.3933297595E+08
           DelSqV =  1.9823478357E+12
           DelSqVen =  2.6388423344E+13
           DelSqVrep = -2.4406075508E+13
           DelSqG =  2.5146227236E+10
           DelSqK = -2.0074940630E+12
           Stress_EigVals = -8.0211709198E+05 -8.0211323744E+05 -8.0210777426E+05
           Stress_EigVec1 = -3.8066659347E-01 -3.3253825741E-01  8.6285065450E-01
           Stress_EigVec2 =  1.5711167274E-01  8.9627658301E-01  4.1473390147E-01
           Stress_EigVec3 =  9.1126772515E-01 -2.9343925113E-01  2.8893691179E-01
           -DivStress =  3.4519864627E+05  1.7043114164E+06  8.0278101602E+05
           ESP =  -2.2307327736E+01     ESP at Nucleus =  -2.2307327806E+01
           ESPe = -3.3137117902E+01     ESPe at Nucleus = -3.3137114871E+01
           ESPn =  1.0829790166E+01     ESPn at Nucleus =  1.0829787065E+01

CP# 2      Coords = -3.10873129280739E+00 -2.29483258317845E+00 -9.72463469325830E-01
           Type = (3,-3) NACP O2
           Rho =  3.0725378712E+02     Rho at Nucleus =  3.0725377322E+02
           GradRho = -6.5898945020E-10 -3.4527376218E-10 -1.4833867077E-10
           HessRho_EigVals = -3.2108095345E+06 -3.2107996971E+06 -3.2107744602E+06
           HessRho_EigVec1 = -3.8490996683E-01 -3.2637359161E-01  8.6332183810E-01
           HessRho_EigVec2 =  2.2280848901E-01  8.7486606312E-01  4.3007644533E-01
           HessRho_EigVec3 =  8.9565657183E-01 -3.5789614459E-01  2.6402586054E-01
           DelSqRho = -9.6323836918E+06
           Bond Ellipticity = NA
           V = -2.4082771144E+06
           G =  9.0595747674E+01
           K =  2.4081865187E+06
           L =  2.4080959229E+06
           Vnuc =  2.7185991115E+06
           Ven = -8.3529987268E+08
           Vrep =  8.3289159557E+08
           DelSqV =  1.9839434092E+12
           DelSqVen =  2.6186589692E+13
           DelSqVrep = -2.4202646291E+13
           DelSqG =  2.5166533973E+10
           DelSqK = -2.0091099432E+12
           Stress_EigVals = -8.0276475447E+05 -8.0275639652E+05 -8.0275596345E+05
           Stress_EigVec1 =  8.9756238502E-01 -3.5012507031E-01  2.6794439749E-01
           Stress_EigVec2 =  2.0394392136E-01  8.6852715254E-01  4.5173826740E-01
           Stress_EigVec3 = -3.9088187723E-01 -3.5081764556E-01  8.5096318230E-01
           -DivStress = -3.7261776148E+05 -1.7190857583E+06 -8.0190833538E+05
           ESP =  -2.2367062237E+01     ESP at Nucleus =  -2.2367062309E+01
           ESPe = -3.3572809382E+01     ESPe at Nucleus = -3.3572802828E+01
           ESPn =  1.1205747145E+01     ESPn at Nucleus =  1.1205740518E+01

CP# 3      Coords =  1.55777376465867E+00 -1.79032566829517E+00  1.45105103106375E+00
           Type = (3,-3) NACP N3
           Rho =  2.0213593232E+02     Rho at Nucleus =  2.0213592505E+02
           GradRho = -5.9938265042E-11 -1.2439491159E-10  3.8538692386E-11
           HessRho_EigVals = -1.6324129917E+06 -1.6324100021E+06 -1.6323902304E+06
           HessRho_EigVec1 = -7.2879689428E-01  5.6131848328E-01  3.9214365637E-01
           HessRho_EigVec2 =  4.3494955597E-01  8.2181972369E-01 -3.6800981714E-01
           HessRho_EigVec3 =  5.2884210371E-01  9.7641702583E-02  8.4308488734E-01
           DelSqRho = -4.8972132242E+06
           Bond Ellipticity = NA
           V = -1.2243714223E+06
           G =  3.4058102139E+01
           K =  1.2243373642E+06
           L =  1.2243033061E+06
           Vnuc =  2.3451938821E+06
           Ven = -4.7404795183E+08
           Vrep =  4.7282358041E+08
           DelSqV =  7.8577436830E+11
           DelSqVen =  1.1484914442E+13
           DelSqVrep = -1.0699140074E+13
           DelSqG =  9.8877766613E+09
           DelSqK = -7.9566214496E+11
           Stress_EigVals = -4.0812654525E+05 -4.0812285833E+05 -4.0812201868E+05
           Stress_EigVec1 =  5.3297110001E-01  1.3369429281E-01  8.3550442406E-01
           Stress_EigVec2 =  4.1318454413E-01  8.2057909004E-01 -3.9487781589E-01
           Stress_EigVec3 = -7.3839037036E-01  5.5567597848E-01  3.8210452484E-01
           -DivStress =  4.1249938881E+05 -5.6527187718E+03  6.5802396322E+05
           ESP =  -1.8405750567E+01     ESP at Nucleus =  -1.8405750619E+01
           ESPe = -3.1505728749E+01     ESPe at Nucleus = -3.1505724704E+01
           ESPn =  1.3099978181E+01     ESPn at Nucleus =  1.3099974085E+01

CP# 4      Coords = -1.61256031048639E-01  3.48085475120719E-01  1.31063360528854E+00
           Type = (3,-3) NACP C4
           Rho =  1.2464305432E+02     Rho at Nucleus =  1.2464305413E+02
           GradRho =  1.2146413677E-12  1.6621171434E-11 -3.1669836845E-11
           HessRho_EigVals = -7.4204584553E+05 -7.4204452207E+05 -7.4204362097E+05
           HessRho_EigVec1 =  7.0489257255E-01 -6.5515498634E-01  2.7184261078E-01
           HessRho_EigVec2 =  6.5360992340E-01  7.4881527777E-01  1.0986240399E-01
           HessRho_EigVec3 = -2.7553680189E-01  1.0023783544E-01  9.5605012795E-01
           DelSqRho = -2.2261339886E+06
           Bond Ellipticity = NA
           V = -5.5655416876E+05
           G =  1.0335811061E+01
           K =  5.5654383295E+05
           L =  5.5653349714E+05
           Vnuc =  8.3492956212E+06
           Ven = -1.0406817077E+09
           Vrep =  1.0401251535E+09
           DelSqV =  2.6388427881E+11
           DelSqVen =  1.8586650280E+13
           DelSqVrep = -1.8322766001E+13
           DelSqG =  3.3133711410E+09
           DelSqK = -2.6719764995E+11
           Stress_EigVals = -1.8551835787E+05 -1.8551806269E+05 -1.8551774820E+05
           Stress_EigVec1 = -3.0369789040E-01  1.1756428887E-01  9.4548729730E-01
           Stress_EigVec2 =  6.7039076182E-01  7.3150980847E-01  1.2437695356E-01
           Stress_EigVec3 = -6.7701094366E-01  6.7161896794E-01 -3.0097199882E-01
           -DivStress = -7.7754084649E+03  5.5479422059E+04  2.8372112485E+04
           ESP =  -1.4724333643E+01     ESP at Nucleus =  -1.4724333646E+01
           ESPe = -2.9687101014E+01     ESPe at Nucleus = -2.9687100329E+01
           ESPn =  1.4962767371E+01     ESPn at Nucleus =  1.4962766683E+01

CP# 5      Coords =  1.28867689426478E+00  2.42694354739314E+00 -1.74307045682652E-01
           Type = (3,-3) NACP C5
           Rho =  1.2464108667E+02     Rho at Nucleus =  1.2464108660E+02
           GradRho = -1.0595456736E-09 -2.0999838271E-09  1.0560926534E-09
           HessRho_EigVals = -7.4202893195E+05 -7.4202766528E+05 -7.4202716342E+05
           HessRho_EigVec1 =  7.1015769527E-01  4.9116619030E-01 -5.0441235250E-01
           HessRho_EigVec2 = -6.5382340229E-01  7.2582974667E-01 -2.1374315771E-01
           HessRho_EigVec3 =  2.6113407756E-01  4.8158794872E-01  8.3658952969E-01
           DelSqRho = -2.2260837606E+06
           Bond Ellipticity = NA
           V = -5.5654201057E+05
           G =  1.0535206094E+01
           K =  5.5653147537E+05
           L =  5.5652094016E+05
           Vnuc =  1.3927126109E+07
           Ven = -1.7358921324E+09
           Vrep =  1.7353355903E+09
           DelSqV =  2.6387839134E+11
           DelSqVen =  3.1002943554E+13
           DelSqVrep = -3.0739065162E+13
           DelSqG =  3.3132760778E+09
           DelSqK = -2.6719166742E+11
           Stress_EigVals = -1.8551422830E+05 -1.8551408479E+05 -1.8551369748E+05
           Stress_EigVec1 =  2.3246831826E-01  5.1552809482E-01  8.2473587557E-01
           Stress_EigVec2 = -6.4246776432E-01  7.1802191630E-01 -2.6773064733E-01
           Stress_EigVec3 =  7.3020110437E-01  4.6762732080E-01 -4.9812752988E-01
           -DivStress =  1.5354008910E+04  3.0812113419E+04 -1.5231968125E+04
           ESP =  -1.4760398774E+01     ESP at Nucleus =  -1.4760398775E+01
           ESPe = -2.8024684367E+01     ESPe at Nucleus = -2.8024683746E+01
           ESPn =  1.3264285593E+01     ESPn at Nucleus =  1.3264284971E+01

CP# 6      Coords =  3.90724597687214E+00  1.26889991829231E+00 -6.17047272027863E-01
           Type = (3,-3) NACP C6
           Rho =  1.2463459800E+02     Rho at Nucleus =  1.2463459797E+02
           GradRho = -7.6365282343E-10  1.7582397361E-10 -6.4747298439E-11
           HessRho_EigVals = -7.4198754693E+05 -7.4198681393E+05 -7.4198630638E+05
           HessRho_EigVec1 = -6.4248356420E-01  7.4617396988E-01  1.7446855423E-01
           HessRho_EigVec2 =  7.4923586204E-01  6.5945824281E-01 -6.1322500118E-02
           HessRho_EigVec3 =  1.6081197955E-01 -9.1319399186E-02  9.8275137983E-01
           DelSqRho = -2.2259606672E+06
           Bond Ellipticity = NA
           V = -5.5651133155E+05
           G =  1.0582371310E+01
           K =  5.5650074918E+05
           L =  5.5649016681E+05
           Vnuc =  2.1564310004E+07
           Ven = -2.6876591084E+09
           Vrep =  2.6871025971E+09
           DelSqV =  2.6386382594E+11
           DelSqVen =  4.8001313669E+13
           DelSqVrep = -4.7737441455E+13
           DelSqG =  3.3130825706E+09
           DelSqK = -2.6717690851E+11
           Stress_EigVals = -1.8550395045E+05 -1.8550381439E+05 -1.8550356670E+05
           Stress_EigVec1 =  1.2754746551E-01 -1.1084795096E-01  9.8561877813E-01
           Stress_EigVec2 =  7.7993700511E-01  6.2510817061E-01 -3.0627489134E-02
           Stress_EigVec3 = -6.1272335691E-01  7.7262701661E-01  1.6618538173E-01
           -DivStress =  2.3866408982E+04 -4.2177156587E+03  1.9235892339E+03
           ESP =  -1.4770547236E+01     ESP at Nucleus =  -1.4770547236E+01
           ESPe = -2.7094018812E+01     ESPe at Nucleus = -2.7094018450E+01
           ESPn =  1.2323471577E+01     ESPn at Nucleus =  1.2323471214E+01

CP# 7      Coords =  3.34177325848202E+00 -1.55039063587826E+00 -6.47326308176235E-01
           Type = (3,-3) NACP C7
           Rho =  1.2464408098E+02     Rho at Nucleus =  1.2464408066E+02
           GradRho =  1.0007757641E-10  8.0735430566E-11  1.1346072168E-11
           HessRho_EigVals = -7.4204356886E+05 -7.4204131977E+05 -7.4204084831E+05
           HessRho_EigVec1 = -6.3509070374E-01 -2.2961516829E-01  7.3752062515E-01
           HessRho_EigVec2 =  1.7952852677E-01  8.8477261467E-01  4.3005456445E-01
           HessRho_EigVec3 = -7.5128510308E-01  4.0552964728E-01 -5.2068838961E-01
           DelSqRho = -2.2261257369E+06
           Bond Ellipticity = NA
           V = -5.5655223051E+05
           G =  1.0398133959E+01
           K =  5.5654183237E+05
           L =  5.5653143424E+05
           Vnuc =  6.4454976614E+06
           Ven = -8.0339313245E+08
           Vrep =  8.0283658022E+08
           DelSqV =  2.6388324688E+11
           DelSqVen =  1.4348488016E+13
           DelSqVrep = -1.4084604769E+13
           DelSqG =  3.3133196018E+09
           DelSqK = -2.6719656649E+11
           Stress_EigVals = -1.8551772087E+05 -1.8551757145E+05 -1.8551693819E+05
           Stress_EigVec1 = -7.5165787006E-01  4.3254392479E-01 -4.9791183909E-01
           Stress_EigVec2 =  1.8774976813E-01  8.6401361441E-01  4.6715147295E-01
           Stress_EigVec3 = -6.3226613933E-01 -2.5765524882E-01  7.3065265470E-01
           -DivStress =  5.3435984513E+04  5.1294672258E+02 -6.1327675749E+04
           ESP =  -1.4749308964E+01     ESP at Nucleus =  -1.4749308968E+01
           ESPe = -2.7555543317E+01     ESPe at Nucleus = -2.7555542035E+01
           ESPn =  1.2806234353E+01     ESPn at Nucleus =  1.2806233067E+01

CP# 8      Coords = -2.61541219263046E+00 -3.00974436469200E-01 -1.29457969350728E-02
           Type = (3,-3) NACP C8
           Rho =  1.2491283231E+02     Rho at Nucleus =  1.2491283098E+02
           GradRho =  9.9934665381E-12  1.2957201304E-11 -5.4246713806E-13
           HessRho_EigVals = -7.4362911456E+05 -7.4362642597E+05 -7.4362330224E+05
           HessRho_EigVec1 = -3.6958642694E-01 -3.2521703105E-01  8.7042504315E-01
           HessRho_EigVec2 = -6.3152252337E-01  7.7506108034E-01  2.1438848326E-02
           HessRho_EigVec3 =  6.8160485290E-01  5.4176951231E-01  4.9183393543E-01
           DelSqRho = -2.2308788428E+06
           Bond Ellipticity = NA
           V = -5.5773945371E+05
           G =  9.8715057029E+00
           K =  5.5772958220E+05
           L =  5.5771971069E+05
           Vnuc =  3.1794398724E+06
           Ven = -3.9715283962E+08
           Vrep =  3.9659510017E+08
           DelSqV =  2.6444544846E+11
           DelSqVen =  7.0929452237E+12
           DelSqVrep = -6.8284997752E+12
           DelSqG =  3.3203186385E+09
           DelSqK = -2.6776576710E+11
           Stress_EigVals = -1.8591419868E+05 -1.8591308771E+05 -1.8591216732E+05
           Stress_EigVec1 =  5.8767682962E-01  6.4339739607E-01  4.9058713259E-01
           Stress_EigVec2 =  7.1788387937E-01 -6.9431918523E-01  5.0632052708E-02
           Stress_EigVec3 = -3.7320058905E-01 -3.2242930970E-01  8.6991991619E-01
           -DivStress =  1.3332694284E+05 -9.5762564979E+04  1.8991944220E+04
           ESP =  -1.4640577013E+01     ESP at Nucleus =  -1.4640577026E+01
           ESPe = -2.9707097978E+01     ESPe at Nucleus = -2.9707098685E+01
           ESPn =  1.5066520966E+01     ESPn at Nucleus =  1.5066521659E+01

CP# 9      Coords = -6.69304615619197E-01  1.00832836237700E+00  3.18781347005587E+00
           Type = (3,-3) NACP H9
           Rho =  4.7210293476E-01     Rho at Nucleus =  4.7043502229E-01
           GradRho =  9.9840384970E-10 -1.3835026721E-09 -3.9602830521E-09
           HessRho_EigVals = -2.3752687718E+01 -2.3742910054E+01 -2.2380759076E+01
           HessRho_EigVec1 = -6.2786292781E-01  6.6972697358E-01 -3.9655254979E-01
           HessRho_EigVec2 =  7.4164510900E-01  6.6936218611E-01 -4.3781230011E-02
           HessRho_EigVec3 = -2.3611581096E-01  3.2158987027E-01  9.1696743626E-01
           DelSqRho = -6.9876356847E+01
           Bond Ellipticity = NA
           V = -1.7488539333E+01
           G =  9.7250607287E-03
           K =  1.7478814273E+01
           L =  1.7469089212E+01
           Vnuc =  9.7113171727E+01
           Ven = -4.5847413376E+01
           Vrep =  2.8358874042E+01
           DelSqV =  2.3779340203E+04
           DelSqVen =  6.7859147017E+03
           DelSqVrep =  1.6993425501E+04
           DelSqG =  8.6429654155E+02
           DelSqK = -2.4643636745E+04
           Stress_EigVals = -5.9442717858E+00 -5.9434741782E+00 -5.6007933693E+00
           Stress_EigVec1 = -5.5175894071E-01  7.3222098902E-01 -3.9926744744E-01
           Stress_EigVec2 =  7.9976263461E-01  6.0030084032E-01 -4.3161772794E-03
           Stress_EigVec3 = -2.3652018862E-01  3.2170067508E-01  9.1682434306E-01
           -DivStress = -2.2089739198E+01  3.0649343618E+01  8.7759476854E+01
           ESP =  -1.1083686661E+00     ESP at Nucleus =  -1.1085534207E+00
           ESPe = -1.5084158762E+01     ESPe at Nucleus = -1.5048283233E+01
           ESPn =  1.3975790096E+01     ESPn at Nucleus =  1.3939729812E+01

CP# 10     Coords =  1.34634036357195E+00  4.18996914173155E+00  8.55599618618250E-01
           Type = (3,-3) NACP H10
           Rho =  4.7181420180E-01     Rho at Nucleus =  4.7014841841E-01
           GradRho = -4.1325652318E-12 -1.3556110397E-10 -7.7946202582E-11
           HessRho_EigVals = -2.3720486128E+01 -2.3720043138E+01 -2.2358106720E+01
           HessRho_EigVec1 = -1.4408359396E-01 -4.8956743238E-01  8.5997886434E-01
           HessRho_EigVec2 =  9.8921679099E-01 -9.4326990471E-02  1.1203820457E-01
           HessRho_EigVec3 =  2.6268962003E-02  8.6684839968E-01  4.9787929623E-01
           DelSqRho = -6.9798635986E+01
           Bond Ellipticity = NA
           V = -1.7469899267E+01
           G =  1.0120135158E-02
           K =  1.7459779132E+01
           L =  1.7449658996E+01
           Vnuc =  9.5831354904E+01
           Ven = -4.5214594222E+01
           Vrep =  2.7744694955E+01
           DelSqV =  2.3754566058E+04
           DelSqVen =  6.6888978591E+03
           DelSqVrep =  1.7065668199E+04
           DelSqG =  8.6293882631E+02
           DelSqK = -2.4617504885E+04
           Stress_EigVals = -5.9378885296E+00 -5.9374969221E+00 -5.5945138150E+00
           Stress_EigVec1 =  6.7523198697E-01 -3.8273970493E-01  6.3053317283E-01
           Stress_EigVec2 = -7.3713182066E-01 -3.1952101630E-01  5.9543513426E-01
           Stress_EigVec3 =  2.6428067401E-02  8.6684291450E-01  4.9788042625E-01
           -DivStress =  2.5241001208E+00  8.2703564557E+01  4.7561008968E+01
           ESP =  -1.1152761367E+00     ESP at Nucleus =  -1.1154627600E+00
           ESPe = -1.3798786089E+01     ESPe at Nucleus = -1.3765777891E+01
           ESPn =  1.2683509953E+01     ESPn at Nucleus =  1.2650315131E+01

CP# 11     Coords =  3.59349183853182E-01  2.79422221580081E+00 -1.96341363152303E+00
           Type = (3,-3) NACP H11
           Rho =  4.7278554793E-01     Rho at Nucleus =  4.7115922402E-01
           GradRho =  2.8290502209E-11 -1.2432454974E-11  5.4925043931E-11
           HessRho_EigVals = -2.3782149255E+01 -2.3780047767E+01 -2.2446903871E+01
           HessRho_EigVec1 =  8.8292271984E-01 -5.0032047792E-02 -4.6684501173E-01
           HessRho_EigVec2 =  1.3465539870E-01  9.7952042897E-01  1.4969185959E-01
           HessRho_EigVec3 =  4.4979483588E-01 -1.9502954499E-01  8.7157792663E-01
           DelSqRho = -7.0009100894E+01
           Bond Ellipticity = NA
           V = -1.7523055347E+01
           G =  1.0390061674E-02
           K =  1.7512665285E+01
           L =  1.7502275224E+01
           Vnuc =  9.8048062118E+01
           Ven = -4.6355706772E+01
           Vrep =  2.8832651425E+01
           DelSqV =  2.3845068621E+04
           DelSqVen =  6.8642566742E+03
           DelSqVrep =  1.6980811946E+04
           DelSqG =  8.6636704070E+02
           DelSqK = -2.4711435661E+04
           Stress_EigVals = -5.9532928197E+00 -5.9527568715E+00 -5.6170056556E+00
           Stress_EigVec1 =  7.9748572775E-01 -3.5201758823E-01 -4.9000013430E-01
           Stress_EigVec2 =  4.0242767065E-01  9.1544780051E-01 -2.7008219099E-03
           Stress_EigVec3 =  4.4952028201E-01 -1.9503574573E-01  8.7171817347E-01
           -DivStress = -4.2389777436E+01  1.8644170478E+01 -8.2310419537E+01
           ESP =  -1.1153702107E+00     ESP at Nucleus =  -1.1155453183E+00
           ESPe = -1.4880303200E+01     ESPe at Nucleus = -1.4851217813E+01
           ESPn =  1.3764932989E+01     ESPn at Nucleus =  1.3735672494E+01

CP# 12     Coords =  4.77841700602482E+00  1.93500848081716E+00 -2.34364652445409E+00
           Type = (3,-3) NACP H12
           Rho =  4.7112152969E-01     Rho at Nucleus =  4.6948850235E-01
           GradRho = -1.5936269909E-12 -1.2112022405E-12  3.1128769241E-12
           HessRho_EigVals = -2.3692737119E+01 -2.3691221331E+01 -2.2353463959E+01
           HessRho_EigVec1 = -8.7635420826E-01 -6.6240961656E-02 -4.7709059587E-01
           HessRho_EigVec2 = -2.1173763563E-01  9.4264244404E-01  2.5805502582E-01
           HessRho_EigVec3 = -4.3263203225E-01 -3.2716564259E-01  8.4011437732E-01
           DelSqRho = -6.9737422409E+01
           Bond Ellipticity = NA
           V = -1.7454496735E+01
           G =  1.0070566215E-02
           K =  1.7444426168E+01
           L =  1.7434355602E+01
           Vnuc =  9.5812033285E+01
           Ven = -4.5139111684E+01
           Vrep =  2.7684614950E+01
           DelSqV =  2.3747182348E+04
           DelSqVen =  6.6816842371E+03
           DelSqVrep =  1.7065498111E+04
           DelSqG =  8.6267370931E+02
           DelSqK = -2.4609856057E+04
           Stress_EigVals = -5.9307953458E+00 -5.9303777792E+00 -5.5933236095E+00
           Stress_EigVec1 =  8.5732281673E-01  1.3912838942E-01  4.9562170975E-01
           Stress_EigVec2 = -2.7901864124E-01  9.3468278519E-01  2.2026504241E-01
           Stress_EigVec3 = -4.3260395947E-01 -3.2712594261E-01  8.4014429232E-01
           -DivStress =  4.0848872854E+01  3.0913077713E+01 -7.9358513756E+01
           ESP =  -1.1186314297E+00     ESP at Nucleus =  -1.1188154720E+00
           ESPe = -1.2985921560E+01     ESPe at Nucleus = -1.2954474046E+01
           ESPn =  1.1867290130E+01     ESPn at Nucleus =  1.1835658574E+01

CP# 13     Coords =  5.15275705791131E+00  1.69443394073488E+00  9.52618728280974E-01
           Type = (3,-3) NACP H13
           Rho =  4.7231897647E-01     Rho at Nucleus =  4.7068961565E-01
           GradRho = -2.1950743415E-12 -7.3381187404E-13 -2.7335844064E-12
           HessRho_EigVals = -2.3754950536E+01 -2.3753091376E+01 -2.2416415230E+01
           HessRho_EigVec1 = -4.0978521150E-01  9.0845858593E-01  8.2335157011E-02
           HessRho_EigVec2 =  6.7619970972E-01  3.6311484358E-01 -6.4101603954E-01
           HessRho_EigVec3 =  6.1223364250E-01  2.0700388407E-01  7.6309852507E-01
           DelSqRho = -6.9924457142E+01
           Bond Ellipticity = NA
           V = -1.7501419429E+01
           G =  1.0152571605E-02
           K =  1.7491266857E+01
           L =  1.7481114286E+01
           Vnuc =  9.6437148119E+01
           Ven = -4.5549095093E+01
           Vrep =  2.8047675665E+01
           DelSqV =  2.3813621865E+04
           DelSqVen =  6.7433152306E+03
           DelSqVrep =  1.7070306635E+04
           DelSqG =  8.6511002421E+02
           DelSqK = -2.4678731890E+04
           Stress_EigVals = -5.9463289828E+00 -5.9457990631E+00 -5.6092913829E+00
           Stress_EigVec1 = -4.1061563382E-01  9.0797126667E-01  8.3564227797E-02
           Stress_EigVec2 =  6.7571876797E-01  3.6455008375E-01 -6.4070850084E-01
           Stress_EigVec3 =  6.1220825532E-01  2.0661901011E-01  7.6322318936E-01
           -DivStress =  5.7777223825E+01  1.9393159476E+01  7.2188708284E+01
           ESP =  -1.1256856264E+00     ESP at Nucleus =  -1.1258657220E+00
           ESPe = -1.3411552377E+01     ESPe at Nucleus = -1.3380730122E+01
           ESPn =  1.2285866751E+01     ESPn at Nucleus =  1.2254864401E+01

CP# 14     Coords =  2.51156122766438E+00 -2.08748256019009E+00 -2.46011278560772E+00
           Type = (3,-3) NACP H14
           Rho =  4.7356181217E-01     Rho at Nucleus =  4.7200247624E-01
           GradRho =  1.5769804009E-12  1.0760573531E-12  3.4912856045E-12
           HessRho_EigVals = -2.3830266185E+01 -2.3825214397E+01 -2.2533993280E+01
           HessRho_EigVec1 =  8.3604198249E-01  2.9102882847E-01 -4.6511936589E-01
           HessRho_EigVec2 = -3.8024514683E-01  9.1846502600E-01 -1.0879165563E-01
           HessRho_EigVec3 =  3.9553436240E-01  2.6781377302E-01  8.7853762079E-01
           DelSqRho = -7.0189473861E+01
           Bond Ellipticity = NA
           V = -1.7567232450E+01
           G =  9.9319922270E-03
           K =  1.7557300458E+01
           L =  1.7547368465E+01
           Vnuc =  9.9455079762E+01
           Ven = -4.7098127801E+01
           Vrep =  2.9530895352E+01
           DelSqV =  2.3934171536E+04
           DelSqVen =  6.9806997214E+03
           DelSqVrep =  1.6953471814E+04
           DelSqG =  8.6932103843E+02
           DelSqK = -2.4803492574E+04
           Stress_EigVals = -5.9640109264E+00 -5.9636207885E+00 -5.6396007349E+00
           Stress_EigVec1 =  6.2333791761E-01  6.2384768019E-01 -4.7144873781E-01
           Stress_EigVec2 = -6.7422811812E-01  7.3417193494E-01  8.0050076081E-02
           Stress_EigVec3 =  3.9606348633E-01  2.6796574756E-01  8.7825285251E-01
           -DivStress = -3.6842268395E+01 -2.5009693598E+01 -8.1193227736E+01
           ESP =  -1.1313088488E+00     ESP at Nucleus =  -1.1314812861E+00
           ESPe = -1.4400439188E+01     ESPe at Nucleus = -1.4372778011E+01
           ESPn =  1.3269130340E+01     ESPn at Nucleus =  1.3241296724E+01

CP# 15     Coords =  4.99530535776418E+00 -2.71136902865487E+00 -3.17895235611337E-01
           Type = (3,-3) NACP H15
           Rho =  4.7480674166E-01     Rho at Nucleus =  4.7314144414E-01
           GradRho = -3.2964278168E-12  2.3145144958E-12 -6.6137106952E-13
           HessRho_EigVals = -2.3883276353E+01 -2.3875834743E+01 -2.2512364411E+01
           HessRho_EigVec1 = -1.8065824417E-01  1.8592738816E-02  9.8337017896E-01
           HessRho_EigVec2 =  5.6044860003E-01  8.2356556988E-01  8.7390610709E-02
           HessRho_EigVec3 =  8.0824499104E-01 -5.6691627440E-01  1.5920418426E-01
           DelSqRho = -7.0271475507E+01
           Bond Ellipticity = NA
           V = -1.7586694731E+01
           G =  9.4129271803E-03
           K =  1.7577281804E+01
           L =  1.7567868877E+01
           Vnuc =  9.5412098744E+01
           Ven = -4.5302307719E+01
           Vrep =  2.7715612988E+01
           DelSqV =  2.3919096725E+04
           DelSqVen =  6.7047489600E+03
           DelSqVrep =  1.7214347765E+04
           DelSqG =  8.6908605338E+02
           DelSqK = -2.4788182778E+04
           Stress_EigVals = -5.9773095651E+00 -5.9761143195E+00 -5.6332708466E+00
           Stress_EigVec1 =  1.0203846867E-01  4.0041274170E-01  9.1063592461E-01
           Stress_EigVec2 =  5.7968644647E-01  7.1999321455E-01 -3.8154081665E-01
           Stress_EigVec3 =  8.0842549112E-01 -5.6681514384E-01  1.5864683430E-01
           -DivStress =  7.7357785568E+01 -5.4242308253E+01  1.5517983677E+01
           ESP =  -1.1256648298E+00     ESP at Nucleus =  -1.1258500826E+00
           ESPe = -1.3100029524E+01     ESPe at Nucleus = -1.3067041138E+01
           ESPn =  1.1974364694E+01     ESPn at Nucleus =  1.1941191056E+01

CP# 16     Coords =  5.96993044062803E-01 -3.42637411320454E+00  1.38138821474468E+00
           Type = (3,-3) NACP H16
           Rho =  4.6118155918E-01     Rho at Nucleus =  4.5843679676E-01
           GradRho =  3.5015383080E-13  6.1958077955E-13  8.9721984244E-15
           HessRho_EigVals = -2.2856908503E+01 -2.2841074500E+01 -2.0685892042E+01
           HessRho_EigVec1 =  7.8364202272E-01 -4.3934762310E-01 -4.3917974260E-01
           HessRho_EigVec2 =  3.7285897230E-01 -2.3281327076E-01  8.9820608311E-01
           HessRho_EigVec3 =  4.9687157999E-01  8.6762413926E-01  1.8627559179E-02
           DelSqRho = -6.6383875045E+01
           Bond Ellipticity = NA
           V = -1.6638901595E+01
           G =  2.1466417120E-02
           K =  1.6617435178E+01
           L =  1.6595968761E+01
           Vnuc =  7.7251849173E+01
           Ven = -3.5627128251E+01
           Vrep =  1.8988226655E+01
           DelSqV =  2.2117578919E+04
           DelSqVen =  5.1282771025E+03
           DelSqVrep =  1.6989301816E+04
           DelSqG =  8.0056845761E+02
           DelSqK = -2.2918147376E+04
           Stress_EigVals = -5.7322361825E+00 -5.7259392846E+00 -5.1807261284E+00
           Stress_EigVec1 =  3.6575420351E-01 -2.2520761107E-01  9.0305337303E-01
           Stress_EigVec2 =  7.8787156614E-01 -4.4160737591E-01 -4.2923341064E-01
           Stress_EigVec3 =  4.9546166138E-01  8.6848399954E-01  1.5914919201E-02
           -DivStress = -5.9182629641E+01 -1.0379448292E+02 -1.8318615318E+00
