AIMSum (Version 17.01.25, Professional)
Copyright (c) 1997-2017 by Todd A. Keith
AIMSum is a component of the AIMAll package ( http://aim.tkgristmill.com )

TP:  64-bit Linux

Licensed To:  Research Group of Fernando Cortes Guzman, UNAM, fercor@unam.mx

Much of the Quantum Theory of Atoms in Molecules (QTAIM) is described in the book:
  "Atoms in Molecules - A Quantum Theory"
  R.F.W. Bader, Oxford University Press, Oxford, 1990

For additional references see:  http://aim.tkgristmill.com/references.html

Wfn File:  /home/alejandro/wd/aimqb_inps/threonine_b2plyp_def2QZVP.wfn
Sum File:  /home/alejandro/wd/aimqb_inps/threonine_b2plyp_def2QZVP.sum

SumViz File:  /home/alejandro/wd/aimqb_inps/threonine_b2plyp_def2QZVP.sumviz

Wfn Title:   opt threonine M062X def2TZVP                                                  
 
Total memory allocated for AIMSum =       11.236 Megabytes

Atomic units (a.u.) used throughout, except where stated otherwise

Model:  Unknown
 
Restricted, natural orbital wavefunction.
  Number of electrons (from MO Occs)                   =          63.9999988000
  Number of Alpha electrons (from MO Occs)             =          31.9999994000
  Number of Beta electrons (from MO Occs)              =          31.9999994000
  Number of electron pairs (N*(N-1)/2)                 =        2015.9999238000
  Number of electron pairs (from Muller 2EDM)          =        2015.9999110487
  Number of electron pairs (from Muller 2EDM, no SOSI) =        2016.3603004008
 
Nuclear Charges and Cartesian Coordinates:
-------------------------------------------------------------------------------
Atom      Charge                X                  Y                  Z
-------------------------------------------------------------------------------
O1         8.0           1.9955556500E+00  -3.1646308100E+00  -3.6031774000E-01
O2         8.0          -3.4409590100E+00  -2.0290023500E+00  -5.7267579000E-01
O3         8.0          -2.7701713300E+00   1.0485763200E+00   2.2405671900E+00
N4         7.0           3.3935178000E-01   3.5345312900E+00  -1.4383949100E+00
C5         6.0           2.3931558400E+00  -5.3386197000E-01  -6.2581347000E-01
C6         6.0          -6.4366300000E-02   8.2786628000E-01  -1.4226162800E+00
C7         6.0           3.4351747800E+00   3.9805186000E-01   1.8709688800E+00
C8         6.0          -2.2106988700E+00   1.1520720000E-02   3.0524430000E-01
H9         1.0          -5.3275222000E-01   2.0719586000E-01  -3.3352548200E+00
H10        1.0           3.7661265000E+00  -1.4478844000E-01  -2.1257510600E+00
H11        1.0           3.9888392400E+00   2.3754570100E+00   1.7363479300E+00
H12        1.0           5.0993637400E+00  -7.1386499000E-01   2.3507786700E+00
H13        1.0           2.0422585000E+00   1.7452274000E-01   3.3736852000E+00
H14        1.0           2.9849457000E-01   4.1880985900E+00   3.6487260000E-01
H15        1.0          -1.0748973200E+00   4.4202826100E+00  -2.3746702900E+00
H16        1.0           1.1340079900E+00  -3.8097343800E+00  -1.8268673800E+00
H17        1.0          -4.6918987100E+00  -2.4998947900E+00   6.7833365000E-01
 
Some Atomic Properties:
----------------------
  q(A) = Net Charge of Atom A
  L(A) = Lagrangian of Atom A = -(1/4) Times Atomic Integral of the Laplacian of the Electron Density
  K(A) = Electronic Kinetic Energy of Atom A (Hamiltonian Form)
  K_Scaled(A) = K(A) * E(Mol)/K(Mol) = Approximation to Virial-Based Total Energy of Atom A.
  |Mu_Intra(A)| = Magnitude of Intraatomic Dipole Moment of Atom A
--------------------------------------------------------------------------------------------------
Atom A          q(A)              L(A)              K(A)          K_Scaled(A)      |Mu_Intra(A)|
--------------------------------------------------------------------------------------------------
O1       -1.1441062122E+00  5.7650045237E-05  7.5603403869E+01 -7.5787376435E+01  2.1877341018E-01
O2       -1.1851835534E+00  9.0523963696E-05  7.5734594644E+01 -7.5918886449E+01  2.9019458178E-01
O3       -1.2259046833E+00  2.8475753918E-05  7.5817329604E+01 -7.6001822736E+01  5.2190487090E-01
N4       -1.0371040149E+00  1.5167895803E-05  5.4996640193E+01 -5.5130468467E+01  2.5907704482E-01
C5        5.8388725890E-01  1.4385490660E-04  3.7573440405E+01 -3.7664871240E+01  5.7640439844E-01
C6        4.0795810610E-01 -2.4741065852E-04  3.7736193857E+01 -3.7828020734E+01  3.9132714459E-01
C7        8.8139060900E-02  6.4511544664E-05  3.7873801779E+01 -3.7965963509E+01  7.4933522721E-02
C8        1.6290516165E+00 -6.4398495741E-04  3.6928723169E+01 -3.7018585155E+01  8.6528124399E-01
H9       -6.9428992000E-03  3.6922774034E-05  6.4435832298E-01 -6.4592629808E-01  1.3139712911E-01
H10      -1.5805158900E-02  3.3999559307E-05  6.4952718226E-01 -6.5110773521E-01  1.4235402978E-01
H11      -1.5198573200E-02  2.9998527416E-05  6.3533154971E-01 -6.3687755915E-01  1.3006770976E-01
H12      -6.3309989000E-03  2.0072359873E-05  6.3023196853E-01 -6.3176556870E-01  1.3626187103E-01
H13      -2.5423827000E-03 -8.5230938414E-06  6.2983745452E-01 -6.3137009469E-01  1.2667192361E-01
H14       3.7518913343E-01  4.1298048129E-05  4.7824513281E-01 -4.7940888973E-01  1.8345422836E-01
H15       3.5675757531E-01  2.8637364773E-05  4.8707588886E-01 -4.8826113446E-01  1.9399639104E-01
H16       5.8119266707E-01  4.0341421081E-05  3.6792614667E-01 -3.6882145447E-01  1.7162351069E-01
H17       6.1688591220E-01  2.3156866282E-05  3.4196241792E-01 -3.4279454585E-01  1.5820879019E-01
--------------------------------------------------------------------------------------------------
Total    -5.7146290001E-05 -2.4530767896E-04  4.3712862358E+02 -4.3819232801E+02
 
Molecular charge q(Mol) from the wfn file:   1.2000000156E-06
Molecular energy E(Mol) from the wfn file:  -4.3819234384E+02
Molecular virial ratio (-V(Mol)/T(Mol)) from the wfn file:   2.0024333900E+00
Note.  K_Scaled(A) = (1+V(Mol)/T(Mol))*K(A) = (E(Mol)/T(Mol))*K(A)
       Only use K_Scaled(A) data with caution.
 
N_AIMInt(SumA)     =         64.000057
N_Analytic(Mol)    =         63.999994
 
G_AIMInt(SumA)     =        437.128869
G_Analytic(Mol)    =        437.128636
 
K_AIMInt(SumA)     =        437.128624
K_Analytic(Mol)    =        437.128636
 
L_AIMInt(SumA)     =         -0.000245
L_Analytic(Mol)    =          0.000000
 
VenT_AIMInt(SumA)  =      -1860.542726
VenT_Analytic(Mol) =      -1860.539683
 
Some Information About the Atomic Calculations:
----------------------------------------------
  Time(sec) = "Elapsed User Time", in Seconds, for Atom A by AIMInt and, if used, by TWOe
  NProc = Number of Processors Used for AIMInt Job
  BIM = Basin Integration Method
  OAQ = Angular Quadrature Outside of Beta Sphere
  ORQ = Multiple of Default for Radial Quadrature Outside of Beta Sphere
  IAQ = Multiple of Default for Angular Quadrature Inside of Beta Sphere
  IRQ = Multiple of Default for Radial Quadrature Inside of Beta Sphere
  MIR = Maximum Integration Radius
------------------------------------------------------------------------------------------------------
Atom A     Time(sec)   NProc      BIM              OAQ                 ORQ      IAQ      IRQ      MIR
------------------------------------------------------------------------------------------------------
O1            206       16     Proaim(5)    4334      (Very High)      1.00     1.00     1.00    13.00
O2            184       16     Proaim(5)    4334      (Very High)      1.00     1.00     1.00    13.00
O3            199       16     Proaim(5)    3074      (Very High)      1.00     1.00     1.00    13.00
N4            209       16     Proaim(5)    4334      (Very High)      1.00     1.00     1.00    13.00
C5            840       16     Proaim(5)    4334      (Very High)      1.00     1.00     1.00    13.00
C6            792       16     Proaim(5)    4334      (Very High)      1.00     1.00     1.00    13.00
C7            478       16     Proaim(5)    4334      (Very High)      1.00     1.00     1.00    13.00
C8            631       16     Proaim(5)    4334      (Very High)      1.00     1.00     1.00    13.00
H9            105       16     Proaim(5)    2030      (Very High)      1.00     1.00     1.00    13.00
H10           103       16     Proaim(5)    2030      (Very High)      1.00     1.00     1.00    13.00
H11           114       16     Proaim(5)    2030      (Very High)      1.00     1.00     1.00    13.00
H12            96       16     Proaim(5)    2030      (Very High)      1.00     1.00     1.00    13.00
H13           186       16     Proaim(5)    2030      (Very High)      1.00     1.00     1.00    13.00
H14            78       16     Proaim(5)    2030      (Very High)      1.00     1.00     1.00    13.00
H15            75       16     Proaim(5)    2030      (Very High)      1.00     1.00     1.00    13.00
H16            64       16     Proaim(5)    2030      (Very High)      1.00     1.00     1.00    13.00
H17            55       16     Proaim(5)    2030      (Very High)      1.00     1.00     1.00    13.00
------------------------------------------------------------------------------------------------------
Total        4415
Note:  Total wall clock time is less than total of atomic times if more than one atom
       was calculated at a time
 
Electron Density Critical Point Analysis of Molecular Structure:               
---------------------------------------------------------------                
  NACP = Nuclear Attractor Critical Point                                      
  NNACP = Non-Nuclear Attractor Critical Point                                 
  BCP = Bond Critical Point                                                    
  RCP = Ring Critical Point                                                    
  CCP = Cage Critical Point                                                    
  Rho = Electron Density                                                       
  GradRho = Gradient of Electron Density                                       
  HessRho_EigVals = Eigenvalues of the Hessian of Rho, Ascending Order         
  HessRho_EigVecs = Eigenvectors of the Hessian of Rho                         
  DelSqRho = Laplacian of Rho = Trace of Hessian of Rho                        
  Bond Ellipticity = (HessRho_EigVal(1) / HessRho_EigVal(2)) - 1               
  V = Virial Field = Potential Energy Density = Trace of Stress Tensor         
  G = Lagrangian Form of Kinetic Energy Density                                
  K = Hamiltonian Form of Kinetic Energy Density                               
  L = K - G = Lagrangian Density = (-1/4)DelSqRho                              
  Vnuc = Electrostatic Potential from Nuclei                                   
  Ven = Electron-nuclear attractive contribution to Virial Field V             
  Vrep = V - Ven = Repulsive contribution to Virial Field V                    
  DelSqV = Laplacian of V                                                      
  DelSqVen = Laplacian of Ven                                                  
  DelSqVrep = Laplacian of Vrep                                                
  DelSqG = Laplacian of G                                                      
  DelSqK = Laplacian of K                                                      
  Stress_EigVals = Eigenvalues of Stress Tensor, Ascending Order               
  Stress_EigVecs = Eigenvectors of Stress Tensor                               
  -DivStress = Ehrenfest Force Density = Minus Divergence of Stress Tensor     
  ESP = Total Electrostatic Potential                                          
  ESPe = Electrostatic Potential from Electrons                                
  ESPn = Electrostatic Potential from Nuclei                                   
  BP = Bond Path                                                               
  BPL = Bond Path Length                                                       
  GBL = Geometric Bond Length                                                  
  GBL_I = Distance Between Nuclear Attractors                                  
  GBL_II = Distance Between Nuclei                                             
  GBL_III = Sum of Distances Between BCP and Nuclear Attractors                
  GBL_IV = Sum of Distances Between BCP and Nuclei                             

CP# 1      Coords =  1.99555474872452E+00 -3.16462918037275E+00 -3.60320242405117E-01
           Type = (3,-3) NACP O1
           Rho =  3.0693742824E+02     Rho at Nucleus =  3.0693741263E+02
           GradRho = -2.0648918902E-10  7.3327793832E-11  3.3873217852E-11
           HessRho_EigVals = -3.2075224747E+06 -3.2074929183E+06 -3.2074701415E+06
           HessRho_EigVec1 =  3.5648338636E-01  8.5302663502E-01  3.8113666211E-01
           HessRho_EigVec2 =  2.8692829021E-01 -4.8817840965E-01  8.2422933497E-01
           HessRho_EigVec3 =  8.8915226566E-01 -1.8446517367E-01 -4.1878496651E-01
           DelSqRho = -9.6224855344E+06
           Bond Ellipticity = NA
           V = -2.4058036547E+06
           G =  9.1135558449E+01
           K =  2.4057125192E+06
           L =  2.4056213836E+06
           Vnuc =  2.5646920270E+06
           Ven = -7.8719997497E+08
           Vrep =  7.8479417132E+08
           DelSqV =  1.9819081769E+12
           DelSqVen =  2.4678711935E+13
           DelSqVrep = -2.2696803774E+13
           DelSqG =  2.5140734605E+10
           DelSqK = -2.0070489115E+12
           Stress_EigVals = -8.0194155073E+05 -8.0193328833E+05 -8.0192881566E+05
           Stress_EigVec1 =  8.8769574874E-01 -1.8160282554E-01 -4.2310361784E-01
           Stress_EigVec2 =  3.0479385233E-01 -4.5698752759E-01  8.3562138987E-01
           Stress_EigVec3 =  3.4510428172E-01  8.7073693696E-01  3.5031446068E-01
           -DivStress =  5.9147115758E+05 -1.0694394262E+06  1.6422119977E+06
           ESP =  -2.2354815639E+01     ESP at Nucleus =  -2.2354815719E+01
           ESPe = -3.3948316646E+01     ESPe at Nucleus = -3.3948312825E+01
           ESPn =  1.1593501007E+01     ESPn at Nucleus =  1.1593497106E+01

CP# 2      Coords = -3.44095957753061E+00 -2.02900105844331E+00 -5.72673261278340E-01
           Type = (3,-3) NACP O2
           Rho =  3.0702273884E+02     Rho at Nucleus =  3.0702272539E+02
           GradRho =  6.1745890928E-10 -2.2371393508E-10  5.4786073548E-11
           HessRho_EigVals = -3.2083999737E+06 -3.2083680676E+06 -3.2083614629E+06
           HessRho_EigVec1 =  7.2354567683E-01  6.6025008842E-01 -2.0137396625E-01
           HessRho_EigVec2 = -1.3014606132E-01  4.1698189927E-01  8.9954883047E-01
           HessRho_EigVec3 =  6.7789649377E-01 -6.2465663883E-01  3.8763439903E-01
           DelSqRho = -9.6251295042E+06
           Bond Ellipticity = NA
           V = -2.4064647924E+06
           G =  9.1208175806E+01
           K =  2.4063735842E+06
           L =  2.4062823761E+06
           Vnuc =  2.7628004632E+06
           Ven = -8.4824256506E+08
           Vrep =  8.4583610027E+08
           DelSqV =  1.9824521196E+12
           DelSqVen =  2.6592312279E+13
           DelSqVrep = -2.4609860176E+13
           DelSqG =  2.5147563350E+10
           DelSqK = -2.0075996830E+12
           Stress_EigVals = -8.0215927515E+05 -8.0215545763E+05 -8.0215005963E+05
           Stress_EigVec1 =  6.7171747266E-01 -6.0694065090E-01  4.2475720501E-01
           Stress_EigVec2 = -1.5502385744E-01  4.4551072848E-01  8.8175268326E-01
           Stress_EigVec3 = -7.2440543934E-01 -6.5813618431E-01  2.0516705964E-01
           -DivStress =  3.7254309628E+05 -8.4782928219E+05 -1.6599471717E+06
           ESP =  -2.2304011828E+01     ESP at Nucleus =  -2.2304011896E+01
           ESPe = -3.3873720164E+01     ESPe at Nucleus = -3.3873717221E+01
           ESPn =  1.1569708336E+01     ESPn at Nucleus =  1.1569705325E+01

CP# 3      Coords = -2.77017065577594E+00  1.04857490167141E+00  2.24056470006814E+00
           Type = (3,-3) NACP O3
           Rho =  3.0725890003E+02     Rho at Nucleus =  3.0725888611E+02
           GradRho =  4.6888232371E-10 -2.3687132341E-10 -2.0441317732E-10
           HessRho_EigVals = -3.2108634496E+06 -3.2108536769E+06 -3.2108287203E+06
           HessRho_EigVec1 =  6.3570863823E-01 -5.8563948341E-01  5.0289255587E-01
           HessRho_EigVec2 = -2.5261258750E-01  4.5777410072E-01  8.5242580519E-01
           HessRho_EigVec3 =  7.2942539572E-01  6.6893143758E-01 -1.4307104494E-01
           DelSqRho = -9.6325458468E+06
           Bond Ellipticity = NA
           V = -2.4083176650E+06
           G =  9.0601648183E+01
           K =  2.4082270634E+06
           L =  2.4081364617E+06
           Vnuc =  2.7175819872E+06
           Ven = -8.3500125212E+08
           Vrep =  8.3259293446E+08
           DelSqV =  1.9839767587E+12
           DelSqVen =  2.6177233060E+13
           DelSqVrep = -2.4193256301E+13
           DelSqG =  2.5166962673E+10
           DelSqK = -2.0091437214E+12
           Stress_EigVals = -8.0277822024E+05 -8.0276993123E+05 -8.0276951353E+05
           Stress_EigVec1 =  7.3161294738E-01  6.6492908600E-01 -1.5037222425E-01
           Stress_EigVec2 = -2.3639338380E-01  4.5433716961E-01  8.5889225425E-01
           Stress_EigVec3 = -6.3942213234E-01  5.9282969469E-01 -4.8958379239E-01
           -DivStress = -4.4293789091E+05  9.3176178618E+05  1.6357574390E+06
           ESP =  -2.2365323236E+01     ESP at Nucleus =  -2.2365323309E+01
           ESPe = -3.4121583452E+01     ESPe at Nucleus = -3.4121576654E+01
           ESPn =  1.1756260215E+01     ESPn at Nucleus =  1.1756253346E+01

CP# 4      Coords =  3.39349091438841E-01  3.53453042599967E+00 -1.43839367678345E+00
           Type = (3,-3) NACP N4
           Rho =  2.0212930732E+02     Rho at Nucleus =  2.0212929957E+02
           GradRho = -2.5968301750E-11 -1.6110930962E-10  1.1796002118E-10
           HessRho_EigVals = -1.6323404081E+06 -1.6323374564E+06 -1.6323196157E+06
           HessRho_EigVec1 = -1.5015380922E-01  9.8579500805E-01  7.5246499431E-02
           HessRho_EigVec2 =  4.5107119011E-01  5.8173956379E-04  8.9248778313E-01
           HessRho_EigVec3 =  8.7976622749E-01  1.6795196837E-01 -4.4475107790E-01
           DelSqRho = -4.8969974803E+06
           Bond Ellipticity = NA
           V = -1.2243177619E+06
           G =  3.4195914919E+01
           K =  1.2242835660E+06
           L =  1.2242493701E+06
           Vnuc =  2.2716282725E+06
           Ven = -4.5916264921E+08
           Vrep =  4.5793833144E+08
           DelSqV =  7.8573963258E+11
           DelSqVen =  1.1124157936E+13
           DelSqVrep = -1.0338418299E+13
           DelSqG =  9.8872308204E+09
           DelSqK = -7.9562686340E+11
           Stress_EigVals = -4.0810827326E+05 -4.0810515364E+05 -4.0810433501E+05
           Stress_EigVec1 =  8.7818860142E-01  1.2809793943E-01 -4.6084237897E-01
           Stress_EigVec2 =  4.6667218316E-01 -1.8184171292E-02  8.8424341071E-01
           Stress_EigVec3 = -1.0488972211E-01  9.9159480325E-01  7.5748877007E-02
           -DivStress =  6.9952099722E+05  2.2480197972E+05 -3.2086456155E+05
           ESP =  -1.8394762258E+01     ESP at Nucleus =  -1.8394762312E+01
           ESPe = -3.0306388654E+01     ESPe at Nucleus = -3.0306385352E+01
           ESPn =  1.1911626395E+01     ESPn at Nucleus =  1.1911623040E+01

CP# 5      Coords =  2.39315516373789E+00 -5.33863540306715E-01 -6.25813236143520E-01
           Type = (3,-3) NACP C5
           Rho =  1.2465488718E+02     Rho at Nucleus =  1.2465488608E+02
           GradRho =  4.3201875822E-11 -3.4836181001E-11  2.9237556309E-11
           HessRho_EigVals = -7.4211239427E+05 -7.4210935424E+05 -7.4210824653E+05
           HessRho_EigVec1 =  5.7101468873E-02  9.9577408745E-01 -7.1926274897E-02
           HessRho_EigVec2 =  9.6650925561E-01 -3.7080934248E-02  2.5393869957E-01
           HessRho_EigVec3 = -2.5019848336E-01  8.4017683158E-02  9.6454224783E-01
           DelSqRho = -2.2263299950E+06
           Bond Ellipticity = NA
           V = -5.5660267674E+05
           G =  1.0088988493E+01
           K =  5.5659258775E+05
           L =  5.5658249876E+05
           Vnuc =  3.4769570022E+06
           Ven = -4.3341968286E+08
           Vrep =  4.3286308018E+08
           DelSqV =  2.6390726304E+11
           DelSqVen =  7.7408537641E+12
           DelSqVrep = -7.4769464847E+12
           DelSqG =  3.3136370765E+09
           DelSqK = -2.6722090012E+11
           Stress_EigVals = -1.8553474363E+05 -1.8553441178E+05 -1.8553352132E+05
           Stress_EigVec1 = -2.4339846872E-01  8.8590484188E-02  9.6587209895E-01
           Stress_EigVec2 =  9.6681015939E-01 -5.7601236073E-02  2.4891808552E-01
           Stress_EigVec3 =  7.7687200508E-02  9.9440123879E-01 -7.1630127482E-02
           -DivStress =  5.9096416702E+04  1.3722657957E+05 -2.0435431603E+04
           ESP =  -1.4705693356E+01     ESP at Nucleus =  -1.4705693369E+01
           ESPe = -2.9487858156E+01     ESPe at Nucleus = -2.9487857033E+01
           ESPn =  1.4782164800E+01     ESPn at Nucleus =  1.4782163664E+01

CP# 6      Coords = -6.43665454165105E-02  8.27867157829968E-01 -1.42261598695834E+00
           Type = (3,-3) NACP C6
           Rho =  1.2464668182E+02     Rho at Nucleus =  1.2464668148E+02
           GradRho =  4.1187446874E-12  1.4330944460E-11  6.2230426493E-11
           HessRho_EigVals = -7.4206654077E+05 -7.4206510688E+05 -7.4206423340E+05
           HessRho_EigVec1 =  3.6642234087E-01  9.0626120166E-01 -2.1077310663E-01
           HessRho_EigVec2 =  7.4022057790E-01 -4.2118043510E-01 -5.2409973970E-01
           HessRho_EigVec3 =  5.6374476864E-01 -3.6023262670E-02  8.2516311137E-01
           DelSqRho = -2.2261958810E+06
           Bond Ellipticity = NA
           V = -5.5656968338E+05
           G =  1.0356557861E+01
           K =  5.5655932682E+05
           L =  5.5654897026E+05
           Vnuc =  6.2667376131E+06
           Ven = -7.8112804929E+08
           Vrep =  7.8057147961E+08
           DelSqV =  2.6389159759E+11
           DelSqVen =  1.3950985437E+13
           DelSqVrep = -1.3687093840E+13
           DelSqG =  3.3134592624E+09
           DelSqK = -2.6720505686E+11
           Stress_EigVals = -1.8552352365E+05 -1.8552325389E+05 -1.8552290584E+05
           Stress_EigVec1 =  5.3794315867E-01 -1.8418518862E-02  8.4277987411E-01
           Stress_EigVec2 =  7.5953906719E-01 -4.2309306170E-01 -4.9405735148E-01
           Stress_EigVec3 =  3.6567412192E-01  9.0589901165E-01 -2.1361043339E-01
           -DivStress =  2.1445169268E+04 -7.6709866368E+04 -2.5607930902E+04
           ESP =  -1.4716549583E+01     ESP at Nucleus =  -1.4716549587E+01
           ESPe = -3.0079142775E+01     ESPe at Nucleus = -3.0079142646E+01
           ESPn =  1.5362593192E+01     ESPn at Nucleus =  1.5362593059E+01

CP# 7      Coords =  3.43517472318821E+00  3.98051885396753E-01  1.87096864105722E+00
           Type = (3,-3) NACP C7
           Rho =  1.2462591754E+02     Rho at Nucleus =  1.2462591752E+02
           GradRho = -1.4317228319E-10  5.5949671579E-11 -4.9706854861E-10
           HessRho_EigVals = -7.4192985557E+05 -7.4192889577E+05 -7.4192883603E+05
           HessRho_EigVec1 =  3.9841570974E-01  2.3765463986E-01  8.8588102722E-01
           HessRho_EigVec2 = -5.6650791424E-02  9.7038056214E-01 -2.3484516697E-01
           HessRho_EigVec3 = -9.1545377276E-01  4.3380142580E-02  4.0007818382E-01
           DelSqRho = -2.2257875874E+06
           Bond Ellipticity = NA
           V = -5.5646840625E+05
           G =  1.0754705574E+01
           K =  5.5645765155E+05
           L =  5.5644689684E+05
           Vnuc =  2.4300030180E+07
           Ven = -3.0284135575E+09
           Vrep =  3.0278570891E+09
           DelSqV =  2.6384336949E+11
           DelSqVen =  5.4086707708E+13
           DelSqVrep = -5.3822864338E+13
           DelSqG =  3.3127998370E+09
           DelSqK = -2.6715616933E+11
           Stress_EigVals = -1.8548957082E+05 -1.8548954923E+05 -1.8548928620E+05
           Stress_EigVec1 = -9.2014757189E-01  7.7405529623E-02  3.8384479926E-01
           Stress_EigVec2 = -2.1068098226E-02  9.6906029692E-01 -2.4592331361E-01
           Stress_EigVec3 =  3.9100457948E-01  2.3437261982E-01  8.9004769193E-01
           -DivStress =  4.9640910999E+03 -2.2182021171E+03  2.0876460966E+04
           ESP =  -1.4784335938E+01     ESP at Nucleus =  -1.4784335939E+01
           ESPe = -2.7003767861E+01     ESPe at Nucleus = -2.7003767531E+01
           ESPn =  1.2219431922E+01     ESPn at Nucleus =  1.2219431592E+01

CP# 8      Coords = -2.21069998420265E+00  1.15192662107061E-02  3.05244048444334E-01
           Type = (3,-3) NACP C8
           Rho =  1.2490359158E+02     Rho at Nucleus =  1.2490359031E+02
           GradRho =  7.9052373828E-12 -3.9235369056E-13 -1.1701062347E-11
           HessRho_EigVals = -7.4357309334E+05 -7.4357050494E+05 -7.4356746268E+05
           HessRho_EigVec1 = -6.4618412448E-01  5.8081785843E-01 -4.9507241147E-01
           HessRho_EigVec2 =  4.7526772782E-01  8.1380724120E-01  3.3442242908E-01
           HessRho_EigVec3 = -5.9713203244E-01  1.9193475565E-02  8.0191330350E-01
           DelSqRho = -2.2307110610E+06
           Bond Ellipticity = NA
           V = -5.5769752492E+05
           G =  9.8798412271E+00
           K =  5.5768764508E+05
           L =  5.5767776524E+05
           Vnuc =  3.2452835755E+06
           Ven = -4.0534757429E+08
           Vrep =  4.0478987676E+08
           DelSqV =  2.6442558521E+11
           DelSqVen =  7.2392899789E+12
           DelSqVrep = -6.9748643937E+12
           DelSqG =  3.3200648701E+09
           DelSqK = -2.6774565008E+11
           Stress_EigVals = -1.8590020125E+05 -1.8589911161E+05 -1.8589821206E+05
           Stress_EigVec1 = -5.3119192889E-01  1.2834381765E-01  8.3747417820E-01
           Stress_EigVec2 =  5.5401503066E-01  8.0046940876E-01  2.2872706757E-01
           Stress_EigVec3 = -6.4101675522E-01  5.8547125472E-01 -4.9630729333E-01
           -DivStress =  9.7554651455E+04  1.2729417257E+05  2.2034269244E+04
           ESP =  -1.4637327768E+01     ESP at Nucleus =  -1.4637327781E+01
           ESPe = -3.0427822759E+01     ESPe at Nucleus = -3.0427823337E+01
           ESPn =  1.5790494990E+01     ESPn at Nucleus =  1.5790495556E+01

CP# 9      Coords = -5.30092118131744E-01  2.10752813715909E-01 -3.32410590152721E+00
           Type = (3,-3) NACP H9
           Rho =  4.7433850230E-01     Rho at Nucleus =  4.7267027697E-01
           GradRho =  1.2986372168E-09  1.7363729582E-09  5.4404813081E-09
           HessRho_EigVals = -2.3857484517E+01 -2.3851117950E+01 -2.2489683651E+01
           HessRho_EigVec1 = -4.2914915353E-01 -8.2493273610E-01  3.6785457037E-01
           HessRho_EigVec2 =  8.7533423321E-01 -4.8028027999E-01 -5.5864414605E-02
           HessRho_EigVec3 =  2.2275768044E-01  2.9802153204E-01  9.2820373962E-01
           DelSqRho = -7.0198286117E+01
           Bond Ellipticity = NA
           V = -1.7568894315E+01
           G =  9.6613928198E-03
           K =  1.7559232922E+01
           L =  1.7549571529E+01
           Vnuc =  9.7963587550E+01
           Ven = -4.6467901399E+01
           Vrep =  2.8899007084E+01
           DelSqV =  2.3892259528E+04
           DelSqVen =  6.8768760292E+03
           DelSqVrep =  1.7015383499E+04
           DelSqG =  8.6815794553E+02
           DelSqK = -2.4760417474E+04
           Stress_EigVals = -5.9707852273E+00 -5.9702251833E+00 -5.6278839044E+00
           Stress_EigVec1 =  9.2431208263E-01  2.3786985160E-01 -2.9843777844E-01
           Stress_EigVec2 =  3.0991940680E-01 -9.2417902425E-01  2.2325566604E-01
           Stress_EigVec3 =  2.2270414273E-01  2.9884956889E-01  9.2795032194E-01
           -DivStress = -2.1229424764E+01 -2.8385767867E+01 -8.8972474797E+01
           ESP =  -1.0938940686E+00     ESP at Nucleus =  -1.0940754920E+00
           ESPe = -1.5731799084E+01     ESPe at Nucleus = -1.5696317642E+01
           ESPn =  1.4637905015E+01     ESPn at Nucleus =  1.4602242150E+01

CP# 10     Coords =  3.75816319671861E+00 -1.47122005206669E-01 -2.11721034162182E+00
           Type = (3,-3) NACP H10
           Rho =  4.7842019170E-01     Rho at Nucleus =  4.7676341328E-01
           GradRho = -2.5051162383E-12 -7.3441120192E-13  2.6890401059E-12
           HessRho_EigVals = -2.4067185358E+01 -2.4059665224E+01 -2.2695888338E+01
           HessRho_EigVec1 = -2.2396675028E-01  9.7294738172E-01  5.6677042688E-02
           HessRho_EigVec2 =  7.0991337345E-01  1.2302171141E-01  6.9346136209E-01
           HessRho_EigVec3 = -6.6772890978E-01 -1.9554807829E-01  7.1826113087E-01
           DelSqRho = -7.0822738920E+01
           Bond Ellipticity = NA
           V = -1.7724500806E+01
           G =  9.4080382687E-03
           K =  1.7715092768E+01
           L =  1.7705684730E+01
           Vnuc =  9.7763888281E+01
           Ven = -4.6772218173E+01
           Vrep =  2.9047717366E+01
           DelSqV =  2.4113919778E+04
           DelSqVen =  6.9239063355E+03
           DelSqVrep =  1.7190013443E+04
           DelSqG =  8.7608746490E+02
           DelSqK = -2.4990007243E+04
           Stress_EigVals = -6.0223984565E+00 -6.0220042507E+00 -5.6800980993E+00
           Stress_EigVec1 = -7.1356913563E-01  4.4461432784E-01 -5.4142145151E-01
           Stress_EigVec2 =  2.1334512163E-01  8.7401368773E-01  4.3655919728E-01
           Stress_EigVec3 = -6.6731023352E-01 -1.9600554363E-01  7.1852548953E-01
           -DivStress =  6.4110178660E+01  1.8785265891E+01 -6.8761263130E+01
           ESP =  -1.1223987945E+00     ESP at Nucleus =  -1.1225806751E+00
           ESPe = -1.4910056306E+01     ESPe at Nucleus = -1.4874848976E+01
           ESPn =  1.3787657512E+01     ESPn at Nucleus =  1.3752268301E+01

CP# 11     Coords =  3.98550768334208E+00  2.36396245625955E+00  1.73705488201040E+00
           Type = (3,-3) NACP H11
           Rho =  4.6738319473E-01     Rho at Nucleus =  4.6574317220E-01
           GradRho =  1.1924732319E-15  4.1636443875E-15  1.9461068683E-15
           HessRho_EigVals = -2.3495909038E+01 -2.3494098718E+01 -2.2157546981E+01
           HessRho_EigVec1 =  3.3482485466E-01 -1.5311396086E-01 -9.2975718964E-01
           HessRho_EigVec2 =  9.0086943459E-01 -2.3728349095E-01  3.6349801477E-01
           HessRho_EigVec3 =  2.7627265250E-01  9.5929800370E-01 -5.8487276980E-02
           DelSqRho = -6.9147554737E+01
           Bond Ellipticity = NA
           V = -1.7307282004E+01
           G =  1.0196659912E-02
           K =  1.7297085344E+01
           L =  1.7286888684E+01
           Vnuc =  9.6133421642E+01
           Ven = -4.4931145727E+01
           Vrep =  2.7623863723E+01
           DelSqV =  2.3537925211E+04
           DelSqVen =  6.6473910350E+03
           DelSqVrep =  1.6890534176E+04
           DelSqG =  8.5495430660E+02
           DelSqK = -2.4392879517E+04
           Stress_EigVals = -5.8818180016E+00 -5.8812831594E+00 -5.5441808431E+00
           Stress_EigVec1 =  8.6073970608E-01 -2.7425756486E-01 -4.2884722978E-01
           Stress_EigVec2 =  4.2737675322E-01 -6.8331154141E-02  9.0148763951E-01
           Stress_EigVec3 =  2.7654343092E-01  9.5922554256E-01 -5.8395970082E-02
           -DivStress =  2.6192319828E+01  9.0369551228E+01 -5.5574728810E+00
           ESP =  -1.1188412869E+00     ESP at Nucleus =  -1.1190175180E+00
           ESPe = -1.3838900281E+01     ESPe at Nucleus = -1.3810639660E+01
           ESPn =  1.2720058994E+01     ESPn at Nucleus =  1.2691622142E+01

CP# 12     Coords =  5.08969298549540E+00 -7.07352708429472E-01  2.34788138976571E+00
           Type = (3,-3) NACP H12
           Rho =  4.6618583656E-01     Rho at Nucleus =  4.6454315919E-01
           GradRho = -3.3407703779E-12  2.2505175167E-12 -9.9961112483E-13
           HessRho_EigVals = -2.3438429253E+01 -2.3438017499E+01 -2.2097724905E+01
           HessRho_EigVec1 = -5.4512572292E-01 -5.2051732289E-01  6.5719073546E-01
           HessRho_EigVec2 =  2.2954630992E-01  6.6127708185E-01  7.1415762449E-01
           HessRho_EigVec3 =  8.0631658659E-01 -5.4016139957E-01  2.4099631657E-01
           DelSqRho = -6.8974171657E+01
           Bond Ellipticity = NA
           V = -1.7263680209E+01
           G =  1.0068647242E-02
           K =  1.7253611561E+01
           L =  1.7243542914E+01
           Vnuc =  9.5288937257E+01
           Ven = -4.4422352930E+01
           Vrep =  2.7158672721E+01
           DelSqV =  2.3476082742E+04
           DelSqVen =  6.5724755154E+03
           DelSqVrep =  1.6903607227E+04
           DelSqG =  8.5284752413E+02
           DelSqK = -2.4328930266E+04
           Stress_EigVals = -5.8674942900E+00 -5.8669424803E+00 -5.5292434383E+00
           Stress_EigVec1 =  5.6959005237E-01  5.9918968596E-01 -5.6261789207E-01
           Stress_EigVec2 =  1.5992231305E-01  5.9063553782E-01  7.9093268693E-01
           Stress_EigVec3 =  8.0622082957E-01 -5.4048254524E-01  2.4059632639E-01
           -DivStress =  7.5838024682E+01 -5.1069573489E+01  2.2720129468E+01
           ESP =  -1.1218502179E+00     ESP at Nucleus =  -1.1220317313E+00
           ESPe = -1.3172066122E+01     ESPe at Nucleus = -1.3141238650E+01
           ESPn =  1.2050215904E+01     ESPn at Nucleus =  1.2019206918E+01

CP# 13     Coords =  2.05033417969764E+00  1.75837902836137E-01  3.36481180705905E+00
           Type = (3,-3) NACP H13
           Rho =  4.6529803771E-01     Rho at Nucleus =  4.6364417566E-01
           GradRho =  2.9737792765E-12  4.8354629201E-13 -3.2683901778E-12
           HessRho_EigVals = -2.3379606174E+01 -2.3379034588E+01 -2.2034922700E+01
           HessRho_EigVec1 =  2.4720330481E-01  9.0042730886E-01  3.5794020107E-01
           HessRho_EigVec2 =  7.0082804429E-01 -4.2124580281E-01  5.7566659270E-01
           HessRho_EigVec3 = -6.6912672822E-01 -1.0854784691E-01  7.3517806449E-01
           DelSqRho = -6.8793563462E+01
           Bond Ellipticity = NA
           V = -1.7218579464E+01
           G =  1.0094299101E-02
           K =  1.7208485165E+01
           L =  1.7198390866E+01
           Vnuc =  9.6505223859E+01
           Ven = -4.4903691290E+01
           Vrep =  2.7685111827E+01
           DelSqV =  2.3407640570E+04
           DelSqVen =  6.6389382421E+03
           DelSqVrep =  1.6768702328E+04
           DelSqG =  8.5001196847E+02
           DelSqK = -2.4257652539E+04
           Stress_EigVals = -5.8526636362E+00 -5.8522057711E+00 -5.5137100565E+00
           Stress_EigVec1 = -4.2377683389E-01  8.6845727534E-01 -2.5728419301E-01
           Stress_EigVec2 =  6.1041403578E-01  4.8368619776E-01  6.2724984418E-01
           Stress_EigVec3 = -6.6918450369E-01 -1.0876407042E-01  7.3509351582E-01
           -DivStress = -6.3160902413E+01 -1.0285765453E+01  6.9399836287E+01
           ESP =  -1.1235021352E+00     ESP at Nucleus =  -1.1236765080E+00
           ESPe = -1.4778246146E+01     ESPe at Nucleus = -1.4753984568E+01
           ESPn =  1.3654744011E+01     ESPn at Nucleus =  1.3630308060E+01

CP# 14     Coords =  2.98508671335426E-01  4.18248331483718E+00  3.50041962166223E-01
           Type = (3,-3) NACP H14
           Rho =  4.5825623504E-01     Rho at Nucleus =  4.5553120991E-01
           GradRho =  3.1352547352E-15 -8.0190505440E-13 -2.0978699964E-12
           HessRho_EigVals = -2.2708603753E+01 -2.2693230742E+01 -2.0556521277E+01
           HessRho_EigVec1 = -3.2080313433E-01  8.8549651283E-01 -3.3612687302E-01
           HessRho_EigVec2 =  9.4712865218E-01  3.0205818528E-01 -1.0820429252E-01
           HessRho_EigVec3 = -5.7153495848E-03  3.5306766839E-01  9.3558033130E-01
           DelSqRho = -6.5958355772E+01
           Bond Ellipticity = NA
           V = -1.6531981208E+01
           G =  2.1196132433E-02
           K =  1.6510785075E+01
           L =  1.6489588943E+01
           Vnuc =  7.7151913326E+01
           Ven = -3.5355345327E+01
           Vrep =  1.8823364119E+01
           DelSqV =  2.1976693193E+04
           DelSqVen =  5.0888133477E+03
           DelSqVrep =  1.6887879845E+04
           DelSqG =  7.9535624402E+02
           DelSqK = -2.2772049437E+04
           Stress_EigVals = -5.6950824492E+00 -5.6888518284E+00 -5.1480469303E+00
           Stress_EigVec1 =  9.3724569000E-01  3.2685481573E-01 -1.2139376429E-01
           Stress_EigVec2 = -3.4866122949E-01  8.7616692995E-01 -3.3281655295E-01
           Stress_EigVec3 = -2.4214913152E-03  3.5425617892E-01  9.3514528073E-01
           -DivStress = -1.0478249549E-01  4.2022029488E+01  1.1098733038E+02
           ESP =  -1.0515687400E+00     ESP at Nucleus =  -1.0518758956E+00
           ESPe = -1.5144224899E+01     ESPe at Nucleus = -1.5103148876E+01
           ESPn =  1.4092656159E+01     ESPn at Nucleus =  1.4051272981E+01

CP# 15     Coords = -1.06372739529608E+00  4.41270829939678E+00 -2.36676704532362E+00
           Type = (3,-3) NACP H15
           Rho =  4.6307056641E-01     Rho at Nucleus =  4.6038691749E-01
           GradRho = -2.1827374709E-15 -9.8976757396E-15 -3.5510637611E-15
           HessRho_EigVals = -2.2978081356E+01 -2.2959363334E+01 -2.0844922474E+01
           HessRho_EigVec1 =  1.3376040572E-01  8.0355147980E-01  5.8001135607E-01
           HessRho_EigVec2 =  6.8127383805E-01  3.5048175563E-01 -6.4267293125E-01
           HessRho_EigVec3 =  7.1970418329E-01 -4.8111075469E-01  5.0055801889E-01
           DelSqRho = -6.6782367164E+01
           Bond Ellipticity = NA
           V = -1.6738564891E+01
           G =  2.1486550125E-02
           K =  1.6717078341E+01
           L =  1.6695591791E+01
           Vnuc =  7.6846008271E+01
           Ven = -3.5585124576E+01
           Vrep =  1.8846559685E+01
           DelSqV =  2.2283771377E+04
           DelSqVen =  5.1319583394E+03
           DelSqVrep =  1.7151813037E+04
           DelSqG =  8.0682582473E+02
           DelSqK = -2.3090597201E+04
           Stress_EigVals = -5.7622736603E+00 -5.7564258811E+00 -5.2198653497E+00
           Stress_EigVec1 =  6.8383166788E-01  3.4673305915E-01 -6.4198943581E-01
           Stress_EigVec2 =  1.3535408788E-01  8.0431601181E-01  5.7858017944E-01
           Stress_EigVec3 =  7.1697525822E-01 -4.8254734363E-01  5.0308502290E-01
           -DivStress = -8.4653680995E+01  5.7403781339E+01 -5.9897551595E+01
           ESP =  -1.0491517314E+00     ESP at Nucleus =  -1.0494707522E+00
           ESPe = -1.3955113238E+01     ESPe at Nucleus = -1.3908030235E+01
           ESPn =  1.2905961507E+01     ESPn at Nucleus =  1.2858559483E+01

CP# 16     Coords =  1.14300512838682E+00 -3.80228038297515E+00 -1.81195015859670E+00
           Type = (3,-3) NACP H16
           Rho =  4.4569648830E-01     Rho at Nucleus =  4.4202908636E-01
           GradRho =  1.6906095063E-11  1.3954935987E-11  2.8061665854E-11
           HessRho_EigVals = -2.1784648625E+01 -2.1767624571E+01 -1.8911614469E+01
           HessRho_EigVec1 = -6.1334119165E-03  9.0001768361E-01 -4.3581022298E-01
           HessRho_EigVec2 = -8.8025961409E-01  2.0191975525E-01  4.2938493713E-01
           HessRho_EigVec3 =  4.7445273005E-01  3.8625973339E-01  7.9101076182E-01
           DelSqRho = -6.2463887665E+01
           Bond Ellipticity = NA
           V = -1.5684538887E+01
           G =  3.4283485321E-02
           K =  1.5650255401E+01
           L =  1.5615971916E+01
           Vnuc =  6.7044629921E+01
           Ven = -2.9881556115E+01
           Vrep =  1.4197017228E+01
           DelSqV =  2.0366704764E+04
           DelSqVen =  4.1878682321E+03
           DelSqVrep =  1.6178836532E+04
           DelSqG =  7.3597391313E+02
           DelSqK = -2.1102678677E+04
           Stress_EigVals = -5.4741346535E+00 -5.4679052646E+00 -4.7424989687E+00
           Stress_EigVec1 = -8.7900341661E-01  1.6338232943E-01  4.4795000615E-01
           Stress_EigVec2 = -4.5767690553E-02  9.0621377964E-01 -4.2033546614E-01
           Stress_EigVec3 =  4.7461385576E-01  3.8997794813E-01  7.8908737659E-01
           -DivStress = -6.3633874396E+01 -5.2724814580E+01 -1.0550671706E+02
