AIMSum (Version 17.01.25, Professional)
Copyright (c) 1997-2017 by Todd A. Keith
AIMSum is a component of the AIMAll package ( http://aim.tkgristmill.com )

TP:  64-bit Linux

Licensed To:  Research Group of Fernando Cortes Guzman, UNAM, fercor@unam.mx

Much of the Quantum Theory of Atoms in Molecules (QTAIM) is described in the book:
  "Atoms in Molecules - A Quantum Theory"
  R.F.W. Bader, Oxford University Press, Oxford, 1990

For additional references see:  http://aim.tkgristmill.com/references.html

Wfn File:  /home/alejandro/wd/aimqb_inps/threonine_b2plyp_def2TZVP.wfn
Sum File:  /home/alejandro/wd/aimqb_inps/threonine_b2plyp_def2TZVP.sum

SumViz File:  /home/alejandro/wd/aimqb_inps/threonine_b2plyp_def2TZVP.sumviz

Wfn Title:   opt threonine M062X def2TZVP                                                  
 
Total memory allocated for AIMSum =        2.613 Megabytes

Atomic units (a.u.) used throughout, except where stated otherwise

Model:  Unknown
 
Restricted, natural orbital wavefunction.
  Number of electrons (from MO Occs)                   =          63.9999995000
  Number of Alpha electrons (from MO Occs)             =          31.9999997500
  Number of Beta electrons (from MO Occs)              =          31.9999997500
  Number of electron pairs (N*(N-1)/2)                 =        2015.9999682500
  Number of electron pairs (from Muller 2EDM)          =        2015.9999643999
  Number of electron pairs (from Muller 2EDM, no SOSI) =        2016.3483800938
 
Nuclear Charges and Cartesian Coordinates:
-------------------------------------------------------------------------------
Atom      Charge                X                  Y                  Z
-------------------------------------------------------------------------------
O1         8.0           1.9955556500E+00  -3.1646308100E+00  -3.6031774000E-01
O2         8.0          -3.4409590100E+00  -2.0290023500E+00  -5.7267579000E-01
O3         8.0          -2.7701713300E+00   1.0485763200E+00   2.2405671900E+00
N4         7.0           3.3935178000E-01   3.5345312900E+00  -1.4383949100E+00
C5         6.0           2.3931558400E+00  -5.3386197000E-01  -6.2581347000E-01
C6         6.0          -6.4366300000E-02   8.2786628000E-01  -1.4226162800E+00
C7         6.0           3.4351747800E+00   3.9805186000E-01   1.8709688800E+00
C8         6.0          -2.2106988700E+00   1.1520720000E-02   3.0524430000E-01
H9         1.0          -5.3275222000E-01   2.0719586000E-01  -3.3352548200E+00
H10        1.0           3.7661265000E+00  -1.4478844000E-01  -2.1257510600E+00
H11        1.0           3.9888392400E+00   2.3754570100E+00   1.7363479300E+00
H12        1.0           5.0993637400E+00  -7.1386499000E-01   2.3507786700E+00
H13        1.0           2.0422585000E+00   1.7452274000E-01   3.3736852000E+00
H14        1.0           2.9849457000E-01   4.1880985900E+00   3.6487260000E-01
H15        1.0          -1.0748973200E+00   4.4202826100E+00  -2.3746702900E+00
H16        1.0           1.1340079900E+00  -3.8097343800E+00  -1.8268673800E+00
H17        1.0          -4.6918987100E+00  -2.4998947900E+00   6.7833365000E-01
 
Some Atomic Properties:
----------------------
  q(A) = Net Charge of Atom A
  L(A) = Lagrangian of Atom A = -(1/4) Times Atomic Integral of the Laplacian of the Electron Density
  K(A) = Electronic Kinetic Energy of Atom A (Hamiltonian Form)
  K_Scaled(A) = K(A) * E(Mol)/K(Mol) = Approximation to Virial-Based Total Energy of Atom A.
  |Mu_Intra(A)| = Magnitude of Intraatomic Dipole Moment of Atom A
--------------------------------------------------------------------------------------------------
Atom A          q(A)              L(A)              K(A)          K_Scaled(A)      |Mu_Intra(A)|
--------------------------------------------------------------------------------------------------
O1       -1.1157152521E+00  6.6532924520E-05  7.5561145798E+01 -7.5747769738E+01  1.8460470295E-01
O2       -1.1568711989E+00  9.7671733434E-05  7.5688793258E+01 -7.5875732467E+01  2.5391929603E-01
O3       -1.2176261109E+00  3.2175171904E-05  7.5787960301E+01 -7.5975144437E+01  5.1353582950E-01
N4       -1.0331259766E+00  1.2202734770E-05  5.4987825052E+01 -5.5123636181E+01  2.5838099700E-01
C5        5.3826661630E-01  7.4662840702E-05  3.7606252269E+01 -3.7699133695E+01  5.7521826216E-01
C6        3.7639464240E-01 -1.5517712647E-04  3.7754796858E+01 -3.7848045165E+01  4.0602825738E-01
C7       -6.2999043000E-03  1.0104544019E-04  3.7924663728E+01 -3.8018331580E+01  1.2492389952E-01
C8        1.6024567456E+00 -5.2665760963E-04  3.6957473100E+01 -3.7048752145E+01  8.5667601952E-01
H9        2.1939778890E-02  3.7087542806E-05  6.2439083298E-01 -6.2593297844E-01  1.5032565987E-01
H10       1.1964581940E-02  3.4268232939E-05  6.3025404696E-01 -6.3181067362E-01  1.6001154757E-01
H11       1.6966682690E-02  1.8128781689E-05  6.1412725328E-01 -6.1564404934E-01  1.5025543611E-01
H12       2.4695271610E-02  2.2063164292E-05  6.0964506521E-01 -6.1115079098E-01  1.5510725139E-01
H13       2.9380821270E-02  1.6546348866E-07  6.0870828749E-01 -6.1021169957E-01  1.4620597266E-01
H14       3.7381050681E-01  4.2334752141E-05  4.7646749940E-01 -4.7764429789E-01  1.8338729862E-01
H15       3.5613219562E-01  2.9029783334E-05  4.8544431459E-01 -4.8664328437E-01  1.9184033362E-01
H16       5.7147382269E-01  3.5948232064E-05  3.7471826372E-01 -3.7564375788E-01  1.7039098032E-01
H17       6.0623706683E-01  2.1620591320E-05  3.4956311331E-01 -3.5042647826E-01  1.5797267273E-01
--------------------------------------------------------------------------------------------------
Total     8.0289850002E-05 -5.6897346506E-05  4.3704222904E+02 -4.3812165342E+02
 
Molecular charge q(Mol) from the wfn file:   5.0000001865E-07
Molecular energy E(Mol) from the wfn file:  -4.3812163181E+02
Molecular virial ratio (-V(Mol)/T(Mol)) from the wfn file:   2.0024698400E+00
Note.  K_Scaled(A) = (1+V(Mol)/T(Mol))*K(A) = (E(Mol)/T(Mol))*K(A)
       Only use K_Scaled(A) data with caution.
 
N_AIMInt(SumA)     =         63.999920
N_Analytic(Mol)    =         63.999993
 
G_AIMInt(SumA)     =        437.042286
G_Analytic(Mol)    =        437.042199
 
K_AIMInt(SumA)     =        437.042229
K_Analytic(Mol)    =        437.042199
 
L_AIMInt(SumA)     =         -0.000057
L_Analytic(Mol)    =          0.000000
 
VenT_AIMInt(SumA)  =      -1860.518511
VenT_Analytic(Mol) =      -1860.517644
 
Some Information About the Atomic Calculations:
----------------------------------------------
  Time(sec) = "Elapsed User Time", in Seconds, for Atom A by AIMInt and, if used, by TWOe
  NProc = Number of Processors Used for AIMInt Job
  BIM = Basin Integration Method
  OAQ = Angular Quadrature Outside of Beta Sphere
  ORQ = Multiple of Default for Radial Quadrature Outside of Beta Sphere
  IAQ = Multiple of Default for Angular Quadrature Inside of Beta Sphere
  IRQ = Multiple of Default for Radial Quadrature Inside of Beta Sphere
  MIR = Maximum Integration Radius
------------------------------------------------------------------------------------------------------
Atom A     Time(sec)   NProc      BIM              OAQ                 ORQ      IAQ      IRQ      MIR
------------------------------------------------------------------------------------------------------
O1             98       16     Proaim(5)    4334      (Very High)      1.00     1.00     1.00    13.00
O2             76       16     Proaim(5)    4334      (Very High)      1.00     1.00     1.00    13.00
O3            101       16     Proaim(5)    3074      (Very High)      1.00     1.00     1.00    13.00
N4             86       16     Proaim(5)    4334      (Very High)      1.00     1.00     1.00    13.00
C5            277       16     Proaim(5)    4334      (Very High)      1.00     1.00     1.00    13.00
C6            298       16     Proaim(5)    4334      (Very High)      1.00     1.00     1.00    13.00
C7            189       16     Proaim(5)    4334      (Very High)      1.00     1.00     1.00    13.00
C8            211       16     Proaim(5)    4334      (Very High)      1.00     1.00     1.00    13.00
H9             30       16     Proaim(5)    2030      (Very High)      1.00     1.00     1.00    13.00
H10            28       16     Proaim(5)    2030      (Very High)      1.00     1.00     1.00    13.00
H11            33       16     Proaim(5)    2030      (Very High)      1.00     1.00     1.00    13.00
H12            26       16     Proaim(5)    2030      (Very High)      1.00     1.00     1.00    13.00
H13            63       16     Proaim(5)    2030      (Very High)      1.00     1.00     1.00    13.00
H14            27       16     Proaim(5)    2030      (Very High)      1.00     1.00     1.00    13.00
H15            21       16     Proaim(5)    2030      (Very High)      1.00     1.00     1.00    13.00
H16            18       16     Proaim(5)    2030      (Very High)      1.00     1.00     1.00    13.00
H17            17       16     Proaim(5)    2030      (Very High)      1.00     1.00     1.00    13.00
------------------------------------------------------------------------------------------------------
Total        1599
Note:  Total wall clock time is less than total of atomic times if more than one atom
       was calculated at a time
 
Electron Density Critical Point Analysis of Molecular Structure:               
---------------------------------------------------------------                
  NACP = Nuclear Attractor Critical Point                                      
  NNACP = Non-Nuclear Attractor Critical Point                                 
  BCP = Bond Critical Point                                                    
  RCP = Ring Critical Point                                                    
  CCP = Cage Critical Point                                                    
  Rho = Electron Density                                                       
  GradRho = Gradient of Electron Density                                       
  HessRho_EigVals = Eigenvalues of the Hessian of Rho, Ascending Order         
  HessRho_EigVecs = Eigenvectors of the Hessian of Rho                         
  DelSqRho = Laplacian of Rho = Trace of Hessian of Rho                        
  Bond Ellipticity = (HessRho_EigVal(1) / HessRho_EigVal(2)) - 1               
  V = Virial Field = Potential Energy Density = Trace of Stress Tensor         
  G = Lagrangian Form of Kinetic Energy Density                                
  K = Hamiltonian Form of Kinetic Energy Density                               
  L = K - G = Lagrangian Density = (-1/4)DelSqRho                              
  Vnuc = Electrostatic Potential from Nuclei                                   
  Ven = Electron-nuclear attractive contribution to Virial Field V             
  Vrep = V - Ven = Repulsive contribution to Virial Field V                    
  DelSqV = Laplacian of V                                                      
  DelSqVen = Laplacian of Ven                                                  
  DelSqVrep = Laplacian of Vrep                                                
  DelSqG = Laplacian of G                                                      
  DelSqK = Laplacian of K                                                      
  Stress_EigVals = Eigenvalues of Stress Tensor, Ascending Order               
  Stress_EigVecs = Eigenvectors of Stress Tensor                               
  -DivStress = Ehrenfest Force Density = Minus Divergence of Stress Tensor     
  ESP = Total Electrostatic Potential                                          
  ESPe = Electrostatic Potential from Electrons                                
  ESPn = Electrostatic Potential from Nuclei                                   
  BP = Bond Path                                                               
  BPL = Bond Path Length                                                       
  GBL = Geometric Bond Length                                                  
  GBL_I = Distance Between Nuclear Attractors                                  
  GBL_II = Distance Between Nuclei                                             
  GBL_III = Sum of Distances Between BCP and Nuclear Attractors                
  GBL_IV = Sum of Distances Between BCP and Nuclei                             

CP# 1      Coords =  1.99555401155210E+00 -3.16462761819560E+00 -3.60322359973562E-01
           Type = (3,-3) NACP O1
           Rho =  3.0157597321E+02     Rho at Nucleus =  3.0157594752E+02
           GradRho =  1.6221269871E-10 -6.1501662351E-11 -4.6785841188E-13
           HessRho_EigVals = -1.5021826576E+06 -1.5021601161E+06 -1.5021383516E+06
           HessRho_EigVec1 =  3.5851962726E-01  8.4949386515E-01  3.8707085907E-01
           HessRho_EigVec2 =  2.8695453217E-01 -4.9484511280E-01  8.2023497292E-01
           HessRho_EigVec3 =  8.8832470040E-01 -1.8299859947E-01 -4.2117780004E-01
           DelSqRho = -4.5064811253E+06
           Bond Ellipticity = NA
           V = -1.1267725646E+06
           G =  7.6141643789E+01
           K =  1.1266964230E+06
           L =  1.1266202813E+06
           Vnuc =  1.3676572023E+06
           Ven = -4.1245255180E+08
           Vrep =  4.1132577924E+08
           DelSqV =  2.1959239390E+11
           DelSqVen =  6.1633213686E+12
           DelSqVrep = -5.9437289747E+12
           DelSqG =  5.6135432286E+09
           DelSqK = -2.2520593713E+11
           Stress_EigVals = -3.7559645586E+05 -3.7559017492E+05 -3.7558593384E+05
           Stress_EigVec1 =  8.8773926527E-01 -1.8177900716E-01 -4.2293662582E-01
           Stress_EigVec2 =  3.0167983208E-01 -4.6423481022E-01  8.3275165560E-01
           Stress_EigVec3 =  3.4771867338E-01  8.6685779315E-01  3.5728040898E-01
           -DivStress =  1.1855391518E+05 -2.3089428375E+05  3.3425139274E+05
           ESP =  -2.2354206092E+01     ESP at Nucleus =  -2.2354206369E+01
           ESPe = -3.3947710715E+01     ESPe at Nucleus = -3.3947703475E+01
           ESPn =  1.1593504623E+01     ESPn at Nucleus =  1.1593497106E+01

CP# 2      Coords = -3.44095997565690E+00 -2.02899986424229E+00 -5.72671104559505E-01
           Type = (3,-3) NACP O2
           Rho =  3.0166302633E+02     Rho at Nucleus =  3.0166300449E+02
           GradRho =  2.4234901557E-10  2.6726673431E-10  4.2459957955E-11
           HessRho_EigVals = -1.5026216234E+06 -1.5025969279E+06 -1.5025890050E+06
           HessRho_EigVec1 =  7.2600009169E-01  6.5371520737E-01 -2.1349542039E-01
           HessRho_EigVec2 = -1.3610422081E-01  4.4089584712E-01  8.8717895211E-01
           HessRho_EigVec3 =  6.7409161688E-01 -6.1503437274E-01  4.0906382436E-01
           DelSqRho = -4.5078075564E+06
           Bond Ellipticity = NA
           V = -1.1271044146E+06
           G =  7.6262765078E+01
           K =  1.1270281519E+06
           L =  1.1269518891E+06
           Vnuc =  1.4839163675E+06
           Ven = -4.4764270225E+08
           Vrep =  4.4651559783E+08
           DelSqV =  2.1965699357E+11
           DelSqVen =  6.6892094013E+12
           DelSqVrep = -6.4695524078E+12
           DelSqG =  5.6152339895E+09
           DelSqK = -2.2527222756E+11
           Stress_EigVals = -3.7570488226E+05 -3.7570220891E+05 -3.7569732345E+05
           Stress_EigVec1 =  6.7216555990E-01 -6.0892445531E-01  4.2119409754E-01
           Stress_EigVec2 =  1.4912572482E-01 -4.4587304873E-01 -8.8258639385E-01
           Stress_EigVec3 =  7.2522753552E-01  6.5605505267E-01 -2.0889420669E-01
           -DivStress =  6.9899029906E+04 -1.7988007937E+05 -3.3908981300E+05
           ESP =  -2.2302462855E+01     ESP at Nucleus =  -2.2302463093E+01
           ESPe = -3.3872173998E+01     ESPe at Nucleus = -3.3872168418E+01
           ESPn =  1.1569711142E+01     ESPn at Nucleus =  1.1569705325E+01

CP# 3      Coords = -2.77017005788327E+00  1.04857363569291E+00  2.24056247908265E+00
           Type = (3,-3) NACP O3
           Rho =  3.0189785631E+02     Rho at Nucleus =  3.0189783298E+02
           GradRho = -4.9071637253E-11 -2.3975263359E-11 -3.5025144890E-11
           HessRho_EigVals = -1.5038613372E+06 -1.5038551827E+06 -1.5038323118E+06
           HessRho_EigVec1 =  6.3715127422E-01 -5.8681736220E-01  4.9968353704E-01
           HessRho_EigVec2 = -2.4910189964E-01  4.5673681008E-01  8.5401389328E-01
           HessRho_EigVec3 =  7.2937404489E-01  6.6860815860E-01 -1.4483312086E-01
           DelSqRho = -4.5115488318E+06
           Bond Ellipticity = NA
           V = -1.1280389382E+06
           G =  7.5865118562E+01
           K =  1.1279630731E+06
           L =  1.1278872079E+06
           Vnuc =  1.4364712951E+06
           Ven = -4.3366760462E+08
           Vrep =  4.3253956568E+08
           DelSqV =  2.1983918120E+11
           DelSqVen =  6.4807104000E+12
           DelSqVrep = -6.2608712209E+12
           DelSqG =  5.6201974677E+09
           DelSqK = -2.2545937867E+11
           Stress_EigVals = -3.7601745054E+05 -3.7601124143E+05 -3.7601024621E+05
           Stress_EigVec1 =  7.3048179108E-01  6.6664270357E-01 -1.4826954737E-01
           Stress_EigVec2 = -2.4310569093E-01  4.5671564438E-01  8.5575139101E-01
           Stress_EigVec3 =  6.3819744276E-01 -5.8906563806E-01  4.9568709698E-01
           -DivStress = -9.2139807469E+04  1.9442141386E+05  3.4120312575E+05
           ESP =  -2.2363978825E+01     ESP at Nucleus =  -2.2363979051E+01
           ESPe = -3.4120245165E+01     ESPe at Nucleus = -3.4120232397E+01
           ESPn =  1.1756266340E+01     ESPn at Nucleus =  1.1756253346E+01

CP# 4      Coords =  3.39346697616398E-01  3.53452937575085E+00 -1.43839257153560E+00
           Type = (3,-3) NACP N4
           Rho =  1.9831018021E+02     Rho at Nucleus =  1.9831016731E+02
           GradRho =  1.9535524350E-12 -5.5420907896E-11  2.0712496628E-11
           HessRho_EigVals = -7.3792579373E+05 -7.3792343937E+05 -7.3790935788E+05
           HessRho_EigVec1 = -1.5187435010E-01  9.8601286720E-01  6.8649890774E-02
           HessRho_EigVec2 =  4.5165794956E-01  7.4528111328E-03  8.9216004853E-01
           HessRho_EigVec3 =  8.7916965278E-01  1.6650249646E-01 -4.4647244069E-01
           DelSqRho = -2.2137585910E+06
           Bond Ellipticity = NA
           V = -5.5349665524E+05
           G =  2.8503744739E+01
           K =  5.5346815149E+05
           L =  5.5343964775E+05
           Vnuc =  1.1838471993E+06
           Ven = -2.3476895144E+08
           Vrep =  2.3421545478E+08
           DelSqV =  7.8811646797E+10
           DelSqVen =  2.6207519032E+12
           DelSqVrep = -2.5419402564E+12
           DelSqG =  2.0599107669E+09
           DelSqK = -8.0871557563E+10
           Stress_EigVals = -1.8450094065E+05 -1.8449817988E+05 -1.8449753471E+05
           Stress_EigVec1 =  8.7899727832E-01  1.3554728588E-01 -4.5715502621E-01
           Stress_EigVec2 =  4.6296125990E-01 -1.3083551998E-02  8.8628194865E-01
           Stress_EigVec3 = -1.1415190110E-01  9.9068448759E-01  7.4253548843E-02
           -DivStress =  1.3193361348E+05  4.9674707590E+04 -6.0704072238E+04
           ESP =  -1.8394984241E+01     ESP at Nucleus =  -1.8394984442E+01
           ESPe = -3.0306614109E+01     ESPe at Nucleus = -3.0306607482E+01
           ESPn =  1.1911629868E+01     ESPn at Nucleus =  1.1911623040E+01

CP# 5      Coords =  2.39315450595285E+00 -5.33864824567844E-01 -6.25812963523449E-01
           Type = (3,-3) NACP C5
           Rho =  1.2205787883E+02     Rho at Nucleus =  1.2205787719E+02
           GradRho = -1.3817799128E-11  1.1889664382E-11  1.0553785832E-11
           HessRho_EigVals = -3.2265358915E+05 -3.2265099934E+05 -3.2265007914E+05
           HessRho_EigVec1 =  6.9122186156E-02  9.9543939955E-01 -6.5745913970E-02
           HessRho_EigVec2 =  9.7632942823E-01 -5.3961690579E-02  2.0944923855E-01
           HessRho_EigVec3 = -2.0494626359E-01  7.8667259852E-02  9.7560672982E-01
           DelSqRho = -9.6795466763E+05
           Bond Ellipticity = NA
           V = -2.4200562529E+05
           G =  8.4791901532E+00
           K =  2.4199714610E+05
           L =  2.4198866691E+05
           Vnuc =  1.8800929067E+06
           Ven = -2.2948015220E+08
           Vrep =  2.2923814658E+08
           DelSqV =  2.3741721062E+10
           DelSqVen =  1.8198447063E+12
           DelSqVrep = -1.7961029852E+12
           DelSqG =  6.3980846994E+08
           DelSqK = -2.4381529532E+10
           Stress_EigVals = -8.0668952416E+04 -8.0668687880E+04 -8.0667984992E+04
           Stress_EigVec1 = -1.9347983256E-01  7.8961975784E-02  9.7792155144E-01
           Stress_EigVec2 =  9.7851157871E-01 -5.6885123207E-02  1.9818974011E-01
           Stress_EigVec3 =  7.1278641399E-02  9.9525327889E-01 -6.6259083469E-02
           -DivStress =  1.0426881588E+04  2.2312097710E+04 -3.9598775902E+03
           ESP =  -1.4706984230E+01     ESP at Nucleus =  -1.4706984280E+01
           ESPe = -2.9489150130E+01     ESPe at Nucleus = -2.9489147944E+01
           ESPn =  1.4782165901E+01     ESPn at Nucleus =  1.4782163664E+01

CP# 6      Coords = -6.43667640978034E-02  8.27867850160875E-01 -1.42261561810267E+00
           Type = (3,-3) NACP C6
           Rho =  1.2204898679E+02     Rho at Nucleus =  1.2204898628E+02
           GradRho =  1.9067791416E-12 -1.5037788744E-12 -7.9913902466E-13
           HessRho_EigVals = -3.2262344550E+05 -3.2262225690E+05 -3.2262154577E+05
           HessRho_EigVec1 =  3.5529384505E-01  9.1167149778E-01 -2.0644942192E-01
           HessRho_EigVec2 =  7.2098821127E-01 -4.0784277219E-01 -5.6021448783E-01
           HessRho_EigVec3 =  5.9493048575E-01 -5.0193160005E-02  8.0220842916E-01
           DelSqRho = -9.6786724817E+05
           Bond Ellipticity = NA
           V = -2.4198418309E+05
           G =  8.6855226492E+00
           K =  2.4197549756E+05
           L =  2.4196681204E+05
           Vnuc =  3.3974454097E+06
           Ven = -4.1465476991E+08
           Vrep =  4.1441278573E+08
           DelSqV =  2.3739590876E+10
           DelSqVen =  3.2882761073E+12
           DelSqVrep = -3.2645365164E+12
           DelSqG =  6.3974017112E+08
           DelSqK = -2.4379331047E+10
           Stress_EigVals = -8.0661625183E+04 -8.0661421369E+04 -8.0661136535E+04
           Stress_EigVec1 =  5.7641167173E-01 -3.9137872816E-02  8.1622166818E-01
           Stress_EigVec2 =  7.2845254183E-01 -4.2799896878E-01 -5.3495212592E-01
           Stress_EigVec3 =  3.7027892054E-01  9.0293139808E-01 -2.1819351815E-01
           -DivStress =  3.6261290545E+03 -1.2273942256E+04 -5.1725751122E+03
           ESP =  -1.4717795325E+01     ESP at Nucleus =  -1.4717795339E+01
           ESPe = -3.0080388776E+01     ESPe at Nucleus = -3.0080388398E+01
           ESPn =  1.5362593451E+01     ESPn at Nucleus =  1.5362593059E+01

CP# 7      Coords =  3.43517460141665E+00  3.98051897788612E-01  1.87096836130653E+00
           Type = (3,-3) NACP C7
           Rho =  1.2202554178E+02     Rho at Nucleus =  1.2202554174E+02
           GradRho = -1.8629152751E-10  3.4017939190E-11 -4.0076728232E-10
           HessRho_EigVals = -3.2254288845E+05 -3.2254216237E+05 -3.2254211008E+05
           HessRho_EigVec1 =  4.0184304214E-01  2.3207419827E-01  8.8581247224E-01
           HessRho_EigVec2 =  1.0768400909E-01  9.4866373848E-01 -2.9739076226E-01
           HessRho_EigVec3 = -9.0935489423E-01  2.1489224693E-01  3.5622324256E-01
           DelSqRho = -9.6762716091E+05
           Bond Ellipticity = NA
           V = -2.4192468313E+05
           G =  8.9464495696E+00
           K =  2.4191573668E+05
           L =  2.4190679023E+05
           Vnuc =  1.0911575892E+07
           Ven = -1.3314909599E+09
           Vrep =  1.3312490352E+09
           DelSqV =  2.3733701839E+10
           DelSqVen =  1.0558340334E+13
           DelSqVrep = -1.0534606632E+13
           DelSqG =  6.3954706851E+08
           DelSqK = -2.4373248907E+10
           Stress_EigVals = -8.0641634641E+04 -8.0641618355E+04 -8.0641430129E+04
           Stress_EigVec1 = -9.1313947543E-01  1.8023191798E-01  3.6564019768E-01
           Stress_EigVec2 =  7.9897086226E-02  9.5868388675E-01 -2.7302318748E-01
           Stress_EigVec3 =  3.9974085860E-01  2.2009466379E-01  8.8981210654E-01
           -DivStress =  1.3950838654E+03 -2.9484442073E+02  4.0535671489E+03
           ESP =  -1.4784152318E+01     ESP at Nucleus =  -1.4784152317E+01
           ESPe = -2.7003584698E+01     ESPe at Nucleus = -2.7003583909E+01
           ESPn =  1.2219432381E+01     ESPn at Nucleus =  1.2219431592E+01

CP# 8      Coords = -2.21070098594670E+00  1.15181125403642E-02  3.05244038089228E-01
           Type = (3,-3) NACP C8
           Rho =  1.2231688095E+02     Rho at Nucleus =  1.2231687911E+02
           GradRho =  1.0361073764E-11  1.5973407639E-13  6.3052661494E-12
           HessRho_EigVals = -3.2338741665E+05 -3.2338525668E+05 -3.2338258832E+05
           HessRho_EigVec1 = -6.4465514300E-01  5.8104048960E-01 -4.9680146543E-01
           HessRho_EigVec2 =  4.7984575652E-01  8.1344387058E-01  3.2872042737E-01
           HessRho_EigVec3 = -5.9511998501E-01  2.6476760909E-02  8.0320058801E-01
           DelSqRho = -9.7015526165E+05
           Bond Ellipticity = NA
           V = -2.4255543694E+05
           G =  8.3107626969E+00
           K =  2.4254712617E+05
           L =  2.4253881541E+05
           Vnuc =  1.7813903710E+06
           Ven = -2.1789411394E+08
           Vrep =  2.1765155850E+08
           DelSqV =  2.3795687332E+10
           DelSqVen =  1.7282252513E+12
           DelSqVrep = -1.7044295640E+12
           DelSqG =  6.4136390107E+08
           DelSqK = -2.4437051233E+10
           Stress_EigVals = -8.0852654990E+04 -8.0851781002E+04 -8.0851000945E+04
           Stress_EigVec1 = -5.4002627627E-01  1.1735711973E-01  8.3342601795E-01
           Stress_EigVec2 =  5.4646819474E-01  8.0200759414E-01  2.4115623789E-01
           Stress_EigVec3 = -6.4011259406E-01  5.8567151663E-01 -4.9723710796E-01
           -DivStress =  1.6576111619E+04  2.0426950970E+04  2.0534485241E+03
           ESP =  -1.4638250013E+01     ESP at Nucleus =  -1.4638250071E+01
           ESPe = -3.0428744543E+01     ESPe at Nucleus = -3.0428745627E+01
           ESPn =  1.5790494530E+01     ESPn at Nucleus =  1.5790495556E+01

CP# 9      Coords = -5.26602051578859E-01  2.15365469456697E-01 -3.30962903381283E+00
           Type = (3,-3) NACP H9
           Rho =  4.4483603389E-01     Rho at Nucleus =  4.4155866642E-01
           GradRho =  1.6117055723E-16  5.0371180028E-16  1.6249652482E-15
           HessRho_EigVals = -9.0847135477E+00 -9.0795211559E+00 -8.3647268524E+00
           HessRho_EigVec1 =  4.2477221352E-01  8.2687938613E-01 -3.6856349170E-01
           HessRho_EigVec2 = -8.7720986095E-01  4.7656694888E-01  5.8196246416E-02
           HessRho_EigVec3 =  2.2376645522E-01  2.9858738089E-01  9.2777914909E-01
           DelSqRho = -2.6528961556E+01
           Bond Ellipticity = NA
           V = -6.6483934221E+00
           G =  8.0765165561E-03
           K =  6.6403169055E+00
           L =  6.6322403890E+00
           Vnuc =  5.0928629143E+01
           Ven = -2.2654889399E+01
           Vrep =  1.6006495977E+01
           DelSqV =  1.7299443154E+03
           DelSqVen =  1.3510836446E+03
           DelSqVrep =  3.7886067073E+02
           DelSqG =  1.3258863873E+02
           DelSqK = -1.8625329541E+03
           Stress_EigVals = -2.2764505137E+00 -2.2759880401E+00 -2.0959548683E+00
           Stress_EigVec1 =  9.2781829495E-01  2.2611956948E-01 -2.9668695938E-01
           Stress_EigVec2 = -2.9870385663E-01  9.2676035881E-01 -2.2779649552E-01
           Stress_EigVec3 =  2.2344846743E-01  2.9997529505E-01  9.2740800340E-01
           -DivStress = -3.4459115820E+00 -4.5804664458E+00 -1.4366381058E+01
           ESP =  -1.0918263458E+00     ESP at Nucleus =  -1.0930835706E+00
           ESPe = -1.5776389253E+01     ESPe at Nucleus = -1.5695325721E+01
           ESPn =  1.4684562908E+01     ESPn at Nucleus =  1.4602242150E+01

CP# 10     Coords =  3.74784253291138E+00 -1.50123545033467E-01 -2.10613832321963E+00
           Type = (3,-3) NACP H10
           Rho =  4.4888909016E-01     Rho at Nucleus =  4.4563875240E-01
           GradRho = -1.9726862232E-13 -5.7954465575E-14  2.1257770923E-13
           HessRho_EigVals = -9.1794726941E+00 -9.1727047441E+00 -8.4535035631E+00
           HessRho_EigVec1 = -2.0773255793E-01  9.7546142701E-01  7.2953332905E-02
           HessRho_EigVec2 =  7.1522717902E-01  1.0058861601E-01  6.9161550931E-01
           HessRho_EigVec3 = -6.6730597686E-01 -1.9584926535E-01  7.1857205519E-01
           DelSqRho = -2.6805681001E+01
           Bond Ellipticity = NA
           V = -6.7170476879E+00
           G =  7.8137187739E-03
           K =  6.7092339691E+00
           L =  6.7014202503E+00
           Vnuc =  5.0411518416E+01
           Ven = -2.2629180635E+01
           Vrep =  1.5912132947E+01
           DelSqV =  1.7487357778E+03
           DelSqVen =  1.3513150814E+03
           DelSqVrep =  3.9742069639E+02
           DelSqG =  1.3412793190E+02
           DelSqK = -1.8828637097E+03
           Stress_EigVals = -2.2993162707E+00 -2.2990860308E+00 -2.1186453865E+00
           Stress_EigVec1 = -6.5137743400E-01  6.2238380335E-01 -4.3398829455E-01
           Stress_EigVec2 =  3.6212477029E-01  7.5763348159E-01  5.4300751221E-01
           Stress_EigVec3 = -6.6676314326E-01 -1.9654492848E-01  7.1888594497E-01
           -DivStress =  1.0356755398E+01  3.0222867595E+00 -1.1109010688E+01
           ESP =  -1.1207263618E+00     ESP at Nucleus =  -1.1219777561E+00
           ESPe = -1.4954592329E+01     ESPe at Nucleus = -1.4874246057E+01
           ESPn =  1.3833865967E+01     ESPn at Nucleus =  1.3752268301E+01

CP# 11     Coords =  3.98116703073060E+00  2.34916830359714E+00  1.73791546629051E+00
           Type = (3,-3) NACP H11
           Rho =  4.3872296341E-01     Rho at Nucleus =  4.3552302810E-01
           GradRho = -5.9442337349E-16 -2.7809469046E-15 -1.2509015197E-16
           HessRho_EigVals = -8.9652291384E+00 -8.9632091483E+00 -8.2658889770E+00
           HessRho_EigVec1 = -1.0443487924E-02  6.3275824216E-02  9.9794143297E-01
           HessRho_EigVec2 = -9.6100430834E-01  2.7516222642E-01 -2.7503972330E-02
           HessRho_EigVec3 =  2.7633612305E-01  9.5931325396E-01 -5.7934686297E-02
           DelSqRho = -2.6194327264E+01
           Bond Ellipticity = NA
           V = -6.5656283089E+00
           G =  8.5232464972E-03
           K =  6.5571050624E+00
           L =  6.5485818159E+00
           Vnuc =  4.9213240310E+01
           Ven = -2.1590978627E+01
           Vrep =  1.5025350318E+01
           DelSqV =  1.7093377026E+03
           DelSqVen =  1.2891077224E+03
           DelSqVrep =  4.2022998023E+02
           DelSqG =  1.3108491820E+02
           DelSqK = -1.8404226208E+03
           Stress_EigVals = -2.2475246361E+00 -2.2474296645E+00 -2.0706740082E+00
           Stress_EigVec1 =  7.2034229369E-01 -2.4691997104E-01 -6.4818015075E-01
           Stress_EigVec2 =  6.3594948837E-01 -1.3794980633E-01  7.5930105965E-01
           Stress_EigVec3 =  2.7690292192E-01  9.5916650214E-01 -5.7657549347E-02
           -DivStress =  4.2489696339E+00  1.4560614815E+01 -8.6877696599E-01
           ESP =  -1.1165414749E+00     ESP at Nucleus =  -1.1177763646E+00
           ESPe = -1.3873617334E+01     ESPe at Nucleus = -1.3809398507E+01
           ESPn =  1.2757075859E+01     ESPn at Nucleus =  1.2691622142E+01

CP# 12     Coords =  5.07725351704739E+00 -6.98987883775430E-01  2.34410281968473E+00
           Type = (3,-3) NACP H12
           Rho =  4.3775398328E-01     Rho at Nucleus =  4.3454931238E-01
           GradRho = -2.9271543163E-09  1.9678826052E-09 -8.8264498544E-10
           HessRho_EigVals = -8.9517521300E+00 -8.9507763203E+00 -8.2516404183E+00
           HessRho_EigVec1 =  3.7557720496E-02  4.5479672406E-01  8.8980298798E-01
           HessRho_EigVec2 =  5.8969690039E-01  7.0877644326E-01 -3.8716084403E-01
           HessRho_EigVec3 =  8.0675088057E-01 -5.3925494274E-01  2.4157219094E-01
           DelSqRho = -2.6154168868E+01
           Bond Ellipticity = NA
           V = -6.5554051799E+00
           G =  8.4314813704E-03
           K =  6.5469736985E+00
           L =  6.5385422171E+00
           Vnuc =  4.8490064615E+01
           Ven = -2.1226718935E+01
           Vrep =  1.4671313755E+01
           DelSqV =  1.7067023598E+03
           DelSqVen =  1.2682173480E+03
           DelSqVrep =  4.3848501182E+02
           DelSqG =  1.3096945886E+02
           DelSqK = -1.8376718187E+03
           Stress_EigVals = -2.2442036147E+00 -2.2440649968E+00 -2.0671365684E+00
           Stress_EigVec1 = -5.0185265554E-01 -4.0992519236E-01  7.6164640668E-01
           Stress_EigVec2 =  3.1231505845E-01  7.3527796931E-01  6.0151941956E-01
           Stress_EigVec3 =  8.0659978701E-01 -5.3974776008E-01  2.4097539105E-01
           -DivStress =  1.2227624637E+01 -8.2271878464E+00  3.6908706992E+00
           ESP =  -1.1196262371E+00     ESP at Nucleus =  -1.1208749959E+00
           ESPe = -1.3210111888E+01     ESPe at Nucleus = -1.3140081914E+01
           ESPn =  1.2090485651E+01     ESPn at Nucleus =  1.2019206918E+01

CP# 13     Coords =  2.06066786697997E+00  1.77498511182801E-01  3.35334939979947E+00
           Type = (3,-3) NACP H13
           Rho =  4.3685233051E-01     Rho at Nucleus =  4.3362917557E-01
           GradRho =  2.5725214264E-12  4.1536291872E-13 -2.8396909187E-12
           HessRho_EigVals = -8.9270113527E+00 -8.9257361844E+00 -8.2257671266E+00
           HessRho_EigVec1 =  6.2819473795E-01  4.4745863640E-01  6.3651562425E-01
           HessRho_EigVec2 = -3.9799298435E-01  8.8775493977E-01 -2.3128500022E-01
           HessRho_EigVec3 = -6.6856036049E-01 -1.0803673278E-01  7.3576837983E-01
           DelSqRho = -2.6078514664E+01
           Bond Ellipticity = NA
           V = -6.5365284326E+00
           G =  8.4498833277E-03
           K =  6.5280785493E+00
           L =  6.5196286659E+00
           Vnuc =  4.9929282636E+01
           Ven = -2.1811723480E+01
           Vrep =  1.5275195048E+01
           DelSqV =  1.7013261585E+03
           DelSqVen =  1.3020815294E+03
           DelSqVrep =  3.9924462913E+02
           DelSqG =  1.3048518269E+02
           DelSqK = -1.8318113412E+03
           Stress_EigVals = -2.2379293801E+00 -2.2377715736E+00 -2.0608274788E+00
           Stress_EigVec1 =  7.0153090018E-01 -4.2045275887E-01  5.7539019252E-01
           Stress_EigVec2 =  2.4686531236E-01  9.0079430405E-01  3.5724940777E-01
           Stress_EigVec3 = -6.6851470713E-01 -1.0857761902E-01  7.3573024064E-01
           -DivStress = -1.0152026134E+01 -1.6427736552E+00  1.1213047607E+01
           ESP =  -1.1212544151E+00     ESP at Nucleus =  -1.1224904132E+00
           ESPe = -1.4807822154E+01     ESPe at Nucleus = -1.4752798473E+01
           ESPn =  1.3686567739E+01     ESPn at Nucleus =  1.3630308060E+01

CP# 14     Coords =  2.98539868116314E-01  4.17537312717266E+00  3.31353556980514E-01
           Type = (3,-3) NACP H14
           Rho =  4.3150470182E-01     Rho at Nucleus =  4.2634376659E-01
           GradRho = -1.2355076679E-16  2.8198452185E-15 -6.0428004113E-16
           HessRho_EigVals = -8.7217340065E+00 -8.7050513295E+00 -7.6291605724E+00
           HessRho_EigVec1 = -3.2241132918E-01  8.8508526118E-01 -3.3567099258E-01
           HessRho_EigVec2 =  9.4654723918E-01  3.0517506429E-01 -1.0448207564E-01
           HessRho_EigVec3 = -9.9628715358E-03  3.5141465618E-01  9.3616690852E-01
           DelSqRho = -2.5055945908E+01
           Bond Ellipticity = NA
           V = -6.3004724080E+00
           G =  1.8242965434E-02
           K =  6.2822294425E+00
           L =  6.2639864771E+00
           Vnuc =  4.2036940830E+01
           Ven = -1.8139137618E+01
           Vrep =  1.1838665210E+01
           DelSqV =  1.6092838864E+03
           DelSqVen =  1.0532753156E+03
           DelSqVrep =  5.5600857083E+02
           DelSqG =  1.2260595276E+02
           DelSqK = -1.7318898392E+03
           Stress_EigVals = -2.1946546272E+00 -2.1901819723E+00 -1.9156358084E+00
           Stress_EigVec1 =  9.3681631951E-01  3.2825570479E-01 -1.2092715068E-01
           Stress_EigVec2 = -3.4980564268E-01  8.7571646318E-01 -3.3280127473E-01
           Stress_EigVec3 = -3.3460202958E-03  3.5407466499E-01  9.3521117175E-01
           -DivStress = -1.5821931456E-02  6.7677634473E+00  1.7816912776E+01
           ESP =  -1.0479691219E+00     ESP at Nucleus =  -1.0501820093E+00
           ESPe = -1.5193545961E+01     ESPe at Nucleus = -1.5101454990E+01
           ESPn =  1.4145576839E+01     ESPn at Nucleus =  1.4051272981E+01

CP# 15     Coords = -1.04965169427888E+00  4.40305248337091E+00 -2.35675323861971E+00
           Type = (3,-3) NACP H15
           Rho =  4.3582076180E-01     Rho at Nucleus =  4.3072370592E-01
           GradRho =  4.4923682495E-14 -2.8795857052E-14  3.3956752510E-14
           HessRho_EigVals = -8.8132672263E+00 -8.7944470195E+00 -7.7257718317E+00
           HessRho_EigVec1 =  1.3453749221E-01  8.0462849463E-01  5.7833610367E-01
           HessRho_EigVec2 =  6.7702363022E-01  3.5153395599E-01 -6.4657782356E-01
           HessRho_EigVec3 =  7.2355971925E-01 -4.7853616730E-01  4.9745800755E-01
           DelSqRho = -2.5333486078E+01
           Bond Ellipticity = NA
           V = -6.3704432528E+00
           G =  1.8535866687E-02
           K =  6.3519073861E+00
           L =  6.3333715194E+00
           Vnuc =  4.1191972408E+01
           Ven = -1.7952316795E+01
           Vrep =  1.1581873542E+01
           DelSqV =  1.6287099472E+03
           DelSqVen =  1.0435362595E+03
           DelSqVrep =  5.8517368767E+02
           DelSqG =  1.2408101086E+02
           DelSqK = -1.7527909580E+03
           Stress_EigVals = -2.2176389095E+00 -2.2132495870E+00 -1.9395547562E+00
           Stress_EigVec1 =  6.8333665065E-01  3.5386612329E-01 -6.3861552492E-01
           Stress_EigVec2 =  1.2980717093E-01  8.0187135259E-01  5.8322588443E-01
           Stress_EigVec3 =  7.1847137748E-01 -4.8143649704E-01  5.0201372398E-01
           -DivStress = -1.3563567497E+01  9.2613869365E+00 -9.6317194973E+00
           ESP =  -1.0453602438E+00     ESP at Nucleus =  -1.0475810768E+00
           ESPe = -1.4012155133E+01     ESPe at Nucleus = -1.3906140560E+01
           ESPn =  1.2966794889E+01     ESPn at Nucleus =  1.2858559483E+01

CP# 16     Coords =  1.15467794922350E+00 -3.79249058119941E+00 -1.79272982858462E+00
           Type = (3,-3) NACP H16
           Rho =  4.1784639606E-01     Rho at Nucleus =  4.1089981222E-01
           GradRho =  1.5013280265E-14  1.2917137329E-14  2.4397904111E-14
           HessRho_EigVals = -8.2484986921E+00 -8.2307547333E+00 -6.7924989616E+00
           HessRho_EigVec1 = -1.4226028850E-02  9.0414750044E-01 -4.2698350970E-01
           HessRho_EigVec2 = -8.8016306503E-01  1.9130351598E-01  4.3441448380E-01
           HessRho_EigVec3 =  4.7445821635E-01  3.8199510759E-01  7.9307574589E-01
           DelSqRho = -2.3271752387E+01
           Bond Ellipticity = NA
           V = -5.8786116566E+00
           G =  3.0336779937E-02
           K =  5.8482748767E+00
           L =  5.8179380967E+00
           Vnuc =  3.7352599363E+01
           Ven = -1.5607649028E+01
           Vrep =  9.7290373709E+00
           DelSqV =  1.4650397956E+03
           DelSqVen =  8.6926044339E+02
           DelSqVrep =  5.9577935224E+02
           DelSqG =  1.1013783233E+02
           DelSqK = -1.5751776280E+03
           Stress_EigVals = -2.0856346787E+00 -2.0808357448E+00 -1.7121412331E+00
           Stress_EigVec1 = -8.7934518997E-01  1.7338835527E-01  4.4349578930E-01
           Stress_EigVec2 = -3.5641691935E-02  9.0477409688E-01 -4.2439781268E-01
           Stress_EigVec3 =  4.7484914095E-01  3.8899911551E-01  7.8942889576E-01
           -DivStress = -1.0221651298E+01 -8.5289185424E+00 -1.6879609126E+01
