AIMSum (Version 17.01.25, Professional)
Copyright (c) 1997-2017 by Todd A. Keith
AIMSum is a component of the AIMAll package ( http://aim.tkgristmill.com )

TP:  64-bit Linux

Licensed To:  Research Group of Fernando Cortes Guzman, UNAM, fercor@unam.mx

Much of the Quantum Theory of Atoms in Molecules (QTAIM) is described in the book:
  "Atoms in Molecules - A Quantum Theory"
  R.F.W. Bader, Oxford University Press, Oxford, 1990

For additional references see:  http://aim.tkgristmill.com/references.html

Wfn File:  /home/alejandro/wd/aimqb_inps/tryptophan_b2plyp_6-31G*.wfn
Sum File:  /home/alejandro/wd/aimqb_inps/tryptophan_b2plyp_6-31G*.sum

SumViz File:  /home/alejandro/wd/aimqb_inps/tryptophan_b2plyp_6-31G*.sumviz

Wfn Title:   opt tryptophan M062X def2TZVP                                                 
 
Total memory allocated for AIMSum =        2.658 Megabytes

Atomic units (a.u.) used throughout, except where stated otherwise

Model:  Unknown
 
Restricted, natural orbital wavefunction.
  Number of electrons (from MO Occs)                   =         108.0000002000
  Number of Alpha electrons (from MO Occs)             =          54.0000001000
  Number of Beta electrons (from MO Occs)              =          54.0000001000
  Number of electron pairs (N*(N-1)/2)                 =        5778.0000215000
  Number of electron pairs (from Muller 2EDM)          =        5778.0000215000
  Number of electron pairs (from Muller 2EDM, no SOSI) =        5778.5808120951
 
Nuclear Charges and Cartesian Coordinates:
-------------------------------------------------------------------------------
Atom      Charge                X                  Y                  Z
-------------------------------------------------------------------------------
O1         8.0           2.4251840500E+00  -1.5723826200E+00   3.2757285000E+00
O2         8.0           4.1045662600E+00  -3.6221227500E+00  -1.0592240000E-02
N3         7.0          -3.3741497600E+00   3.8577509800E+00   8.3682038000E-01
N4         7.0           7.1686398500E+00   7.6669002000E-01  -8.9325514000E-01
C5         6.0           1.4284812000E-01   2.1925439100E+00  -8.5240061000E-01
C6         6.0           2.7982131400E+00   1.8991177000E+00  -1.7661688300E+00
C7         6.0          -1.7898790100E+00   2.8223590000E-01  -7.8553206000E-01
C8         6.0           4.6661498300E+00   8.8268642000E-01   2.2261388000E-01
C9         6.0          -3.9629725600E+00   1.3943256800E+00   2.8538530000E-01
C10        6.0          -9.1345118000E-01   4.3201047000E+00   1.4352096000E-01
C11        6.0          -1.8812028000E+00  -2.2560947400E+00  -1.5316530800E+00
C12        6.0          -6.2040945100E+00   5.3470500000E-02   6.3244480000E-01
C13        6.0           3.7399064700E+00  -1.6851611800E+00   1.1174831400E+00
C14        6.0          -4.0945911400E+00  -3.5897481400E+00  -1.1881529800E+00
C15        6.0          -6.2363238500E+00  -2.4437795500E+00  -1.1432790000E-01
H16        1.0           2.8514097300E+00   6.1256916000E-01  -3.3851247600E+00
H17        1.0           3.5572670200E+00   3.7053548400E+00  -2.4038938500E+00
H18        1.0           4.6877811700E+00   2.1681782600E+00   1.8330997000E+00
H19        1.0          -9.0757900000E-02   6.1656681600E+00   4.0890146000E-01
H20        1.0          -4.5621072800E+00   5.1332902300E+00   1.5839643400E+00
H21        1.0          -2.3795342000E-01  -3.1600875300E+00  -2.3524980900E+00
H22        1.0          -7.8559067000E+00   9.3592665000E-01   1.4562309600E+00
H23        1.0          -4.1933731900E+00  -5.5510089800E+00  -1.7578025500E+00
H24        1.0           7.1902901700E+00  -6.1016146000E-01  -2.2303872800E+00
H25        1.0           8.4708649900E+00   2.6936627000E-01   4.1984602000E-01
H26        1.0          -7.9447136900E+00  -3.5414336500E+00   1.2732749000E-01
H27        1.0           1.7401510200E+00  -3.2409132600E+00   3.5950140900E+00
 
Some Atomic Properties:
----------------------
  q(A) = Net Charge of Atom A
  L(A) = Lagrangian of Atom A = -(1/4) Times Atomic Integral of the Laplacian of the Electron Density
  K(A) = Electronic Kinetic Energy of Atom A (Hamiltonian Form)
  K_Scaled(A) = K(A) * E(Mol)/K(Mol) = Approximation to Virial-Based Total Energy of Atom A.
  |Mu_Intra(A)| = Magnitude of Intraatomic Dipole Moment of Atom A
--------------------------------------------------------------------------------------------------
Atom A          q(A)              L(A)              K(A)          K_Scaled(A)      |Mu_Intra(A)|
--------------------------------------------------------------------------------------------------
O1       -1.1609579641E+00  7.6328820277E-04  7.5382265664E+01 -7.5810323106E+01  2.8181254321E-01
O2       -1.2565031221E+00  2.1490011679E-05  7.5485810854E+01 -7.5914456276E+01  5.9264135086E-01
N3       -1.3248313755E+00  6.0773825270E-05  5.5153166086E+01 -5.5466352788E+01  1.0959112390E-01
N4       -1.0568450800E+00 -2.4860215125E-04  5.4792539389E+01 -5.5103678276E+01  2.3873958272E-01
C5       -2.2250960000E-03 -1.4372288048E-05  3.7850681703E+01 -3.8065616421E+01  1.4492288484E-01
C6        2.9169616600E-02 -5.8825450586E-04  3.7799357384E+01 -3.8014000657E+01  1.0105853610E-01
C7       -6.6242802000E-03 -1.2751165238E-04  3.7893448585E+01 -3.8108626154E+01  1.4674170894E-01
C8        4.0231817820E-01  1.8618151195E-04  3.7607351516E+01 -3.7820904486E+01  4.2380257321E-01
C9        4.2944902480E-01 -3.0206786815E-04  3.7620535212E+01 -3.7834163045E+01  6.5546622261E-01
C10       3.7932157410E-01  6.4114119455E-05  3.7575032813E+01 -3.7788402261E+01  7.5292564751E-01
C11      -5.0910438100E-02  7.8804771291E-05  3.7845145898E+01 -3.8060049180E+01  1.5289088227E-01
C12      -3.9651611000E-02 -4.6078504394E-05  3.7834768813E+01 -3.8049613169E+01  1.7378258964E-01
C13       1.6385414400E+00  4.9767825739E-04  3.6752920054E+01 -3.6961621143E+01  8.9743185147E-01
C14      -4.3130781100E-02  9.7568287132E-07  3.7832261685E+01 -3.8047091805E+01  1.3033607082E-01
C15      -3.4970103200E-02 -8.8450809703E-05  3.7828631437E+01 -3.8043440942E+01  1.3348632859E-01
H16       2.3224805290E-02  3.1805500214E-05  6.0779778910E-01 -6.1124916277E-01  1.5909513651E-01
H17       3.7345222650E-02  2.9382181661E-05  6.0376892009E-01 -6.0719741586E-01  1.5741658867E-01
H18       3.9421930960E-02  3.5451578214E-05  6.1089475362E-01 -6.1436371337E-01  1.5604152136E-01
H19       6.9403716880E-02  2.5524055937E-05  5.8448119877E-01 -5.8780016941E-01  1.5102581863E-01
H20       4.3582047858E-01  2.0948510865E-05  4.3274232763E-01 -4.3519965061E-01  1.7750216147E-01
H21       6.0889476000E-02  2.4393632191E-05  5.9224704682E-01 -5.9561011575E-01  1.4174461939E-01
H22       3.6624107140E-02  2.2168855554E-05  5.9806709968E-01 -6.0146321773E-01  1.5729321528E-01
H23       3.4581448570E-02  2.3661376691E-05  6.0214912511E-01 -6.0556842290E-01  1.5566467127E-01
H24       3.7547449539E-01  3.2486215418E-05  4.6225541271E-01 -4.6488032545E-01  1.9449341220E-01
H25       3.5953961549E-01  3.4000305644E-05  4.7141717723E-01 -4.7409411495E-01  1.9864439389E-01
H26       3.4907492480E-02  2.4599144873E-05  6.0216899513E-01 -6.0558840575E-01  1.5554872504E-01
H27       5.9100535095E-01  3.4918059977E-05  3.4734078589E-01 -3.4931315707E-01  1.6210289773E-01
--------------------------------------------------------------------------------------------------
Total     3.8812278000E-04  5.9730802013E-04  6.8176924772E+02 -6.8564066758E+02
 
Molecular charge q(Mol) from the wfn file:  -1.9999999544E-07
Molecular energy E(Mol) from the wfn file:  -6.8564053675E+02
Molecular virial ratio (-V(Mol)/T(Mol)) from the wfn file:   2.0056784900E+00
Note.  K_Scaled(A) = (1+V(Mol)/T(Mol))*K(A) = (E(Mol)/T(Mol))*K(A)
       Only use K_Scaled(A) data with caution.
 
N_AIMInt(SumA)     =        107.999612
N_Analytic(Mol)    =        107.999983
 
G_AIMInt(SumA)     =        681.768650
G_Analytic(Mol)    =        681.769073
 
K_AIMInt(SumA)     =        681.769248
K_Analytic(Mol)    =        681.769073
 
L_AIMInt(SumA)     =          0.000597
L_Analytic(Mol)    =          0.000000
 
VenT_AIMInt(SumA)  =      -3574.459857
VenT_Analytic(Mol) =      -3574.466598
 
Some Information About the Atomic Calculations:
----------------------------------------------
  Time(sec) = "Elapsed User Time", in Seconds, for Atom A by AIMInt and, if used, by TWOe
  NProc = Number of Processors Used for AIMInt Job
  BIM = Basin Integration Method
  OAQ = Angular Quadrature Outside of Beta Sphere
  ORQ = Multiple of Default for Radial Quadrature Outside of Beta Sphere
  IAQ = Multiple of Default for Angular Quadrature Inside of Beta Sphere
  IRQ = Multiple of Default for Radial Quadrature Inside of Beta Sphere
  MIR = Maximum Integration Radius
------------------------------------------------------------------------------------------------------
Atom A     Time(sec)   NProc      BIM              OAQ                 ORQ      IAQ      IRQ      MIR
------------------------------------------------------------------------------------------------------
O1            103       16    Promega(1)    4334      (Very High)      1.00     1.00     1.00    13.00
O2             41       16     Proaim(5)    4334      (Very High)      1.00     1.00     1.00    13.00
N3             33       16     Proaim(5)    4334      (Very High)      1.00     1.00     1.00    13.00
N4             40       16     Proaim(5)    4334      (Very High)      1.00     1.00     1.00    13.00
C5            106       16     Proaim(5)    4334      (Very High)      1.00     1.00     1.00    13.00
C6            126       16     Proaim(5)    4334      (Very High)      1.00     1.00     1.00    13.00
C7             76       16     Proaim(5)    4334      (Very High)      1.00     1.00     1.00    13.00
C8             75       16     Proaim(5)    4334      (Very High)      1.00     1.00     1.00    13.00
C9             43       16     Proaim(5)    4334      (Very High)      1.00     1.00     1.00    13.00
C10            43       16     Proaim(5)    4334      (Very High)      1.00     1.00     1.00    13.00
C11            58       16     Proaim(5)    4334      (Very High)      1.00     1.00     1.00    13.00
C12            29       16     Proaim(5)    4334      (Very High)      1.00     1.00     1.00    13.00
C13            94       16     Proaim(5)    4334      (Very High)      1.00     1.00     1.00    13.00
C14            28       16     Proaim(5)    4334      (Very High)      1.00     1.00     1.00    13.00
C15            29       16     Proaim(5)    4334      (Very High)      1.00     1.00     1.00    13.00
H16            10       16     Proaim(5)    2030      (Very High)      1.00     1.00     1.00    13.00
H17             8       16     Proaim(5)    2030      (Very High)      1.00     1.00     1.00    13.00
H18             8       16     Proaim(5)    2030      (Very High)      1.00     1.00     1.00    13.00
H19            11       16     Proaim(5)    2030      (Very High)      1.00     1.00     1.00    13.00
H20            11       16     Proaim(5)    2030      (Very High)      1.00     1.00     1.00    13.00
H21            29       16     Proaim(5)    4334      (Very High)      1.00     1.00     1.00    13.00
H22            11       16     Proaim(5)    2030      (Very High)      1.00     1.00     1.00    13.00
H23            12       16     Proaim(5)    2030      (Very High)      1.00     1.00     1.00    13.00
H24            10       16     Proaim(5)    2030      (Very High)      1.00     1.00     1.00    13.00
H25             9       16     Proaim(5)    2030      (Very High)      1.00     1.00     1.00    13.00
H26             8       16     Proaim(5)    2030      (Very High)      1.00     1.00     1.00    13.00
H27             9       16     Proaim(5)    2030      (Very High)      1.00     1.00     1.00    13.00
------------------------------------------------------------------------------------------------------
Total        1060
Note:  Total wall clock time is less than total of atomic times if more than one atom
       was calculated at a time
 
Electron Density Critical Point Analysis of Molecular Structure:               
---------------------------------------------------------------                
  NACP = Nuclear Attractor Critical Point                                      
  NNACP = Non-Nuclear Attractor Critical Point                                 
  BCP = Bond Critical Point                                                    
  RCP = Ring Critical Point                                                    
  CCP = Cage Critical Point                                                    
  Rho = Electron Density                                                       
  GradRho = Gradient of Electron Density                                       
  HessRho_EigVals = Eigenvalues of the Hessian of Rho, Ascending Order         
  HessRho_EigVecs = Eigenvectors of the Hessian of Rho                         
  DelSqRho = Laplacian of Rho = Trace of Hessian of Rho                        
  Bond Ellipticity = (HessRho_EigVal(1) / HessRho_EigVal(2)) - 1               
  V = Virial Field = Potential Energy Density = Trace of Stress Tensor         
  G = Lagrangian Form of Kinetic Energy Density                                
  K = Hamiltonian Form of Kinetic Energy Density                               
  L = K - G = Lagrangian Density = (-1/4)DelSqRho                              
  Vnuc = Electrostatic Potential from Nuclei                                   
  Ven = Electron-nuclear attractive contribution to Virial Field V             
  Vrep = V - Ven = Repulsive contribution to Virial Field V                    
  DelSqV = Laplacian of V                                                      
  DelSqVen = Laplacian of Ven                                                  
  DelSqVrep = Laplacian of Vrep                                                
  DelSqG = Laplacian of G                                                      
  DelSqK = Laplacian of K                                                      
  Stress_EigVals = Eigenvalues of Stress Tensor, Ascending Order               
  Stress_EigVecs = Eigenvectors of Stress Tensor                               
  -DivStress = Ehrenfest Force Density = Minus Divergence of Stress Tensor     
  ESP = Total Electrostatic Potential                                          
  ESPe = Electrostatic Potential from Electrons                                
  ESPn = Electrostatic Potential from Nuclei                                   
  BP = Bond Path                                                               
  BPL = Bond Path Length                                                       
  GBL = Geometric Bond Length                                                  
  GBL_I = Distance Between Nuclear Attractors                                  
  GBL_II = Distance Between Nuclei                                             
  GBL_III = Sum of Distances Between BCP and Nuclear Attractors                
  GBL_IV = Sum of Distances Between BCP and Nuclei                             

CP# 1      Coords =  2.42518519652421E+00 -1.57239009637663E+00  3.27572374088143E+00
           Type = (3,-3) NACP O1
           Rho =  2.9026947127E+02     Rho at Nucleus =  2.9026944572E+02
           GradRho =  1.1280087975E-10  5.1361137565E-11  1.3189982440E-10
           HessRho_EigVals = -6.4001996066E+05 -6.4000541791E+05 -6.4000030417E+05
           HessRho_EigVec1 =  5.5343806514E-01  5.3290373942E-01 -6.4009367483E-01
           HessRho_EigVec2 = -6.7402089101E-02  7.9465631835E-01  6.0330613629E-01
           HessRho_EigVec3 =  8.3015857909E-01 -2.9074892986E-01  4.7571188061E-01
           DelSqRho = -1.9200256827E+06
           Bond Ellipticity = NA
           V = -4.8009993908E+05
           G =  4.6759196178E+01
           K =  4.8005317988E+05
           L =  4.8000642069E+05
           Vnuc =  8.9522816064E+05
           Ven = -2.5985740486E+08
           Vrep =  2.5937730492E+08
           DelSqV =  1.9799419687E+10
           DelSqVen =  1.7188610589E+12
           DelSqVrep = -1.6990616393E+12
           DelSqG =  1.0586502526E+09
           DelSqK = -2.0858069940E+10
           Stress_EigVals = -1.6003528640E+05 -1.6003390227E+05 -1.6003075041E+05
           Stress_EigVec1 =  8.2912479251E-01 -2.8037811215E-01  4.8367364273E-01
           Stress_EigVec2 = -7.3268441071E-02  8.0319248488E-01  5.9119672511E-01
           Stress_EigVec3 =  5.5424165667E-01  5.2561387583E-01 -6.4540393518E-01
           -DivStress = -7.3782856995E+03  4.8158157526E+04  3.0603878598E+04
           ESP =  -2.2265841196E+01     ESP at Nucleus =  -2.2265842260E+01
           ESPe = -3.9217651245E+01     ESPe at Nucleus = -3.9217643001E+01
           ESPn =  1.6951810049E+01     ESPn at Nucleus =  1.6951800742E+01

CP# 2      Coords =  4.10456467247418E+00 -3.62211478366419E+00 -1.05873402206735E-02
           Type = (3,-3) NACP O2
           Rho =  2.9063669674E+02     Rho at Nucleus =  2.9063666790E+02
           GradRho =  1.0636613812E-10 -9.1046392647E-11  3.1952218649E-13
           HessRho_EigVals = -6.4095465161E+05 -6.4095312908E+05 -6.4093732113E+05
           HessRho_EigVec1 =  8.3785474491E-01 -1.4685878588E-01  5.2576793687E-01
           HessRho_EigVec2 =  1.6478199805E-01 -8.5016623043E-01 -5.0006426962E-01
           HessRho_EigVec3 = -5.2042897647E-01 -5.0561831221E-01  6.8811612596E-01
           DelSqRho = -1.9228451018E+06
           Bond Ellipticity = NA
           V = -4.8080325118E+05
           G =  4.5987863765E+01
           K =  4.8075726332E+05
           L =  4.8071127546E+05
           Vnuc =  8.4333447540E+05
           Ven = -2.4510394617E+08
           Vrep =  2.4462314292E+08
           DelSqV =  1.9828578513E+10
           DelSqVen =  1.6216015650E+12
           DelSqVrep = -1.6017729861E+12
           DelSqG =  1.0604334205E+09
           DelSqK = -2.0889011933E+10
           Stress_EigVals = -1.6027049890E+05 -1.6026656529E+05 -1.6026618699E+05
           Stress_EigVec1 = -5.2022600956E-01 -5.0611782282E-01  6.8790235383E-01
           Stress_EigVec2 =  1.7048814001E-01 -8.5081139598E-01 -4.9704503075E-01
           Stress_EigVec3 =  8.3683851076E-01 -1.4129656011E-01  5.2890130366E-01
           -DivStress =  1.0211249761E+04 -5.1359917151E+04 -3.1621614449E+04
           ESP =  -2.2326280628E+01     ESP at Nucleus =  -2.2326281794E+01
           ESPe = -3.8632992533E+01     ESPe at Nucleus = -3.8632969816E+01
           ESPn =  1.6306711906E+01     ESPn at Nucleus =  1.6306688022E+01

CP# 3      Coords = -3.37414977722561E+00  3.85775113929567E+00  8.36820263895685E-01
           Type = (3,-3) NACP N3
           Rho =  1.9076234007E+02     Rho at Nucleus =  1.9076234006E+02
           GradRho =  1.3619841366E-11 -3.3949287825E-11 -1.4074852395E-11
           HessRho_EigVals = -3.2092742073E+05 -3.2092734701E+05 -3.2092045315E+05
           HessRho_EigVec1 = -2.0514973972E-01 -9.5555077670E-01 -2.1174583218E-01
           HessRho_EigVec2 =  9.3153507726E-01 -1.2426065790E-01 -3.4176262044E-01
           HessRho_EigVec3 =  3.0025986099E-01 -2.6736118277E-01  9.1562110822E-01
           DelSqRho = -9.6277522089E+05
           Bond Ellipticity = NA
           V = -2.4072902407E+05
           G =  1.7609421858E+01
           K =  2.4071141464E+05
           L =  2.4069380522E+05
           Vnuc =  3.5377002384E+07
           Ven = -6.7485997595E+09
           Vrep =  6.7483590305E+09
           DelSqV =  7.5584431397E+09
           DelSqVen =  3.4059962024E+13
           DelSqVrep = -3.4052405678E+13
           DelSqG =  4.0501437342E+08
           DelSqK = -7.9634575131E+09
           Stress_EigVals = -8.0243881286E+04 -8.0242639249E+04 -8.0242503531E+04
           Stress_EigVec1 =  3.0025781020E-01 -2.6717922275E-01  9.1567489337E-01
           Stress_EigVec2 =  6.5154008905E-01 -6.4368032302E-01 -4.0146127349E-01
           Stress_EigVec3 =  6.9666402216E-01  7.1714078443E-01 -1.9192069677E-02
           -DivStress =  3.0031597939E+01 -3.9755133589E+02  2.8513660814E+02
           ESP =  -1.8303433051E+01     ESP at Nucleus =  -1.8303433051E+01
           ESPe = -3.6062052597E+01     ESPe at Nucleus = -3.6062052811E+01
           ESPn =  1.7758619546E+01     ESPn at Nucleus =  1.7758619760E+01

CP# 4      Coords =  7.16863730414647E+00  7.66681894590681E-01 -8.93251045364692E-01
           Type = (3,-3) NACP N4
           Rho =  1.9095905676E+02     Rho at Nucleus =  1.9095904242E+02
           GradRho =  7.9768414096E-12 -5.4589666121E-13  5.2802207051E-12
           HessRho_EigVals = -3.2125981837E+05 -3.2125863481E+05 -3.2125023580E+05
           HessRho_EigVec1 =  9.1807092254E-01 -3.0184917514E-01 -2.5696859080E-01
           HessRho_EigVec2 =  3.4647370142E-01  2.9601565622E-01  8.9012960039E-01
           HessRho_EigVec3 =  1.9261815961E-01  9.0623496222E-01 -3.7634616757E-01
           DelSqRho = -9.6376868899E+05
           Bond Ellipticity = NA
           V = -2.4097629234E+05
           G =  1.7060046141E+01
           K =  2.4095923229E+05
           L =  2.4094217225E+05
           Vnuc =  7.4089199909E+05
           Ven = -1.4148003731E+08
           Vrep =  1.4123906101E+08
           DelSqV =  7.5661840005E+09
           DelSqVen =  7.1404851238E+11
           DelSqVrep = -7.0648232851E+11
           DelSqG =  4.0543017310E+08
           DelSqK = -7.9716141736E+09
           Stress_EigVals = -8.0326670533E+04 -8.0324994182E+04 -8.0324627624E+04
           Stress_EigVec1 =  1.7096654352E-01  9.1583729220E-01 -3.6333523805E-01
           Stress_EigVec2 =  3.7312888698E-01  2.8111542740E-01  8.8416568028E-01
           Stress_EigVec3 =  9.1189104322E-01 -2.8673362323E-01 -2.9366401654E-01
           -DivStress =  6.2587304908E+03  1.9963505390E+04 -1.0061776969E+04
           ESP =  -1.8370451633E+01     ESP at Nucleus =  -1.8370452419E+01
           ESPe = -3.3495756825E+01     ESPe at Nucleus = -3.3495745925E+01
           ESPn =  1.5125305191E+01     ESPn at Nucleus =  1.5125293506E+01

CP# 5      Coords =  1.42849011746297E-01  2.19254336700409E+00 -8.52400897777060E-01
           Type = (3,-3) NACP C5
           Rho =  1.1786134346E+02     Rho at Nucleus =  1.1786134338E+02
           GradRho =  2.4317597935E-10 -1.2472048394E-10 -7.6797110338E-11
           HessRho_EigVals = -1.4521515543E+05 -1.4521512644E+05 -1.4521500545E+05
           HessRho_EigVec1 =  6.4043944758E-01 -7.1211182623E-02  7.6470012518E-01
           HessRho_EigVec2 = -6.9113816980E-01 -4.8763751807E-01  5.3342073564E-01
           HessRho_EigVec3 = -3.3491094969E-01  8.7013712623E-01  3.6151906912E-01
           DelSqRho = -4.3564528732E+05
           Bond Ellipticity = NA
           V = -1.0892176021E+05
           G =  5.2191925773E+00
           K =  1.0891654102E+05
           L =  1.0891132183E+05
           Vnuc =  5.5402282820E+06
           Ven = -6.5297874841E+08
           Vrep =  6.5286982665E+08
           DelSqV =  2.4988642623E+09
           DelSqVen =  2.4135742259E+12
           DelSqVrep = -2.4110753617E+12
           DelSqG =  1.3421233374E+08
           DelSqK = -2.6330765960E+09
           Stress_EigVals = -3.6307392588E+04 -3.6307313742E+04 -3.6307053885E+04
           Stress_EigVec1 = -6.6362672680E-01  6.3537254910E-01  3.9484337569E-01
           Stress_EigVec2 =  6.8840859378E-01  7.2525376370E-01 -1.0029269910E-02
           Stress_EigVec3 =  2.9273396708E-01 -2.6515788146E-01  9.1869370435E-01
           -DivStress = -7.2384640339E+02  4.3787990809E+02  2.3376120192E+02
           ESP =  -1.4759992628E+01     ESP at Nucleus =  -1.4759992632E+01
           ESPe = -3.5860673885E+01     ESPe at Nucleus = -3.5860674095E+01
           ESPn =  2.1100681257E+01     ESPn at Nucleus =  2.1100681462E+01

CP# 6      Coords =  2.79821237382915E+00  1.89911714395648E+00 -1.76616750183387E+00
           Type = (3,-3) NACP C6
           Rho =  1.1780736873E+02     Rho at Nucleus =  1.1780736854E+02
           GradRho = -4.7726008215E-10 -3.2715974374E-10  8.0872952779E-10
           HessRho_EigVals = -1.4516113732E+05 -1.4516086077E+05 -1.4516050160E+05
           HessRho_EigVec1 =  7.1650156057E-01 -3.7241570563E-01  5.8985765732E-01
           HessRho_EigVec2 = -6.3689780497E-01 -4.2843833652E-03  7.7093633335E-01
           HessRho_EigVec3 =  2.8458162224E-01  9.2805613314E-01  2.4026051282E-01
           DelSqRho = -4.3548249969E+05
           Bond Ellipticity = NA
           V = -1.0888101791E+05
           G =  5.1964930337E+00
           K =  1.0887582142E+05
           L =  1.0887062492E+05
           Vnuc =  3.6786980105E+06
           Ven = -4.3337773297E+08
           Vrep =  4.3326885195E+08
           DelSqV =  2.4979487212E+09
           DelSqVen =  1.6020085473E+12
           DelSqVrep = -1.5995105986E+12
           DelSqG =  1.3417386126E+08
           DelSqK = -2.6321225824E+09
           Stress_EigVals = -3.6293784620E+04 -3.6293670881E+04 -3.6293562408E+04
           Stress_EigVec1 =  2.6734385916E-01  9.3402100740E-01  2.3692196753E-01
           Stress_EigVec2 = -6.5408013495E-01 -4.6530679115E-03  7.5641095049E-01
           Stress_EigVec3 =  7.0760613200E-01 -3.5718777511E-01  6.0968061743E-01
           -DivStress =  6.2098347054E+02  4.4954265138E+02 -1.0795891459E+03
           ESP =  -1.4742912503E+01     ESP at Nucleus =  -1.4742912510E+01
           ESPe = -3.3977531336E+01     ESPe at Nucleus = -3.3977528592E+01
           ESPn =  1.9234618833E+01     ESPn at Nucleus =  1.9234616082E+01

CP# 7      Coords = -1.78987895049444E+00  2.82236169265559E-01 -7.85531915890590E-01
           Type = (3,-3) NACP C7
           Rho =  1.1789885774E+02     Rho at Nucleus =  1.1789885773E+02
           GradRho = -4.3042271136E-12  3.5746960947E-12  3.1727676042E-12
           HessRho_EigVals = -1.4525819195E+05 -1.4525758865E+05 -1.4525737269E+05
           HessRho_EigVec1 =  3.0839988884E-01 -2.7680928177E-01  9.1009127569E-01
           HessRho_EigVec2 =  9.4288695847E-01  2.1558790831E-01 -2.5394101153E-01
           HessRho_EigVec3 = -1.2591144548E-01  9.3642857460E-01  3.2748714872E-01
           DelSqRho = -4.3577315328E+05
           Bond Ellipticity = NA
           V = -1.0895373805E+05
           G =  5.2248634583E+00
           K =  1.0894851318E+05
           L =  1.0894328832E+05
           Vnuc =  1.9283519543E+07
           Ven = -2.2735049273E+09
           Vrep =  2.2733959736E+09
           DelSqV =  2.4995906398E+09
           DelSqVen =  8.4032356352E+12
           DelSqVrep = -8.4007328988E+12
           DelSqG =  1.3424816229E+08
           DelSqK = -2.6338388021E+09
           Stress_EigVals = -3.6318137485E+04 -3.6317995845E+04 -3.6317604718E+04
           Stress_EigVec1 =  2.7700057468E-02  9.5872675536E-01  2.8297652796E-01
           Stress_EigVec2 =  9.5186964795E-01  6.1146587477E-02 -3.0034191873E-01
           Stress_EigVec3 =  3.0524888227E-01 -2.7767625645E-01  9.1088913512E-01
           -DivStress = -4.7272437431E+01 -2.2028250240E+02 -1.1767648317E+02
           ESP =  -1.4761554995E+01     ESP at Nucleus =  -1.4761554996E+01
           ESPe = -3.6472071066E+01     ESPe at Nucleus = -3.6472070913E+01
           ESPn =  2.1710516070E+01     ESPn at Nucleus =  2.1710515917E+01

CP# 8      Coords =  4.66615163811344E+00  8.82684741612617E-01  2.22612360976102E-01
           Type = (3,-3) NACP C8
           Rho =  1.1781718702E+02     Rho at Nucleus =  1.1781718641E+02
           GradRho =  3.4276739502E-09 -3.1596709398E-09 -2.8296988086E-09
           HessRho_EigVals = -1.4516896875E+05 -1.4516834880E+05 -1.4516793740E+05
           HessRho_EigVec1 =  9.1715705533E-01  1.7033376633E-01 -3.6029063811E-01
           HessRho_EigVec2 = -3.0453162052E-01  8.8270380917E-01 -3.5790288819E-01
           HessRho_EigVec3 =  2.5706697175E-01  4.3797305091E-01  8.6145004424E-01
           DelSqRho = -4.3550525494E+05
           Bond Ellipticity = NA
           V = -1.0888652403E+05
           G =  5.1051455797E+00
           K =  1.0888141888E+05
           L =  1.0887631374E+05
           Vnuc =  2.0709940166E+06
           Ven = -2.4399868936E+08
           Vrep =  2.4388980284E+08
           DelSqV =  2.4980709513E+09
           DelSqVen =  9.0192877670E+11
           DelSqVrep = -8.9943070575E+11
           DelSqG =  1.3417583375E+08
           DelSqK = -2.6322467850E+09
           Stress_EigVals = -3.6295665813E+04 -3.6295500274E+04 -3.6295357940E+04
           Stress_EigVec1 =  2.0337390835E-01  4.9568884964E-01  8.4435278038E-01
           Stress_EigVec2 = -3.6593953713E-01  8.3836055700E-01 -4.0402949350E-01
           Stress_EigVec3 =  9.0814498213E-01  2.2681300845E-01 -3.5189281129E-01
           -DivStress = -1.4689854515E+03  1.3638442565E+03  1.2390339654E+03
           ESP =  -1.4708546266E+01     ESP at Nucleus =  -1.4708546303E+01
           ESPe = -3.4301425618E+01     ESPe at Nucleus = -3.4301425379E+01
           ESPn =  1.9592879352E+01     ESPn at Nucleus =  1.9592879076E+01

CP# 9      Coords = -3.96297256611391E+00  1.39433020611576E+00  2.85386684108152E-01
           Type = (3,-3) NACP C9
           Rho =  1.1787298722E+02     Rho at Nucleus =  1.1787298559E+02
           GradRho =  1.2487871848E-11  8.3511808580E-12  1.5160095401E-13
           HessRho_EigVals = -1.4521703083E+05 -1.4521666148E+05 -1.4521563633E+05
           HessRho_EigVec1 =  1.1840430638E-01  9.5401741651E-01  2.7537463431E-01
           HessRho_EigVec2 =  2.9432172742E-01 -2.9858221981E-01  9.0786748966E-01
           HessRho_EigVec3 =  9.4834336661E-01 -2.6446682342E-02 -3.1614147465E-01
           DelSqRho = -4.3564932864E+05
           Bond Ellipticity = NA
           V = -1.0892271729E+05
           G =  5.1925645237E+00
           K =  1.0891752472E+05
           L =  1.0891233216E+05
           Vnuc =  1.2677088363E+06
           Ven = -1.4942862746E+08
           Vrep =  1.4931970475E+08
           DelSqV =  2.4988721089E+09
           DelSqVen =  5.5227650048E+11
           DelSqVrep = -5.4977762837E+11
           DelSqG =  1.3420045672E+08
           DelSqK = -2.6330725657E+09
           Stress_EigVals = -3.6307904023E+04 -3.6307488886E+04 -3.6307324379E+04
           Stress_EigVec1 =  9.5266260887E-01  6.0010438293E-02 -2.9804815207E-01
           Stress_EigVec2 =  2.3355029345E-02  9.6298466738E-01  2.6854249755E-01
           Stress_EigVec3 =  3.0313115356E-01 -2.6279131964E-01  9.1599793999E-01
           -DivStress =  4.9920450887E+00 -3.6782721654E+03 -1.1248606048E+03
           ESP =  -1.4723628596E+01     ESP at Nucleus =  -1.4723628710E+01
           ESPe = -3.5092248251E+01     ESPe at Nucleus = -3.5092250232E+01
           ESPn =  2.0368619655E+01     ESPn at Nucleus =  2.0368621522E+01

CP# 10     Coords = -9.13455920935571E-01  4.32010574173783E+00  1.43522904035420E-01
           Type = (3,-3) NACP C10
           Rho =  1.1785613020E+02     Rho at Nucleus =  1.1785612822E+02
           GradRho =  6.3122840288E-12 -1.5592666047E-11  1.7033596755E-13
           HessRho_EigVals = -1.4519335139E+05 -1.4519276111E+05 -1.4519208303E+05
           HessRho_EigVec1 =  9.4798271140E-01  1.8439114588E-01 -2.5947771429E-01
           HessRho_EigVec2 =  2.9972071904E-01 -2.4247500433E-01  9.2269895570E-01
           HessRho_EigVec3 = -1.0722065784E-01  9.5247350493E-01  2.8512795888E-01
           DelSqRho = -4.3557819552E+05
           Bond Ellipticity = NA
           V = -1.0890484138E+05
           G =  5.1462504862E+00
           K =  1.0889969513E+05
           L =  1.0889454888E+05
           Vnuc =  1.1474966458E+06
           Ven = -1.3523951409E+08
           Vrep =  1.3513060925E+08
           DelSqV =  2.4984616125E+09
           DelSqVen =  4.9982451763E+11
           DelSqVrep = -4.9732605602E+11
           DelSqG =  1.3417600741E+08
           DelSqK = -2.6326376199E+09
           Stress_EigVals = -3.6301942451E+04 -3.6301499678E+04 -3.6301399253E+04
           Stress_EigVec1 = -6.1619375290E-02  9.5397689246E-01  2.9348107477E-01
           Stress_EigVec2 =  9.4905016413E-01  1.4704469519E-01 -2.7871426871E-01
           Stress_EigVec3 =  3.0904180713E-01 -2.6135406306E-01  9.1443272862E-01
           -DivStress =  3.8574285697E+03 -8.4352478278E+02 -1.5798862168E+03
           ESP =  -1.4721511636E+01     ESP at Nucleus =  -1.4721511760E+01
           ESPe = -3.3391419736E+01     ESPe at Nucleus = -3.3391420415E+01
           ESPn =  1.8669908100E+01     ESPn at Nucleus =  1.8669908655E+01

CP# 11     Coords = -1.88120251191498E+00 -2.25609414377283E+00 -1.53165302957302E+00
           Type = (3,-3) NACP C11
           Rho =  1.1789666516E+02     Rho at Nucleus =  1.1789666512E+02
           GradRho =  1.8384960221E-11  9.5458529970E-11  8.2847617655E-12
           HessRho_EigVals = -1.4525726847E+05 -1.4525630076E+05 -1.4525616967E+05
           HessRho_EigVec1 =  2.8750608383E-01 -2.7690711003E-01  9.1687660248E-01
           HessRho_EigVec2 = -9.2884106045E-02  9.4472141840E-01  3.1444233886E-01
           HessRho_EigVec3 =  9.5326428371E-01  1.7556734901E-01 -2.4589288594E-01
           DelSqRho = -4.3576973890E+05
           Bond Ellipticity = NA
           V = -1.0895276009E+05
           G =  5.1626816006E+00
           K =  1.0894759741E+05
           L =  1.0894243472E+05
           Vnuc =  9.0348659589E+06
           Ven = -1.0651805667E+09
           Vrep =  1.0650716139E+09
           DelSqV =  2.4995717465E+09
           DelSqVen =  3.9371202888E+12
           DelSqVrep = -3.9346207170E+12
           DelSqG =  1.3424858233E+08
           DelSqK = -2.6338203288E+09
           Stress_EigVals = -3.6317804225E+04 -3.6317748165E+04 -3.6317207697E+04
           Stress_EigVec1 =  9.5465822613E-01  7.9207470504E-02 -2.8697360141E-01
           Stress_EigVec2 =  7.1499175724E-03  9.5757787734E-01  2.8808590301E-01
           Stress_EigVec3 =  2.9761812775E-01 -2.7707541474E-01  9.1359327087E-01
           -DivStress = -2.2818482690E+02 -4.8094739220E+02 -4.0265362244E+01
           ESP =  -1.4760680266E+01     ESP at Nucleus =  -1.4760680268E+01
           ESPe = -3.4180204374E+01     ESPe at Nucleus = -3.4180203675E+01
           ESPn =  1.9419524108E+01     ESPn at Nucleus =  1.9419523406E+01

CP# 12     Coords = -6.20409413866037E+00  5.34715555585388E-02  6.32444989580837E-01
           Type = (3,-3) NACP C12
           Rho =  1.1786756656E+02     Rho at Nucleus =  1.1786756647E+02
           GradRho =  1.1879563999E-10  3.2334218636E-10  5.2041426724E-11
           HessRho_EigVals = -1.4521818836E+05 -1.4521767663E+05 -1.4521745447E+05
           HessRho_EigVec1 =  3.0295990809E-01 -2.8385835859E-01  9.0974706724E-01
           HessRho_EigVec2 =  9.4412164788E-01  2.1942259521E-01 -2.4594316157E-01
           HessRho_EigVec3 = -1.2980604032E-01  9.3342281790E-01  3.3447307055E-01
           DelSqRho = -4.3565331946E+05
           Bond Ellipticity = NA
           V = -1.0892370565E+05
           G =  5.1878909892E+00
           K =  1.0891851775E+05
           L =  1.0891332986E+05
           Vnuc =  5.2867449421E+06
           Ven = -6.2313576136E+08
           Vrep =  6.2302683765E+08
           DelSqV =  2.4989043103E+09
           DelSqVen =  2.3031883366E+12
           DelSqVrep = -2.3006894323E+12
           DelSqG =  1.3420988859E+08
           DelSqK = -2.6331141988E+09
           Stress_EigVals = -3.6308097752E+04 -3.6308019477E+04 -3.6307588416E+04
           Stress_EigVec1 = -2.3833807848E-01  9.0335826732E-01  3.5656528325E-01
           Stress_EigVec2 =  9.2184655728E-01  3.2596197898E-01 -2.0963709857E-01
           Stress_EigVec3 =  3.0560413149E-01 -2.7873397556E-01  9.1044686044E-01
           -DivStress = -3.0127579089E+02 -8.5102448959E+02 -1.5184277615E+02
           ESP =  -1.4752279633E+01     ESP at Nucleus =  -1.4752279641E+01
           ESPe = -3.2040539917E+01     ESPe at Nucleus = -3.2040539651E+01
           ESPn =  1.7288260284E+01     ESPn at Nucleus =  1.7288260009E+01

CP# 13     Coords =  3.73990347793075E+00 -1.68516307140065E+00  1.11748731240313E+00
           Type = (3,-3) NACP C13
           Rho =  1.1798295264E+02     Rho at Nucleus =  1.1798295046E+02
           GradRho =  9.2218455094E-12 -3.5236258356E-12  9.6147534379E-12
           HessRho_EigVals = -1.4534017499E+05 -1.4533912056E+05 -1.4533767051E+05
           HessRho_EigVec1 =  8.3207726953E-01 -1.4459016800E-01  5.3548212000E-01
           HessRho_EigVec2 = -5.1992423681E-01  1.3295386405E-01  8.4380214388E-01
           HessRho_EigVec3 =  1.9319991073E-01  9.8051871647E-01 -3.5451955426E-02
           DelSqRho = -4.3601696606E+05
           Bond Ellipticity = NA
           V = -1.0901386307E+05
           G =  4.8107750514E+00
           K =  1.0900905229E+05
           L =  1.0900424152E+05
           Vnuc =  1.0965844397E+06
           Ven = -1.2937827001E+08
           Vrep =  1.2926925615E+08
           DelSqV =  2.5009476501E+09
           DelSqVen =  4.7812941926E+11
           DelSqVrep = -4.7562847161E+11
           DelSqG =  1.3429983220E+08
           DelSqK = -2.6352474823E+09
           Stress_EigVals = -3.6338455325E+04 -3.6337961500E+04 -3.6337446241E+04
           Stress_EigVec1 =  8.2212904303E-02  9.8736613303E-01  1.3545906288E-01
           Stress_EigVec2 = -5.3656631165E-01 -7.0686864620E-02  8.4089235956E-01
           Stress_EigVec3 =  8.3984381379E-01 -1.4181497284E-01  5.2397603182E-01
           -DivStress =  2.4324201489E+03  1.5354373774E+03 -3.3905461136E+03
           ESP =  -1.4625863363E+01     ESP at Nucleus =  -1.4625863505E+01
           ESPe = -3.5298893851E+01     ESPe at Nucleus = -3.5298893968E+01
           ESPn =  2.0673030488E+01     ESPn at Nucleus =  2.0673030463E+01

CP# 14     Coords = -4.09459154612803E+00 -3.58974831580884E+00 -1.18815288937935E+00
           Type = (3,-3) NACP C14
           Rho =  1.1788617699E+02     Rho at Nucleus =  1.1788617698E+02
           GradRho = -1.2434275831E-11 -2.1644644410E-11  3.2309155351E-12
           HessRho_EigVals = -1.4524259366E+05 -1.4524177072E+05 -1.4524167106E+05
           HessRho_EigVec1 =  3.1359111194E-01 -2.7308218761E-01  9.0944308966E-01
           HessRho_EigVec2 = -4.8040032782E-01  7.8051338896E-01  4.0001796795E-01
           HessRho_EigVec3 = -8.1907028975E-01 -5.6233883777E-01  1.1357328907E-01
           DelSqRho = -4.3572603544E+05
           Bond Ellipticity = NA
           V = -1.0894181507E+05
           G =  5.1531032514E+00
           K =  1.0893666196E+05
           L =  1.0893150886E+05
           Vnuc =  1.3282260452E+07
           Ven = -1.5657949065E+09
           Vrep =  1.5656859647E+09
           DelSqV =  2.4993200375E+09
           DelSqVen =  5.7874191483E+12
           DelSqVrep = -5.7849198283E+12
           DelSqG =  1.3423347058E+08
           DelSqK = -2.6335535080E+09
           Stress_EigVals = -3.6314132949E+04 -3.6314094673E+04 -3.6313587445E+04
           Stress_EigVec1 =  6.9385833656E-01  7.1987683755E-01 -1.8383349782E-02
           Stress_EigVec2 =  6.4957313223E-01 -6.3670674162E-01 -4.1552288874E-01
           Stress_EigVec3 =  3.1083010582E-01 -2.7637269028E-01  9.0939693280E-01
           -DivStress =  3.3110736638E+02  1.3998681752E+02 -7.3782655624E+01
           ESP =  -1.4763740159E+01     ESP at Nucleus =  -1.4763740161E+01
           ESPe = -3.2009691014E+01     ESPe at Nucleus = -3.2009691550E+01
           ESPn =  1.7245950855E+01     ESPn at Nucleus =  1.7245951390E+01

CP# 15     Coords = -6.23632405610930E+00 -2.44377960392454E+00 -1.14327840395381E-01
           Type = (3,-3) NACP C15
           Rho =  1.1788741939E+02     Rho at Nucleus =  1.1788741938E+02
           GradRho =  2.9269753288E-11  1.0523804050E-11  5.3146376189E-13
           HessRho_EigVals = -1.4524289683E+05 -1.4524196413E+05 -1.4524193276E+05
           HessRho_EigVec1 =  3.1126631074E-01 -2.7925002120E-01  9.0836815744E-01
