AIMSum (Version 17.01.25, Professional)
Copyright (c) 1997-2017 by Todd A. Keith
AIMSum is a component of the AIMAll package ( http://aim.tkgristmill.com )

TP:  64-bit Linux

Licensed To:  Research Group of Fernando Cortes Guzman, UNAM, fercor@unam.mx

Much of the Quantum Theory of Atoms in Molecules (QTAIM) is described in the book:
  "Atoms in Molecules - A Quantum Theory"
  R.F.W. Bader, Oxford University Press, Oxford, 1990

For additional references see:  http://aim.tkgristmill.com/references.html

Wfn File:  /home/alejandro/wd/aimqb_inps/tryptophan_pbe0_def2QZVP.wfn
Sum File:  /home/alejandro/wd/aimqb_inps/tryptophan_pbe0_def2QZVP.sum

SumViz File:  /home/alejandro/wd/aimqb_inps/tryptophan_pbe0_def2QZVP.sumviz

Wfn Title:   opt tryptophan M062X def2TZVP                                                 
 
Total memory allocated for AIMSum =       30.965 Megabytes

Atomic units (a.u.) used throughout, except where stated otherwise

Model:  Unknown
 
Restricted, natural orbital wavefunction.
  Number of electrons (from MO Occs)                   =         108.0000001000
  Number of Alpha electrons (from MO Occs)             =          54.0000000500
  Number of Beta electrons (from MO Occs)              =          54.0000000500
  Number of electron pairs (N*(N-1)/2)                 =        5778.0000107500
  Number of electron pairs (from Muller 2EDM)          =        5778.0000104293
  Number of electron pairs (from Muller 2EDM, no SOSI) =        5778.3297739202
 
Nuclear Charges and Cartesian Coordinates:
-------------------------------------------------------------------------------
Atom      Charge                X                  Y                  Z
-------------------------------------------------------------------------------
O1         8.0           2.4251840500E+00  -1.5723826200E+00   3.2757285000E+00
O2         8.0           4.1045662600E+00  -3.6221227500E+00  -1.0592240000E-02
N3         7.0          -3.3741497600E+00   3.8577509800E+00   8.3682038000E-01
N4         7.0           7.1686398500E+00   7.6669002000E-01  -8.9325514000E-01
C5         6.0           1.4284812000E-01   2.1925439100E+00  -8.5240061000E-01
C6         6.0           2.7982131400E+00   1.8991177000E+00  -1.7661688300E+00
C7         6.0          -1.7898790100E+00   2.8223590000E-01  -7.8553206000E-01
C8         6.0           4.6661498300E+00   8.8268642000E-01   2.2261388000E-01
C9         6.0          -3.9629725600E+00   1.3943256800E+00   2.8538530000E-01
C10        6.0          -9.1345118000E-01   4.3201047000E+00   1.4352096000E-01
C11        6.0          -1.8812028000E+00  -2.2560947400E+00  -1.5316530800E+00
C12        6.0          -6.2040945100E+00   5.3470500000E-02   6.3244480000E-01
C13        6.0           3.7399064700E+00  -1.6851611800E+00   1.1174831400E+00
C14        6.0          -4.0945911400E+00  -3.5897481400E+00  -1.1881529800E+00
C15        6.0          -6.2363238500E+00  -2.4437795500E+00  -1.1432790000E-01
H16        1.0           2.8514097300E+00   6.1256916000E-01  -3.3851247600E+00
H17        1.0           3.5572670200E+00   3.7053548400E+00  -2.4038938500E+00
H18        1.0           4.6877811700E+00   2.1681782600E+00   1.8330997000E+00
H19        1.0          -9.0757900000E-02   6.1656681600E+00   4.0890146000E-01
H20        1.0          -4.5621072800E+00   5.1332902300E+00   1.5839643400E+00
H21        1.0          -2.3795342000E-01  -3.1600875300E+00  -2.3524980900E+00
H22        1.0          -7.8559067000E+00   9.3592665000E-01   1.4562309600E+00
H23        1.0          -4.1933731900E+00  -5.5510089800E+00  -1.7578025500E+00
H24        1.0           7.1902901700E+00  -6.1016146000E-01  -2.2303872800E+00
H25        1.0           8.4708649900E+00   2.6936627000E-01   4.1984602000E-01
H26        1.0          -7.9447136900E+00  -3.5414336500E+00   1.2732749000E-01
H27        1.0           1.7401510200E+00  -3.2409132600E+00   3.5950140900E+00
 
Some Atomic Properties:
----------------------
  q(A) = Net Charge of Atom A
  L(A) = Lagrangian of Atom A = -(1/4) Times Atomic Integral of the Laplacian of the Electron Density
  K(A) = Electronic Kinetic Energy of Atom A (Hamiltonian Form)
  K_Scaled(A) = K(A) * E(Mol)/K(Mol) = Approximation to Virial-Based Total Energy of Atom A.
  |Mu_Intra(A)| = Magnitude of Intraatomic Dipole Moment of Atom A
--------------------------------------------------------------------------------------------------
Atom A          q(A)              L(A)              K(A)          K_Scaled(A)      |Mu_Intra(A)|
--------------------------------------------------------------------------------------------------
O1       -1.2202990746E+00  7.7908730206E-04  7.5626554391E+01 -7.5955555615E+01  3.5299288930E-01
O2       -1.2692206229E+00  2.1596426557E-05  7.5700984910E+01 -7.6030309933E+01  5.6830051951E-01
N3       -1.3351492478E+00  4.1255948897E-05  5.5252404132E+01 -5.5492770876E+01  5.2544373833E-02
N4       -1.0737278225E+00 -1.5463432189E-04  5.4899067178E+01 -5.5137896786E+01  2.2820375208E-01
C5       -1.4669360100E-02  8.6686038300E-05  3.7891136267E+01 -3.8055975593E+01  1.4627047857E-01
C6        8.7394361600E-02 -7.7268358210E-04  3.7789373884E+01 -3.7953770508E+01  5.5811683242E-02
C7       -2.3552375900E-02 -1.9090588982E-04  3.7939385266E+01 -3.8104434491E+01  1.5254897173E-01
C8        4.2039688160E-01 -1.4294851202E-04  3.7626881347E+01 -3.7790571074E+01  4.0765049577E-01
C9        4.1863578180E-01 -4.6342003531E-04  3.7678171516E+01 -3.7842084373E+01  6.6225363964E-01
C10       4.0834217890E-01  3.1011019224E-04  3.7619098427E+01 -3.7782754296E+01  7.3487246513E-01
C11      -1.6921897500E-02  1.2257148899E-04  3.7870941313E+01 -3.8035692783E+01  1.2943342245E-01
C12      -4.1749589000E-03 -1.0612397197E-04  3.7860563955E+01 -3.8025270281E+01  1.6047558736E-01
C13       1.6799675735E+00  5.8404347101E-04  3.6814758389E+01 -3.6974915105E+01  8.9037905721E-01
C14      -1.6571586200E-02  3.6933452755E-05  3.7862402500E+01 -3.8027116824E+01  1.0572315197E-01
C15      -9.3917847000E-03 -6.5828132487E-05  3.7860483707E+01 -3.8025189684E+01  1.0800411769E-01
H16      -4.5497230000E-04  3.4048037944E-05  6.2587767314E-01 -6.2860045382E-01  1.3048947371E-01
H17       1.2568035660E-02  2.7462473303E-05  6.2228567378E-01 -6.2499282804E-01  1.3264398444E-01
H18       1.4937271520E-02  2.9611297765E-05  6.2885614404E-01 -6.3159188208E-01  1.2747789768E-01
H19       4.3652240330E-02  2.1351334918E-05  6.0194744810E-01 -6.0456612416E-01  1.2698730881E-01
H20       4.5018781853E-01  2.4282010819E-05  4.3514438119E-01 -4.3703740720E-01  1.6629781104E-01
H21       3.5410215340E-02  2.8605483926E-05  6.0924949928E-01 -6.1189994175E-01  1.1711359948E-01
H22       1.0790299420E-02  2.0016395339E-05  6.1577428944E-01 -6.1845311697E-01  1.3073490490E-01
H23       8.6976207200E-03  2.3521855596E-05  6.1969901276E-01 -6.2239491416E-01  1.3007479906E-01
H24       3.8353018117E-01  3.5119349781E-05  4.6931758519E-01 -4.7135927625E-01  1.8289270377E-01
H25       3.6722203569E-01  2.9463831799E-05  4.7852499778E-01 -4.8060674422E-01  1.8930265049E-01
H26       9.2417863700E-03  2.4783557269E-05  6.1967765051E-01 -6.2237345898E-01  1.2964650574E-01
H27       6.3339164336E-01  3.8405455641E-05  3.3088676492E-01 -3.3232623485E-01  1.5034359891E-01
--------------------------------------------------------------------------------------------------
Total     2.3222211000E-04  4.2241095931E-04  6.8294944830E+02 -6.8592051060E+02
 
Molecular charge q(Mol) from the wfn file:  -9.9999952691E-08
Molecular energy E(Mol) from the wfn file:  -6.8592025359E+02
Molecular virial ratio (-V(Mol)/T(Mol)) from the wfn file:   2.0043503400E+00
Note.  K_Scaled(A) = (1+V(Mol)/T(Mol))*K(A) = (E(Mol)/T(Mol))*K(A)
       Only use K_Scaled(A) data with caution.
 
N_AIMInt(SumA)     =        107.999768
N_Analytic(Mol)    =        107.999987
 
G_AIMInt(SumA)     =        682.949026
G_Analytic(Mol)    =        682.949202
 
K_AIMInt(SumA)     =        682.949448
K_Analytic(Mol)    =        682.949202
 
L_AIMInt(SumA)     =          0.000422
L_Analytic(Mol)    =          0.000000
 
VenT_AIMInt(SumA)  =      -3575.855716
VenT_Analytic(Mol) =      -3575.859435
 
Some Information About the Atomic Calculations:
----------------------------------------------
  Time(sec) = "Elapsed User Time", in Seconds, for Atom A by AIMInt and, if used, by TWOe
  NProc = Number of Processors Used for AIMInt Job
  BIM = Basin Integration Method
  OAQ = Angular Quadrature Outside of Beta Sphere
  ORQ = Multiple of Default for Radial Quadrature Outside of Beta Sphere
  IAQ = Multiple of Default for Angular Quadrature Inside of Beta Sphere
  IRQ = Multiple of Default for Radial Quadrature Inside of Beta Sphere
  MIR = Maximum Integration Radius
------------------------------------------------------------------------------------------------------
Atom A     Time(sec)   NProc      BIM              OAQ                 ORQ      IAQ      IRQ      MIR
------------------------------------------------------------------------------------------------------
O1           1705       16    Promega(1)    4334      (Very High)      1.00     1.00     1.00    13.00
O2            469       16     Proaim(5)    4334      (Very High)      1.00     1.00     1.00    13.00
N3            399       16     Proaim(5)    4334      (Very High)      1.00     1.00     1.00    13.00
N4            416       16     Proaim(5)    4334      (Very High)      1.00     1.00     1.00    13.00
C5            693       16     Proaim(5)    4334      (Very High)      1.00     1.00     1.00    13.00
C6            721       16     Proaim(5)    4334      (Very High)      1.00     1.00     1.00    13.00
C7            514       16     Proaim(5)    4334      (Very High)      1.00     1.00     1.00    13.00
C8            697       16     Proaim(5)    4334      (Very High)      1.00     1.00     1.00    13.00
C9            343       16     Proaim(5)    4334      (Very High)      1.00     1.00     1.00    13.00
C10           338       16     Proaim(5)    4334      (Very High)      1.00     1.00     1.00    13.00
C11           454       16     Proaim(5)    4334      (Very High)      1.00     1.00     1.00    13.00
C12           334       16     Proaim(5)    4334      (Very High)      1.00     1.00     1.00    13.00
C13           684       16     Proaim(5)    4334      (Very High)      1.00     1.00     1.00    13.00
C14           327       16     Proaim(5)    4334      (Very High)      1.00     1.00     1.00    13.00
C15           318       16     Proaim(5)    4334      (Very High)      1.00     1.00     1.00    13.00
H16           190       16     Proaim(5)    2030      (Very High)      1.00     1.00     1.00    13.00
H17           173       16     Proaim(5)    2030      (Very High)      1.00     1.00     1.00    13.00
H18           168       16     Proaim(5)    2030      (Very High)      1.00     1.00     1.00    13.00
H19           159       16     Proaim(5)    2030      (Very High)      1.00     1.00     1.00    13.00
H20           124       16     Proaim(5)    2030      (Very High)      1.00     1.00     1.00    13.00
H21           280       16     Proaim(5)    4334      (Very High)      1.00     1.00     1.00    13.00
H22           159       16     Proaim(5)    2030      (Very High)      1.00     1.00     1.00    13.00
H23           150       16     Proaim(5)    2030      (Very High)      1.00     1.00     1.00    13.00
H24           118       16     Proaim(5)    2030      (Very High)      1.00     1.00     1.00    13.00
H25           108       16     Proaim(5)    2030      (Very High)      1.00     1.00     1.00    13.00
H26           149       16     Proaim(5)    2030      (Very High)      1.00     1.00     1.00    13.00
H27           113       16     Proaim(5)    2030      (Very High)      1.00     1.00     1.00    13.00
------------------------------------------------------------------------------------------------------
Total       10303
Note:  Total wall clock time is less than total of atomic times if more than one atom
       was calculated at a time
 
Electron Density Critical Point Analysis of Molecular Structure:               
---------------------------------------------------------------                
  NACP = Nuclear Attractor Critical Point                                      
  NNACP = Non-Nuclear Attractor Critical Point                                 
  BCP = Bond Critical Point                                                    
  RCP = Ring Critical Point                                                    
  CCP = Cage Critical Point                                                    
  Rho = Electron Density                                                       
  GradRho = Gradient of Electron Density                                       
  HessRho_EigVals = Eigenvalues of the Hessian of Rho, Ascending Order         
  HessRho_EigVecs = Eigenvectors of the Hessian of Rho                         
  DelSqRho = Laplacian of Rho = Trace of Hessian of Rho                        
  Bond Ellipticity = (HessRho_EigVal(1) / HessRho_EigVal(2)) - 1               
  V = Virial Field = Potential Energy Density = Trace of Stress Tensor         
  G = Lagrangian Form of Kinetic Energy Density                                
  K = Hamiltonian Form of Kinetic Energy Density                               
  L = K - G = Lagrangian Density = (-1/4)DelSqRho                              
  Vnuc = Electrostatic Potential from Nuclei                                   
  Ven = Electron-nuclear attractive contribution to Virial Field V             
  Vrep = V - Ven = Repulsive contribution to Virial Field V                    
  DelSqV = Laplacian of V                                                      
  DelSqVen = Laplacian of Ven                                                  
  DelSqVrep = Laplacian of Vrep                                                
  DelSqG = Laplacian of G                                                      
  DelSqK = Laplacian of K                                                      
  Stress_EigVals = Eigenvalues of Stress Tensor, Ascending Order               
  Stress_EigVecs = Eigenvectors of Stress Tensor                               
  -DivStress = Ehrenfest Force Density = Minus Divergence of Stress Tensor     
  ESP = Total Electrostatic Potential                                          
  ESPe = Electrostatic Potential from Electrons                                
  ESPn = Electrostatic Potential from Nuclei                                   
  BP = Bond Path                                                               
  BPL = Bond Path Length                                                       
  GBL = Geometric Bond Length                                                  
  GBL_I = Distance Between Nuclear Attractors                                  
  GBL_II = Distance Between Nuclei                                             
  GBL_III = Sum of Distances Between BCP and Nuclear Attractors                
  GBL_IV = Sum of Distances Between BCP and Nuclei                             

CP# 1      Coords =  2.42518446159103E+00 -1.57238510296549E+00  3.27572680584430E+00
           Type = (3,-3) NACP O1
           Rho =  3.0672588400E+02     Rho at Nucleus =  3.0672586926E+02
           GradRho =  4.9785775502E-10  6.9473315989E-12  6.1589755518E-10
           HessRho_EigVals = -3.2031614806E+06 -3.2031289618E+06 -3.2031232271E+06
           HessRho_EigVec1 = -5.5428859604E-01 -5.2606807575E-01  6.4499343561E-01
           HessRho_EigVec2 = -2.9573373226E-05 -7.7491776080E-01 -6.3206207221E-01
           HessRho_EigVec3 = -8.3232454693E-01  3.5036387325E-01 -4.2951252007E-01
           DelSqRho = -9.6094136696E+06
           Bond Ellipticity = NA
           V = -2.4025319172E+06
           G =  8.9249918168E+01
           K =  2.4024426673E+06
           L =  2.4023534174E+06
           Vnuc =  2.6368670607E+06
           Ven = -8.0879538020E+08
           Vrep =  8.0639284828E+08
           DelSqV =  1.9791880865E+12
           DelSqVen =  2.5338746290E+13
           DelSqVrep = -2.3359558204E+13
           DelSqG =  2.5089738717E+10
           DelSqK = -2.0042778252E+12
           Stress_EigVals = -8.0084828040E+05 -8.0084448695E+05 -8.0083914988E+05
           Stress_EigVec1 =  8.2804779919E-01 -2.6935287737E-01  4.9171726603E-01
           Stress_EigVec2 = -8.1247254430E-02  8.1013016823E-01  5.8059279549E-01
           Stress_EigVec3 =  5.5473933149E-01  5.2070926435E-01 -6.4894232110E-01
           -DivStress = -2.6974221367E+05  1.6272367659E+06  1.1102906008E+06
           ESP =  -2.2300842396E+01     ESP at Nucleus =  -2.2300842468E+01
           ESPe = -3.9252646479E+01     ESPe at Nucleus = -3.9252643209E+01
           ESPn =  1.6951804083E+01     ESPn at Nucleus =  1.6951800742E+01

CP# 2      Coords =  4.10456572481157E+00 -3.62212020418159E+00 -1.05907137664971E-02
           Type = (3,-3) NACP O2
           Rho =  3.0695220962E+02     Rho at Nucleus =  3.0695219504E+02
           GradRho =  3.4152192185E-10  4.9180901018E-10  2.4500401707E-12
           HessRho_EigVals = -3.2055105316E+06 -3.2055015471E+06 -3.2054763553E+06
           HessRho_EigVec1 =  8.3700816367E-01 -1.4106141265E-01  5.2869557575E-01
           HessRho_EigVec2 =  1.6687883986E-01 -8.5436574731E-01 -4.9214898419E-01
           HessRho_EigVec3 =  5.2112262162E-01  5.0016082183E-01 -6.9157094036E-01
           DelSqRho = -9.6164884340E+06
           Bond Ellipticity = NA
           V = -2.4042993688E+06
           G =  8.8630135963E+01
           K =  2.4042107386E+06
           L =  2.4041221085E+06
           Vnuc =  2.6524267444E+06
           Ven = -8.1416825005E+08
           Vrep =  8.1176395068E+08
           DelSqV =  1.9806423870E+12
           DelSqVen =  2.5507031155E+13
           DelSqVrep = -2.3526388772E+13
           DelSqG =  2.5108158222E+10
           DelSqK = -2.0057505452E+12
           Stress_EigVals = -8.0143879965E+05 -8.0143032978E+05 -8.0143023935E+05
           Stress_EigVec1 = -5.2015387911E-01 -5.0434617224E-01  6.8925675956E-01
           Stress_EigVec2 =  1.3193584843E-01 -8.4478600345E-01 -5.1858416894E-01
           Stress_EigVec3 =  8.4382040385E-01 -1.7880589176E-01  5.0596005685E-01
           -DivStress =  3.5100042731E+05 -1.6696740953E+06 -1.0009717297E+06
           ESP =  -2.2364078908E+01     ESP at Nucleus =  -2.2364078978E+01
           ESPe = -3.8670774558E+01     ESPe at Nucleus = -3.8670767000E+01
           ESPn =  1.6306695649E+01     ESPn at Nucleus =  1.6306688022E+01

CP# 3      Coords = -3.37414978371194E+00  3.85775099752898E+00  8.36820330642387E-01
           Type = (3,-3) NACP N3
           Rho =  2.0165918453E+02     Rho at Nucleus =  2.0165918453E+02
           GradRho =  2.6588670154E-10  5.6486371136E-11 -4.5203174537E-11
           HessRho_EigVals = -1.6271635937E+06 -1.6271632929E+06 -1.6271505973E+06
           HessRho_EigVec1 =  6.7757949052E-01  7.3541220331E-01 -7.4111569168E-03
           HessRho_EigVec2 =  6.7172290986E-01 -6.2293898872E-01 -4.0091813217E-01
           HessRho_EigVec3 =  2.9945678552E-01 -2.6667565985E-01  9.1608390776E-01
           DelSqRho = -4.8814774840E+06
           Bond Ellipticity = NA
           V = -1.2204373497E+06
           G =  3.3989354672E+01
           K =  1.2204033603E+06
           L =  1.2203693710E+06
           Vnuc =  1.2174936299E+08
           Ven = -2.4551877258E+10
           Vrep =  2.4550656821E+10
           DelSqV =  7.8323886108E+11
           DelSqVen =  5.9431395210E+14
           DelSqVrep = -5.9353071324E+14
           DelSqG =  9.8475610669E+09
           DelSqK = -7.9308642215E+11
           Stress_EigVals = -4.0681423741E+05 -4.0681165671E+05 -4.0681145558E+05
           Stress_EigVec1 =  2.9928187491E-01 -2.6645891100E-01  9.1620413015E-01
           Stress_EigVec2 =  6.5131442928E-01 -6.4466692158E-01 -4.0024251951E-01
           Stress_EigVec3 =  6.9729468201E-01  7.1652230179E-01 -1.9388591437E-02
           -DivStress =  6.1418431466E+03 -4.5368485589E+03  1.2806103371E+04
           ESP =  -1.8325538279E+01     ESP at Nucleus =  -1.8325538279E+01
           ESPe = -3.6084158016E+01     ESPe at Nucleus = -3.6084158039E+01
           ESPn =  1.7758619738E+01     ESPn at Nucleus =  1.7758619760E+01

CP# 4      Coords =  7.16863896184158E+00  7.66687310909441E-01 -8.93253776303390E-01
           Type = (3,-3) NACP N4
           Rho =  2.0189980820E+02     Rho at Nucleus =  2.0189980007E+02
           GradRho = -6.5838434704E-10 -8.4354745411E-13 -7.1336825336E-11
           HessRho_EigVals = -1.6291269979E+06 -1.6291243079E+06 -1.6291064352E+06
           HessRho_EigVec1 =  9.1148577686E-01 -3.0916446972E-01 -2.7131348888E-01
           HessRho_EigVec2 =  3.6239565899E-01  2.9155571869E-01  8.8524835455E-01
           HessRho_EigVec3 =  1.9458433887E-01  9.0521411476E-01 -3.7778875249E-01
           DelSqRho = -4.8873577410E+06
           Bond Ellipticity = NA
           V = -1.2219058516E+06
           G =  3.3208178370E+01
           K =  1.2218726434E+06
           L =  1.2218394352E+06
           Vnuc =  2.2149759334E+06
           Ven = -4.4720321613E+08
           Vrep =  4.4598131028E+08
           DelSqV =  7.8417987645E+11
           DelSqVen =  1.0825379787E+13
           DelSqVrep = -1.0041199910E+13
           DelSqG =  9.8595255126E+09
           DelSqK = -7.9403940196E+11
           Stress_EigVals = -4.0730425686E+05 -4.0730117173E+05 -4.0730042301E+05
           Stress_EigVec1 =  1.6259636432E-01  9.2074158133E-01 -3.5467923921E-01
           Stress_EigVec2 =  3.7653234358E-01  2.7435860571E-01  8.8484504277E-01
           Stress_EigVec3 =  9.1202292545E-01 -2.7742079210E-01 -3.0207927364E-01
           -DivStress =  2.3063240513E+05  7.0346880980E+05 -3.5411110635E+05
           ESP =  -1.8391512057E+01     ESP at Nucleus =  -1.8391512112E+01
           ESPe = -3.3516809535E+01     ESPe at Nucleus = -3.3516805618E+01
           ESPn =  1.5125297479E+01     ESPn at Nucleus =  1.5125293506E+01

CP# 5      Coords =  1.42848449326590E-01  2.19254362839910E+00 -8.52400774837891E-01
           Type = (3,-3) NACP C5
           Rho =  1.2450711722E+02     Rho at Nucleus =  1.2450711714E+02
           GradRho =  2.3029445018E-09 -2.0272182717E-09 -1.1349522155E-09
           HessRho_EigVals = -7.4041781404E+05 -7.4041720770E+05 -7.4041663520E+05
           HessRho_EigVec1 =  3.0926362322E-01 -2.5059025364E-01  9.1736608621E-01
           HessRho_EigVec2 =  8.9165321864E-01  4.1178767124E-01 -1.8811021104E-01
           HessRho_EigVec3 = -3.3062145882E-01  8.7614806888E-01  3.5079055342E-01
           DelSqRho = -2.2212516569E+06
           Bond Ellipticity = NA
           V = -5.5533347051E+05
           G =  1.0278137282E+01
           K =  5.5532319237E+05
           L =  5.5531291423E+05
           Vnuc =  1.2942163343E+07
           Ven = -1.6113914484E+09
           Vrep =  1.6108361150E+09
           DelSqV =  2.6329991747E+11
           DelSqVen =  2.8747802083E+13
           DelSqVrep = -2.8484502166E+13
           DelSqG =  3.3024548788E+09
           DelSqK = -2.6660237235E+11
           Stress_EigVals = -1.8511144160E+05 -1.8511125192E+05 -1.8511077699E+05
           Stress_EigVec1 = -4.6867168302E-01  7.9827925542E-01  3.7828175202E-01
           Stress_EigVec2 =  8.3359150832E-01  5.4138140920E-01 -1.0968758832E-01
           Stress_EigVec3 =  2.9235603431E-01 -2.6392498961E-01  9.1916894479E-01
           -DivStress = -2.8714790004E+04  2.4552683536E+04  1.4372295383E+04
           ESP =  -1.4764136225E+01     ESP at Nucleus =  -1.4764136226E+01
           ESPe = -3.5864817632E+01     ESPe at Nucleus = -3.5864817688E+01
           ESPn =  2.1100681407E+01     ESPn at Nucleus =  2.1100681462E+01

CP# 6      Coords =  2.79821287979235E+00  1.89911749327810E+00 -1.76616835932200E+00
           Type = (3,-3) NACP C6
           Rho =  1.2442373306E+02     Rho at Nucleus =  1.2442373293E+02
           GradRho = -2.8500052041E-09 -2.1661234473E-09  5.1684454494E-09
           HessRho_EigVals = -7.3993321746E+05 -7.3993249416E+05 -7.3993160615E+05
           HessRho_EigVec1 =  7.6336431581E-01 -3.4662439595E-01  5.4509306498E-01
           HessRho_EigVec2 = -5.9670761769E-01 -5.5177565901E-02  8.0055946388E-01
           HessRho_EigVec3 =  2.4741653208E-01  9.3637971163E-01  2.4895400238E-01
           DelSqRho = -2.2197973178E+06
           Bond Ellipticity = NA
           V = -5.5496975792E+05
           G =  1.0214240978E+01
           K =  5.5495954368E+05
           L =  5.5494932944E+05
           Vnuc =  1.0413488953E+07
           Ven = -1.2956851696E+09
           Vrep =  1.2951301999E+09
           DelSqV =  2.6312783693E+11
           DelSqVen =  2.3115833803E+13
           DelSqVrep = -2.2852705966E+13
           DelSqG =  3.3003413860E+09
           DelSqK = -2.6642817832E+11
           Stress_EigVals = -1.8499014977E+05 -1.8498990587E+05 -1.8498970229E+05
           Stress_EigVec1 =  2.4428633450E-01  9.3655396998E-01  2.5137789897E-01
           Stress_EigVec2 = -6.4616180429E-01 -3.6077738956E-02  7.6234724334E-01
           Stress_EigVec3 =  7.2304848347E-01 -3.4866181045E-01  5.9635210445E-01
           -DivStress =  2.2673369544E+04  1.8012820868E+04 -4.1012407658E+04
           ESP =  -1.4750293230E+01     ESP at Nucleus =  -1.4750293231E+01
           ESPe = -3.3984910288E+01     ESPe at Nucleus = -3.3984909313E+01
           ESPn =  1.9234617058E+01     ESPn at Nucleus =  1.9234616082E+01

CP# 7      Coords = -1.78987898363655E+00  2.82236024430297E-01 -7.85532013328963E-01
           Type = (3,-3) NACP C7
           Rho =  1.2455962161E+02     Rho at Nucleus =  1.2455962161E+02
           GradRho = -5.0536536761E-11  6.1652405403E-11  2.0002582923E-11
           HessRho_EigVals = -7.4072208418E+05 -7.4072024847E+05 -7.4071966795E+05
           HessRho_EigVec1 =  3.0747069056E-01 -2.7662178817E-01  9.1046260811E-01
           HessRho_EigVec2 =  9.3544142915E-01  2.6322012706E-01 -2.3593324762E-01
           HessRho_EigVec3 = -1.7438780654E-01  9.2422700189E-01  3.3969595510E-01
           DelSqRho = -2.2221620006E+06
           Bond Ellipticity = NA
           V = -5.5556103322E+05
           G =  1.0266532310E+01
           K =  5.5555076668E+05
           L =  5.5554050015E+05
           Vnuc =  4.4285450346E+07
           Ven = -5.5161789380E+09
           Vrep =  5.5156233770E+09
           DelSqV =  2.6340759329E+11
           DelSqVen =  9.8409008595E+13
           DelSqVrep = -9.8145601002E+13
           DelSqG =  3.3037689262E+09
           DelSqK = -2.6671136221E+11
           Stress_EigVals = -1.8518743190E+05 -1.8518718426E+05 -1.8518641706E+05
           Stress_EigVec1 = -4.1523307262E-02  9.5175680412E-01  3.0403092073E-01
           Stress_EigVec2 =  9.5109935619E-01  1.3087139179E-01 -2.7979044562E-01
           Stress_EigVec3 =  3.0608141009E-01 -2.7754578832E-01  9.1064949667E-01
           -DivStress = -2.2995601124E+03 -1.0853130940E+04 -4.0714720825E+03
           ESP =  -1.4766459484E+01     ESP at Nucleus =  -1.4766459484E+01
           ESPe = -3.6476975461E+01     ESPe at Nucleus = -3.6476975401E+01
           ESPn =  2.1710515976E+01     ESPn at Nucleus =  2.1710515917E+01

CP# 8      Coords =  4.66615044193980E+00  8.82685864699929E-01  2.22613384281478E-01
           Type = (3,-3) NACP C8
           Rho =  1.2443593363E+02     Rho at Nucleus =  1.2443593329E+02
           GradRho =  2.6717278390E-10  1.6659229551E-11 -6.6225358530E-12
           HessRho_EigVals = -7.4001369265E+05 -7.4001235240E+05 -7.4001134750E+05
           HessRho_EigVec1 =  9.0273165354E-01  2.3770579316E-01 -3.5856870693E-01
           HessRho_EigVec2 = -3.7322397355E-01  8.4726428705E-01 -3.7795117867E-01
           HessRho_EigVec3 =  2.1396127514E-01  4.7501493007E-01  8.5356979149E-01
           DelSqRho = -2.2200373926E+06
           Bond Ellipticity = NA
           V = -5.5502926236E+05
           G =  9.9571129265E+00
           K =  5.5501930525E+05
           L =  5.5500934814E+05
           Vnuc =  6.2265342559E+06
           Ven = -7.7480460343E+08
           Vrep =  7.7424957416E+08
           DelSqV =  2.6315618297E+11
           DelSqVen =  1.3823139152E+13
           DelSqVrep = -1.3559983002E+13
           DelSqG =  3.3007288895E+09
           DelSqK = -2.6645691186E+11
           Stress_EigVals = -1.8501006213E+05 -1.8500976292E+05 -1.8500943731E+05
           Stress_EigVec1 =  2.2282735718E-01  4.6949006987E-01  8.5435767872E-01
           Stress_EigVec2 = -3.6898681052E-01  8.5180685458E-01 -3.7185187394E-01
           Stress_EigVec3 =  9.0232848927E-01  2.3238794458E-01 -3.6304151368E-01
           -DivStress = -5.3327122581E+04  4.8390689821E+04  4.3198913963E+04
           ESP =  -1.4713815286E+01     ESP at Nucleus =  -1.4713815289E+01
           ESPe = -3.4306694437E+01     ESPe at Nucleus = -3.4306694365E+01
           ESPn =  1.9592879151E+01     ESPn at Nucleus =  1.9592879076E+01

CP# 9      Coords = -3.96297249835247E+00  1.39432720696306E+00  2.85385746431792E-01
           Type = (3,-3) NACP C9
           Rho =  1.2455616656E+02     Rho at Nucleus =  1.2455616562E+02
           GradRho = -9.7678864996E-11  2.3015145345E-11  2.4023005807E-12
           HessRho_EigVals = -7.4069438305E+05 -7.4069427095E+05 -7.4069141525E+05
           HessRho_EigVec1 =  3.1450745740E-01 -1.0874688129E-01  9.4300539503E-01
           HessRho_EigVec2 =  5.3986208430E-02  9.9385753413E-01  9.6605854661E-02
           HessRho_EigVec3 =  9.4771860198E-01 -2.0526024087E-02 -3.1844643788E-01
           DelSqRho = -2.2220800693E+06
           Bond Ellipticity = NA
           V = -5.5554035971E+05
           G =  1.0171198349E+01
           K =  5.5553018851E+05
           L =  5.5552001731E+05
           Vnuc =  3.7686757928E+06
           Ven = -4.6941180976E+08
           Vrep =  4.6885626940E+08
           DelSqV =  2.6339773531E+11
           DelSqVen =  8.3742992794E+12
           DelSqVrep = -8.1109015604E+12
           DelSqG =  3.3036155196E+09
           DelSqK = -2.6670135083E+11
           Stress_EigVals = -1.8518079992E+05 -1.8517992231E+05 -1.8517963747E+05
           Stress_EigVec1 =  9.5186718207E-01  4.3418034259E-02 -3.0342007515E-01
           Stress_EigVec2 =  3.9022521425E-02  9.6469515703E-01  2.6046208329E-01
           Stress_EigVec3 =  3.0401662869E-01 -2.5976552564E-01  9.1656737950E-01
           -DivStress = -5.3777197137E+03 -1.3318001368E+05 -3.8937019018E+04
           ESP =  -1.4729935373E+01     ESP at Nucleus =  -1.4729935382E+01
           ESPe = -3.5098556350E+01     ESPe at Nucleus = -3.5098556904E+01
           ESPn =  2.0368620977E+01     ESPn at Nucleus =  2.0368621522E+01

CP# 10     Coords = -9.13452677260259E-01  4.32010514736533E+00  1.43521610084053E-01
           Type = (3,-3) NACP C10
           Rho =  1.2456646939E+02     Rho at Nucleus =  1.2456646833E+02
           GradRho =  2.7438717964E-11  1.5847129164E-10  7.7360340356E-12
           HessRho_EigVals = -7.4076061377E+05 -7.4076018065E+05 -7.4075772162E+05
           HessRho_EigVec1 =  9.4449225242E-01  2.1658504257E-01 -2.4703300277E-01
           HessRho_EigVec2 =  2.9954970567E-01 -2.5891832435E-01  9.1827625209E-01
           HessRho_EigVec3 = -1.3492353001E-01  9.4130346895E-01  3.0942433711E-01
           DelSqRho = -2.2222785160E+06
           Bond Ellipticity = NA
           V = -5.5558995702E+05
           G =  1.0164005777E+01
           K =  5.5557979302E+05
           L =  5.5556962901E+05
           Vnuc =  3.5450845688E+06
           Ven = -4.4159866842E+08
           Vrep =  4.4104307846E+08
           DelSqV =  2.6342125933E+11
           DelSqVen =  7.8781652173E+12
           DelSqVrep = -7.6147439579E+12
           DelSqG =  3.3039323278E+09
           DelSqK = -2.6672519166E+11
           Stress_EigVals = -1.8519730621E+05 -1.8519639430E+05 -1.8519625651E+05
           Stress_EigVec1 = -8.9591573813E-02  9.4890258381E-01  3.0258426321E-01
           Stress_EigVec2 =  9.4880148917E-01  1.7370850970E-01 -2.6382018081E-01
           Stress_EigVec3 =  3.0290111266E-01 -2.6345633433E-01  9.1588300336E-01
           -DivStress =  1.3060342327E+05 -3.9017925391E+04 -5.6703908664E+04
           ESP =  -1.4731122511E+01     ESP at Nucleus =  -1.4731122521E+01
           ESPe = -3.3401030726E+01     ESPe at Nucleus = -3.3401031176E+01
           ESPn =  1.8669908215E+01     ESPn at Nucleus =  1.8669908655E+01

CP# 11     Coords = -1.88120257066741E+00 -2.25609449594830E+00 -1.53165308973291E+00
           Type = (3,-3) NACP C11
           Rho =  1.2457004780E+02     Rho at Nucleus =  1.2457004776E+02
           GradRho =  8.4487375429E-10  8.6535290045E-10  4.2359449282E-11
           HessRho_EigVals = -7.4078466902E+05 -7.4078188050E+05 -7.4078151787E+05
           HessRho_EigVec1 =  2.9626381057E-01 -2.7452021322E-01  9.1480402660E-01
           HessRho_EigVec2 = -2.2214758626E-01  9.1173002116E-01  3.4554134113E-01
           HessRho_EigVec3 =  9.2891237717E-01  3.0559290084E-01 -2.0912860754E-01
           DelSqRho = -2.2223480674E+06
           Bond Ellipticity = NA
           V = -5.5560750722E+05
           G =  1.0245184187E+01
           K =  5.5559726203E+05
           L =  5.5558701685E+05
           Vnuc =  1.7908520422E+07
           Ven = -2.2308652449E+09
           Vrep =  2.2303096374E+09
           DelSqV =  2.6342960540E+11
           DelSqVen =  3.9798953738E+13
           DelSqVrep = -3.9535524133E+13
           DelSqG =  3.3040452927E+09
           DelSqK = -2.6673365070E+11
           Stress_EigVals = -1.8520293979E+05 -1.8520281408E+05 -1.8520175335E+05
           Stress_EigVec1 =  8.9609208039E-01  4.0988631975E-01 -1.7032964609E-01
           Stress_EigVec2 = -3.2754698725E-01  8.6960860915E-01  3.6945072478E-01
           Stress_EigVec3 =  2.9955292455E-01 -2.7527090615E-01  9.1350641685E-01
           -DivStress = -2.0001293895E+04 -2.1289215142E+04  8.4767911216E+02
           ESP =  -1.4768504279E+01     ESP at Nucleus =  -1.4768504280E+01
           ESPe = -3.4188027913E+01     ESPe at Nucleus = -3.4188027686E+01
           ESPn =  1.9419523633E+01     ESPn at Nucleus =  1.9419523406E+01

CP# 12     Coords = -6.20409442864314E+00  5.34709659698335E-02  6.32444915537727E-01
           Type = (3,-3) NACP C12
           Rho =  1.2454456816E+02     Rho at Nucleus =  1.2454456807E+02
           GradRho =  7.3234018849E-10  3.6049183638E-09  8.9044952314E-10
           HessRho_EigVals = -7.4063091021E+05 -7.4062904683E+05 -7.4062847759E+05
           HessRho_EigVec1 =  3.0505641068E-01 -2.7972679572E-01  9.1032604382E-01
           HessRho_EigVec2 =  9.5141297467E-01  1.3155315493E-01 -2.7840100407E-01
           HessRho_EigVec3 = -4.1880042282E-02  9.5102402030E-01  3.0626683607E-01
           DelSqRho = -2.2218884346E+06
           Bond Ellipticity = NA
           V = -5.5549272481E+05
           G =  1.0308075456E+01
           K =  5.5548241673E+05
           L =  5.5547210866E+05
           Vnuc =  1.2322247770E+07
           Ven = -1.5346690272E+09
           Vrep =  1.5341135345E+09
           DelSqV =  2.6337521226E+11
           DelSqVen =  2.7378658050E+13
           DelSqVrep = -2.7115282838E+13
           DelSqG =  3.3033550203E+09
           DelSqK = -2.6667856728E+11
           Stress_EigVals = -1.8516463893E+05 -1.8516445548E+05 -1.8516363039E+05
           Stress_EigVec1 = -2.2962698446E-03  9.5611697076E-01  2.9297621980E-01
           Stress_EigVec2 =  9.5208422210E-01  9.1690924472E-02 -2.9176773023E-01
           Stress_EigVec3 =  3.0582733884E-01 -2.7826805888E-01  9.1051442944E-01
           -DivStress = -7.0981339392E+03 -4.0635405027E+04 -1.0074541278E+04
           ESP =  -1.4761650037E+01     ESP at Nucleus =  -1.4761650038E+01
           ESPe = -3.2049909990E+01     ESPe at Nucleus = -3.2049910047E+01
           ESPn =  1.7288259953E+01     ESPn at Nucleus =  1.7288260009E+01

CP# 13     Coords =  3.73990549623313E+00 -1.68516151024779E+00  1.11748465040152E+00
           Type = (3,-3) NACP C13
           Rho =  1.2471328139E+02     Rho at Nucleus =  1.2471328015E+02
           GradRho = -1.2544343342E-10  4.6262549347E-11  6.8047789625E-11
           HessRho_EigVals = -7.4162220445E+05 -7.4161924075E+05 -7.4161631094E+05
           HessRho_EigVec1 =  8.3658721663E-01 -1.4730457582E-01  5.2765821411E-01
           HessRho_EigVec2 = -5.2722971836E-01  4.5180685272E-02  8.4852078923E-01
           HessRho_EigVec3 =  1.4883095463E-01  9.8805873693E-01  3.9865766285E-02
           DelSqRho = -2.2248577561E+06
           Bond Ellipticity = NA
           V = -5.5623345215E+05
           G =  9.5065553443E+00
           K =  5.5622394559E+05
           L =  5.5621443904E+05
           Vnuc =  3.2837637350E+06
           Ven = -4.0952895070E+08
           Vrep =  4.0897271725E+08
           DelSqV =  2.6372610719E+11
           DelSqVen =  7.3059070607E+12
           DelSqVrep = -7.0421809535E+12
           DelSqG =  3.3077000959E+09
           DelSqK = -2.6703380728E+11
           Stress_EigVals = -1.8541217752E+05 -1.8541113976E+05 -1.8541013487E+05
           Stress_EigVec1 =  7.3670436051E-02  9.8538305458E-01  1.5359981311E-01
           Stress_EigVec2 = -5.3982176489E-01 -9.0102445217E-02  8.3694325466E-01
           Stress_EigVec3 =  8.3854941954E-01 -1.4457449672E-01  5.2529333319E-01
           -DivStress =  8.5039042850E+04  2.8828108649E+04 -1.3190465893E+05
           ESP =  -1.4637187027E+01     ESP at Nucleus =  -1.4637187038E+01
           ESPe = -3.5310217466E+01     ESPe at Nucleus = -3.5310217501E+01
           ESPn =  2.0673030439E+01     ESPn at Nucleus =  2.0673030463E+01

CP# 14     Coords = -4.09459128606490E+00 -3.58974828434502E+00 -1.18815295816214E+00
           Type = (3,-3) NACP C14
           Rho =  1.2456091736E+02     Rho at Nucleus =  1.2456091734E+02
           GradRho = -1.2510736891E-10 -1.2700329677E-10 -4.2861880711E-11
           HessRho_EigVals = -7.4072609833E+05 -7.4072366921E+05 -7.4072333778E+05
           HessRho_EigVec1 =  3.1198203416E-01 -2.7541034608E-01  9.0929442516E-01
           HessRho_EigVec2 = -3.7446196017E-01  8.4394767623E-01  3.8409707128E-01
           HessRho_EigVec3 =  8.7318122446E-01  4.6032755843E-01 -1.6016581471E-01
           DelSqRho = -2.2221731053E+06
           Bond Ellipticity = NA
           V = -5.5556376907E+05
           G =  1.0246368392E+01
           K =  5.5555352270E+05
           L =  5.5554327633E+05
           Vnuc =  2.9053975699E+07
           Ven = -3.6189898658E+09
           Vrep =  3.6184343021E+09
           DelSqV =  2.6340885815E+11
           DelSqVen =  6.4563055690E+13
           DelSqVrep = -6.4299646832E+13
           DelSqG =  3.3037670966E+09
           DelSqK = -2.6671262524E+11
           Stress_EigVals = -1.8518832830E+05 -1.8518820370E+05 -1.8518723707E+05
           Stress_EigVec1 =  9.0089708586E-01  3.9068338040E-01 -1.8907918173E-01
           Stress_EigVec2 = -3.0299618037E-01  8.7801451273E-01  3.7051832628E-01
           Stress_EigVec3 =  3.1076961782E-01 -2.7650861056E-01  9.0937628786E-01
           -DivStress =  1.2740353407E+04  1.2586328671E+04 -1.9058300034E+03
           ESP =  -1.4772857831E+01     ESP at Nucleus =  -1.4772857831E+01
           ESPe = -3.2018808879E+01     ESPe at Nucleus = -3.2018809221E+01
           ESPn =  1.7245951048E+01     ESPn at Nucleus =  1.7245951390E+01

CP# 15     Coords = -6.23632398055493E+00 -2.44377963699171E+00 -1.14327874662805E-01
           Type = (3,-3) NACP C15
           Rho =  1.2456835271E+02     Rho at Nucleus =  1.2456835270E+02
           GradRho = -3.8588759965E-10 -7.6202821830E-11  2.5586421870E-11
           HessRho_EigVals = -7.4077049004E+05 -7.4076777886E+05 -7.4076756862E+05
           HessRho_EigVec1 =  3.0972462137E-01 -2.7857180638E-01  9.0910307865E-01
