AIMSum (Version 17.01.25, Professional)
Copyright (c) 1997-2017 by Todd A. Keith
AIMSum is a component of the AIMAll package ( http://aim.tkgristmill.com )

TP:  64-bit Linux

Licensed To:  Research Group of Fernando Cortes Guzman, UNAM, fercor@unam.mx

Much of the Quantum Theory of Atoms in Molecules (QTAIM) is described in the book:
  "Atoms in Molecules - A Quantum Theory"
  R.F.W. Bader, Oxford University Press, Oxford, 1990

For additional references see:  http://aim.tkgristmill.com/references.html

Wfn File:  /home/alejandro/wd/aimqb_inps/tryptophan_b2plyp_def2SVP.wfn
Sum File:  /home/alejandro/wd/aimqb_inps/tryptophan_b2plyp_def2SVP.sum

SumViz File:  /home/alejandro/wd/aimqb_inps/tryptophan_b2plyp_def2SVP.sumviz

Wfn Title:   opt tryptophan M062X def2TZVP                                                 
 
Total memory allocated for AIMSum =        2.805 Megabytes

Atomic units (a.u.) used throughout, except where stated otherwise

Model:  Unknown
 
Restricted, natural orbital wavefunction.
  Number of electrons (from MO Occs)                   =         107.9999997000
  Number of Alpha electrons (from MO Occs)             =          53.9999998500
  Number of Beta electrons (from MO Occs)              =          53.9999998500
  Number of electron pairs (N*(N-1)/2)                 =        5777.9999677500
  Number of electron pairs (from Muller 2EDM)          =        5777.9999677502
  Number of electron pairs (from Muller 2EDM, no SOSI) =        5778.5930150045
 
Nuclear Charges and Cartesian Coordinates:
-------------------------------------------------------------------------------
Atom      Charge                X                  Y                  Z
-------------------------------------------------------------------------------
O1         8.0           2.4251840500E+00  -1.5723826200E+00   3.2757285000E+00
O2         8.0           4.1045662600E+00  -3.6221227500E+00  -1.0592240000E-02
N3         7.0          -3.3741497600E+00   3.8577509800E+00   8.3682038000E-01
N4         7.0           7.1686398500E+00   7.6669002000E-01  -8.9325514000E-01
C5         6.0           1.4284812000E-01   2.1925439100E+00  -8.5240061000E-01
C6         6.0           2.7982131400E+00   1.8991177000E+00  -1.7661688300E+00
C7         6.0          -1.7898790100E+00   2.8223590000E-01  -7.8553206000E-01
C8         6.0           4.6661498300E+00   8.8268642000E-01   2.2261388000E-01
C9         6.0          -3.9629725600E+00   1.3943256800E+00   2.8538530000E-01
C10        6.0          -9.1345118000E-01   4.3201047000E+00   1.4352096000E-01
C11        6.0          -1.8812028000E+00  -2.2560947400E+00  -1.5316530800E+00
C12        6.0          -6.2040945100E+00   5.3470500000E-02   6.3244480000E-01
C13        6.0           3.7399064700E+00  -1.6851611800E+00   1.1174831400E+00
C14        6.0          -4.0945911400E+00  -3.5897481400E+00  -1.1881529800E+00
C15        6.0          -6.2363238500E+00  -2.4437795500E+00  -1.1432790000E-01
H16        1.0           2.8514097300E+00   6.1256916000E-01  -3.3851247600E+00
H17        1.0           3.5572670200E+00   3.7053548400E+00  -2.4038938500E+00
H18        1.0           4.6877811700E+00   2.1681782600E+00   1.8330997000E+00
H19        1.0          -9.0757900000E-02   6.1656681600E+00   4.0890146000E-01
H20        1.0          -4.5621072800E+00   5.1332902300E+00   1.5839643400E+00
H21        1.0          -2.3795342000E-01  -3.1600875300E+00  -2.3524980900E+00
H22        1.0          -7.8559067000E+00   9.3592665000E-01   1.4562309600E+00
H23        1.0          -4.1933731900E+00  -5.5510089800E+00  -1.7578025500E+00
H24        1.0           7.1902901700E+00  -6.1016146000E-01  -2.2303872800E+00
H25        1.0           8.4708649900E+00   2.6936627000E-01   4.1984602000E-01
H26        1.0          -7.9447136900E+00  -3.5414336500E+00   1.2732749000E-01
H27        1.0           1.7401510200E+00  -3.2409132600E+00   3.5950140900E+00
 
Some Atomic Properties:
----------------------
  q(A) = Net Charge of Atom A
  L(A) = Lagrangian of Atom A = -(1/4) Times Atomic Integral of the Laplacian of the Electron Density
  K(A) = Electronic Kinetic Energy of Atom A (Hamiltonian Form)
  K_Scaled(A) = K(A) * E(Mol)/K(Mol) = Approximation to Virial-Based Total Energy of Atom A.
  |Mu_Intra(A)| = Magnitude of Intraatomic Dipole Moment of Atom A
--------------------------------------------------------------------------------------------------
Atom A          q(A)              L(A)              K(A)          K_Scaled(A)      |Mu_Intra(A)|
--------------------------------------------------------------------------------------------------
O1       -1.2000860061E+00  8.3019999832E-04  7.5429310695E+01 -7.5978394590E+01  3.1337060966E-01
O2       -1.2384853005E+00  9.9310614047E-06  7.5486766862E+01 -7.6036269007E+01  5.5446218920E-01
N3       -1.3653757337E+00  7.0734566127E-05  5.5104579548E+01 -5.5505710579E+01  2.7168116018E-02
N4       -1.1633140036E+00 -6.2682646969E-05  5.4787464233E+01 -5.5186286840E+01  1.8865011774E-01
C5       -6.6462992000E-03  1.3211492266E-06  3.7738854151E+01 -3.8013572253E+01  1.3862507436E-01
C6        1.5100796800E-01  2.0372602579E-04  3.7572605454E+01 -3.7846113357E+01  1.5565933555E-02
C7       -1.0400729200E-02 -1.8058963018E-04  3.7790436341E+01 -3.8065529933E+01  1.4552920649E-01
C8        4.8632593880E-01  2.5009494363E-04  3.7423824676E+01 -3.7696249537E+01  4.1034589983E-01
C9        4.3894107990E-01 -2.7496466607E-04  3.7503072057E+01 -3.7776073795E+01  6.5773180706E-01
C10       4.4906646140E-01 -8.7494230485E-06  3.7410615169E+01 -3.7682943871E+01  7.1851569319E-01
C11       1.2659210200E-02 -3.3850453367E-05  3.7680925225E+01 -3.7955221636E+01  7.4779623634E-02
C12       2.7872734300E-02 -1.1080724477E-04  3.7672378887E+01 -3.7946613086E+01  1.0168096951E-01
C13       1.6186567027E+00  5.9949380776E-04  3.6691280262E+01 -3.6958372602E+01  8.8467396212E-01
C14       2.4662267700E-02 -1.4296295501E-04  3.7670696737E+01 -3.7944918691E+01  4.9502814503E-02
C15       3.1931425900E-02  8.9588589620E-05  3.7669627875E+01 -3.7943842047E+01  5.7657493036E-02
H16      -4.1729299800E-02  3.4388653835E-05  6.3558778281E-01 -6.4021451229E-01  1.2860098003E-01
H17      -2.6137868500E-02  2.8767622259E-05  6.2996130006E-01 -6.3454707185E-01  1.3195695653E-01
H18      -2.8739857400E-02  3.4075219516E-05  6.4098102529E-01 -6.4564701462E-01  1.2619109350E-01
H19       4.7089163400E-03  2.3793803192E-05  6.1060179928E-01 -6.1504664455E-01  1.2345647602E-01
H20       4.7749019620E-01  1.4278538632E-05  3.9690595163E-01 -3.9979520866E-01  1.8561614741E-01
H21      -5.4904262000E-03  2.3178785050E-06  6.2091510025E-01 -6.2543502067E-01  1.1163335835E-01
H22      -3.3900099700E-02  2.2940797258E-05  6.2917469021E-01 -6.3375473591E-01  1.2372174200E-01
H23      -3.4282111100E-02  2.4497423482E-05  6.3115611066E-01 -6.3575058001E-01  1.2325283450E-01
H24       4.2098166819E-01  2.0587099742E-05  4.2198978353E-01 -4.2506163706E-01  2.0895605053E-01
H25       4.0324539004E-01  1.8798119365E-05  4.3378115216E-01 -4.3693884037E-01  2.1240267881E-01
H26      -3.3810533000E-02  2.5362205170E-05  6.3096248264E-01 -6.3555554248E-01  1.2304382246E-01
H27       6.4200218084E-01  2.6985454170E-05  3.0439296512E-01 -3.0660877849E-01  1.5814225605E-01
--------------------------------------------------------------------------------------------------
Total     1.1538725100E-03  1.5172759376E-03  6.8021884832E+02 -6.8517046741E+02
 
Molecular charge q(Mol) from the wfn file:   3.0000003484E-07
Molecular energy E(Mol) from the wfn file:  -6.8517005462E+02
Molecular virial ratio (-V(Mol)/T(Mol)) from the wfn file:   2.0072794500E+00
Note.  K_Scaled(A) = (1+V(Mol)/T(Mol))*K(A) = (E(Mol)/T(Mol))*K(A)
       Only use K_Scaled(A) data with caution.
 
N_AIMInt(SumA)     =        107.998846
N_Analytic(Mol)    =        107.999999
 
G_AIMInt(SumA)     =        680.217331
G_Analytic(Mol)    =        680.218425
 
K_AIMInt(SumA)     =        680.218848
K_Analytic(Mol)    =        680.218425
 
L_AIMInt(SumA)     =          0.001517
L_Analytic(Mol)    =          0.000000
 
VenT_AIMInt(SumA)  =      -3571.665315
VenT_Analytic(Mol) =      -3571.684069
 
Some Information About the Atomic Calculations:
----------------------------------------------
  Time(sec) = "Elapsed User Time", in Seconds, for Atom A by AIMInt and, if used, by TWOe
  NProc = Number of Processors Used for AIMInt Job
  BIM = Basin Integration Method
  OAQ = Angular Quadrature Outside of Beta Sphere
  ORQ = Multiple of Default for Radial Quadrature Outside of Beta Sphere
  IAQ = Multiple of Default for Angular Quadrature Inside of Beta Sphere
  IRQ = Multiple of Default for Radial Quadrature Inside of Beta Sphere
  MIR = Maximum Integration Radius
------------------------------------------------------------------------------------------------------
Atom A     Time(sec)   NProc      BIM              OAQ                 ORQ      IAQ      IRQ      MIR
------------------------------------------------------------------------------------------------------
O1            189       16    Promega(1)    4334      (Very High)      1.00     1.00     1.00    13.00
O2             51       16     Proaim(5)    4334      (Very High)      1.00     1.00     1.00    13.00
N3             50       16     Proaim(5)    4334      (Very High)      1.00     1.00     1.00    13.00
N4             55       16     Proaim(5)    4334      (Very High)      1.00     1.00     1.00    13.00
C5            128       16     Proaim(5)    4334      (Very High)      1.00     1.00     1.00    13.00
C6            144       16     Proaim(5)    4334      (Very High)      1.00     1.00     1.00    13.00
C7             91       16     Proaim(5)    4334      (Very High)      1.00     1.00     1.00    13.00
C8            152       16     Proaim(5)    4334      (Very High)      1.00     1.00     1.00    13.00
C9             41       16     Proaim(5)    4334      (Very High)      1.00     1.00     1.00    13.00
C10            47       16     Proaim(5)    4334      (Very High)      1.00     1.00     1.00    13.00
C11            71       16     Proaim(5)    4334      (Very High)      1.00     1.00     1.00    13.00
C12            47       16     Proaim(5)    4334      (Very High)      1.00     1.00     1.00    13.00
C13           176       16     Proaim(5)    4334      (Very High)      1.00     1.00     1.00    13.00
C14            50       16     Proaim(5)    4334      (Very High)      1.00     1.00     1.00    13.00
C15            44       16     Proaim(5)    4334      (Very High)      1.00     1.00     1.00    13.00
H16            20       16     Proaim(5)    2030      (Very High)      1.00     1.00     1.00    13.00
H17            14       16     Proaim(5)    2030      (Very High)      1.00     1.00     1.00    13.00
H18            14       16     Proaim(5)    2030      (Very High)      1.00     1.00     1.00    13.00
H19            15       16     Proaim(5)    2030      (Very High)      1.00     1.00     1.00    13.00
H20            12       16     Proaim(5)    2030      (Very High)      1.00     1.00     1.00    13.00
H21            34       16     Proaim(5)    4334      (Very High)      1.00     1.00     1.00    13.00
H22             9       16     Proaim(5)    2030      (Very High)      1.00     1.00     1.00    13.00
H23             8       16     Proaim(5)    2030      (Very High)      1.00     1.00     1.00    13.00
H24             8       16     Proaim(5)    2030      (Very High)      1.00     1.00     1.00    13.00
H25             7       16     Proaim(5)    2030      (Very High)      1.00     1.00     1.00    13.00
H26            12       16     Proaim(5)    2030      (Very High)      1.00     1.00     1.00    13.00
H27            10       16     Proaim(5)    2030      (Very High)      1.00     1.00     1.00    13.00
------------------------------------------------------------------------------------------------------
Total        1499
Note:  Total wall clock time is less than total of atomic times if more than one atom
       was calculated at a time
 
Electron Density Critical Point Analysis of Molecular Structure:               
---------------------------------------------------------------                
  NACP = Nuclear Attractor Critical Point                                      
  NNACP = Non-Nuclear Attractor Critical Point                                 
  BCP = Bond Critical Point                                                    
  RCP = Ring Critical Point                                                    
  CCP = Cage Critical Point                                                    
  Rho = Electron Density                                                       
  GradRho = Gradient of Electron Density                                       
  HessRho_EigVals = Eigenvalues of the Hessian of Rho, Ascending Order         
  HessRho_EigVecs = Eigenvectors of the Hessian of Rho                         
  DelSqRho = Laplacian of Rho = Trace of Hessian of Rho                        
  Bond Ellipticity = (HessRho_EigVal(1) / HessRho_EigVal(2)) - 1               
  V = Virial Field = Potential Energy Density = Trace of Stress Tensor         
  G = Lagrangian Form of Kinetic Energy Density                                
  K = Hamiltonian Form of Kinetic Energy Density                               
  L = K - G = Lagrangian Density = (-1/4)DelSqRho                              
  Vnuc = Electrostatic Potential from Nuclei                                   
  Ven = Electron-nuclear attractive contribution to Virial Field V             
  Vrep = V - Ven = Repulsive contribution to Virial Field V                    
  DelSqV = Laplacian of V                                                      
  DelSqVen = Laplacian of Ven                                                  
  DelSqVrep = Laplacian of Vrep                                                
  DelSqG = Laplacian of G                                                      
  DelSqK = Laplacian of K                                                      
  Stress_EigVals = Eigenvalues of Stress Tensor, Ascending Order               
  Stress_EigVecs = Eigenvectors of Stress Tensor                               
  -DivStress = Ehrenfest Force Density = Minus Divergence of Stress Tensor     
  ESP = Total Electrostatic Potential                                          
  ESPe = Electrostatic Potential from Electrons                                
  ESPn = Electrostatic Potential from Nuclei                                   
  BP = Bond Path                                                               
  BPL = Bond Path Length                                                       
  GBL = Geometric Bond Length                                                  
  GBL_I = Distance Between Nuclear Attractors                                  
  GBL_II = Distance Between Nuclei                                             
  GBL_III = Sum of Distances Between BCP and Nuclear Attractors                
  GBL_IV = Sum of Distances Between BCP and Nuclei                             

CP# 1      Coords =  2.42518601587553E+00 -1.57239834211355E+00  3.27571862206796E+00
           Type = (3,-3) NACP O1
           Rho =  2.7887299359E+02     Rho at Nucleus =  2.7887292603E+02
           GradRho = -5.2718416195E-12  2.3331638738E-11 -6.4508846291E-11
           HessRho_EigVals = -3.8758153982E+05 -3.8756475414E+05 -3.8755908578E+05
           HessRho_EigVec1 =  5.5072679258E-01  5.4576882049E-01 -6.3153495115E-01
           HessRho_EigVec2 = -7.7721252609E-02  7.8685743534E-01  6.1222118825E-01
           HessRho_EigVec3 =  8.3105920778E-01 -2.8808292388E-01  4.7576130794E-01
           DelSqRho = -1.1627053797E+06
           Bond Ellipticity = NA
           V = -2.9077838986E+05
           G =  5.1022465232E+01
           K =  2.9072736740E+05
           L =  2.9067634493E+05
           Vnuc =  4.2847857634E+05
           Ven = -1.1949110328E+08
           Vrep =  1.1920032489E+08
           DelSqV =  5.1518015306E+09
           DelSqVen =  4.9819434578E+11
           DelSqVrep = -4.9304254428E+11
           DelSqG =  4.0473913125E+08
           DelSqK = -5.5565406619E+09
           Stress_EigVals = -9.6928363228E+04 -9.6926803891E+04 -9.6923222745E+04
           Stress_EigVec1 =  8.3030872795E-01 -2.7809189154E-01  4.8296202351E-01
           Stress_EigVec2 = -9.8357953835E-02  7.7987837824E-01  6.1815485768E-01
           Stress_EigVec3 =  5.4855549329E-01  5.6076252997E-01 -6.2018727476E-01
           -DivStress = -3.2791574886E+03  2.6254595741E+04  1.6489869692E+04
           ESP =  -2.2259167976E+01     ESP at Nucleus =  -2.2259169518E+01
           ESPe = -3.9210987938E+01     ESPe at Nucleus = -3.9210970260E+01
           ESPn =  1.6951819963E+01     ESPn at Nucleus =  1.6951800742E+01

CP# 2      Coords =  4.10456288120297E+00 -3.62210681379825E+00 -1.05827659112072E-02
           Type = (3,-3) NACP O2
           Rho =  2.7908701230E+02     Rho at Nucleus =  2.7908694342E+02
           GradRho =  4.3615131688E-11 -7.5343722922E-11  9.9881706607E-14
           HessRho_EigVals = -3.8792058610E+05 -3.8791892556E+05 -3.8790112927E+05
           HessRho_EigVec1 =  8.3965066784E-01 -1.5152107052E-01  5.2156315168E-01
           HessRho_EigVec2 =  1.5879830436E-01 -8.4984682242E-01 -5.0253704038E-01
           HessRho_EigVec3 = -5.1939373748E-01 -5.0477890567E-01  6.8951316293E-01
           DelSqRho = -1.1637406409E+06
           Bond Ellipticity = NA
           V = -2.9103610490E+05
           G =  5.0472335623E+01
           K =  2.9098563257E+05
           L =  2.9093516023E+05
           Vnuc =  4.2453022334E+05
           Ven = -1.1848087166E+08
           Vrep =  1.1818983556E+08
           DelSqV =  5.1564070422E+09
           DelSqVen =  4.9404307426E+11
           DelSqVrep = -4.8888666721E+11
           DelSqG =  4.0515510604E+08
           DelSqK = -5.5615621482E+09
           Stress_EigVals = -9.7015069522E+04 -9.7010777916E+04 -9.7010257465E+04
           Stress_EigVec1 = -5.1939481577E-01 -5.0456952248E-01  6.8966558732E-01
           Stress_EigVec2 =  1.5640512173E-01 -8.4956447627E-01 -5.0376347481E-01
           Stress_EigVec3 =  8.4009907942E-01 -1.5378490705E-01  5.2017664222E-01
           -DivStress =  5.6467052810E+03 -2.6623593139E+04 -1.5828938063E+04
           ESP =  -2.2317705148E+01     ESP at Nucleus =  -2.2317706673E+01
           ESPe = -3.8624440879E+01     ESPe at Nucleus = -3.8624394695E+01
           ESPn =  1.6306735731E+01     ESPn at Nucleus =  1.6306688022E+01

CP# 3      Coords = -3.37415097597920E+00  3.85775215869705E+00  8.36820715013564E-01
           Type = (3,-3) NACP N3
           Rho =  1.8260098842E+02     Rho at Nucleus =  1.8260098813E+02
           GradRho = -4.2151512387E-10  4.3520904247E-10  1.1912871104E-10
           HessRho_EigVals = -1.9267219607E+05 -1.9267205315E+05 -1.9266424495E+05
           HessRho_EigVec1 =  2.8743328756E-01 -8.9013341025E-01 -3.5361648316E-01
           HessRho_EigVec2 =  9.0974841910E-01  3.6919654051E-01 -1.8987292701E-01
           HessRho_EigVec3 =  2.9956621828E-01 -2.6712623689E-01  9.1591683816E-01
           DelSqRho = -5.7800849417E+05
           Bond Ellipticity = NA
           V = -1.4454105652E+05
           G =  1.9466490235E+01
           K =  1.4452159003E+05
           L =  1.4450212354E+05
           Vnuc =  4.0548957871E+06
           Ven = -7.4042797866E+08
           Vrep =  7.4028343760E+08
           DelSqV =  1.9374633832E+09
           DelSqVen =  2.3437641974E+12
           DelSqVrep = -2.3418267668E+12
           DelSqG =  1.5270426811E+08
           DelSqK = -2.0901676513E+09
           Stress_EigVals = -4.8181362753E+04 -4.8179863996E+04 -4.8179829775E+04
           Stress_EigVec1 =  2.9892618124E-01 -2.6644748105E-01  9.1632356622E-01
           Stress_EigVec2 =  9.0531370996E-01  3.8280952767E-01 -1.8402160764E-01
           Stress_EigVec3 =  3.0174529777E-01 -8.8456916370E-01 -3.5565034783E-01
           -DivStress =  7.6307988786E+02 -7.4125631736E+02 -2.1060683723E+02
           ESP =  -1.8279375458E+01     ESP at Nucleus =  -1.8279375459E+01
           ESPe = -3.6037991473E+01     ESPe at Nucleus = -3.6037995219E+01
           ESPn =  1.7758616015E+01     ESPn at Nucleus =  1.7758619760E+01

CP# 4      Coords =  7.16863611757738E+00  7.66671502318284E-01 -8.93246886329441E-01
           Type = (3,-3) NACP N4
           Rho =  1.8290303132E+02     Rho at Nucleus =  1.8290299030E+02
           GradRho =  3.7750536868E-11  6.3268359732E-12 -8.1974199350E-12
           HessRho_EigVals = -1.9304202021E+05 -1.9304092297E+05 -1.9303093228E+05
           HessRho_EigVec1 =  9.1009746414E-01 -3.1367669312E-01 -2.7079427238E-01
           HessRho_EigVec2 =  3.6398327270E-01  2.9272543693E-01  8.8421037981E-01
           HessRho_EigVec3 =  1.9808781626E-01  9.0328220993E-01 -3.8058174717E-01
           DelSqRho = -5.7911387545E+05
           Bond Ellipticity = NA
           V = -1.4481588005E+05
           G =  1.8705594275E+01
           K =  1.4479717446E+05
           L =  1.4477846886E+05
           Vnuc =  3.3958154267E+05
           Ven = -6.2110493534E+07
           Vrep =  6.1965677654E+07
           DelSqV =  1.9411797542E+09
           DelSqVen =  1.9665638328E+11
           DelSqVrep = -1.9471520353E+11
           DelSqG =  1.5303949167E+08
           DelSqK = -2.0942192459E+09
           Stress_EigVals = -4.8273437130E+04 -4.8271338160E+04 -4.8271104762E+04
           Stress_EigVec1 =  1.9937167958E-01  9.0465350078E-01 -3.7663374371E-01
           Stress_EigVec2 =  3.7606562912E-01  2.8428400498E-01  8.8190546381E-01
           Stress_EigVec3 =  9.0488981427E-01 -3.1746597933E-01 -2.8353090836E-01
           -DivStress =  2.3500427465E+03  1.1643928884E+04 -5.1925893062E+03
           ESP =  -1.8349685580E+01     ESP at Nucleus =  -1.8349686775E+01
           ESPe = -3.3475001011E+01     ESPe at Nucleus = -3.3474980281E+01
           ESPn =  1.5125315431E+01     ESPn at Nucleus =  1.5125293506E+01

CP# 5      Coords =  1.42849546396250E-01  2.19254290045993E+00 -8.52400912149257E-01
           Type = (3,-3) NACP C5
           Rho =  1.1245472162E+02     Rho at Nucleus =  1.1245472148E+02
           GradRho =  1.7884591982E-10 -1.2035055652E-10 -3.3692137215E-11
           HessRho_EigVals = -8.6353178552E+04 -8.6353131803E+04 -8.6353067711E+04
           HessRho_EigVec1 =  9.1555462791E-01  4.0196440376E-01 -1.3577238865E-02
           HessRho_EigVec2 =  1.5425817375E-01 -3.1977728532E-01  9.3485127353E-01
           HessRho_EigVec3 = -3.7143524219E-01  8.5800180997E-01  3.5477986831E-01
           DelSqRho = -2.5905937807E+05
           Bond Ellipticity = NA
           V = -6.4776558227E+04
           G =  5.8568555711E+00
           K =  6.4770701372E+04
           L =  6.4764844516E+04
           Vnuc =  3.3832858441E+06
           Ven = -3.8046646776E+08
           Vrep =  3.8040169120E+08
           DelSqV =  6.2856982202E+08
           DelSqVen =  8.7647194317E+11
           DelSqVrep = -8.7584337335E+11
           DelSqG =  4.9794879637E+07
           DelSqK = -6.7836470166E+08
           Stress_EigVals = -2.1592326102E+04 -2.1592241101E+04 -2.1591991025E+04
           Stress_EigVec1 = -6.6536422218E-01  6.3635595224E-01  3.9030956162E-01
           Stress_EigVec2 = -6.8894706285E-01 -7.2477578672E-01  7.2113511806E-03
           Stress_EigVec3 =  2.8747590583E-01 -2.6410445101E-01  9.2065544180E-01
           -DivStress = -2.9090180876E+02  2.0424228326E+02  6.3004693594E+01
           ESP =  -1.4726531172E+01     ESP at Nucleus =  -1.4726531181E+01
           ESPe = -3.5827212509E+01     ESPe at Nucleus = -3.5827212644E+01
           ESPn =  2.1100681337E+01     ESPn at Nucleus =  2.1100681462E+01

CP# 6      Coords =  2.79821201317430E+00  1.89911726538010E+00 -1.76616919607449E+00
           Type = (3,-3) NACP C6
           Rho =  1.1227173596E+02     Rho at Nucleus =  1.1227173589E+02
           GradRho = -7.0423981226E-11 -3.6497519495E-11 -2.2172201452E-11
           HessRho_EigVals = -8.6193395497E+04 -8.6193165332E+04 -8.6192804364E+04
           HessRho_EigVec1 =  5.8540315315E-01 -3.7344683165E-01  7.1961143141E-01
           HessRho_EigVec2 = -7.5390653474E-01  7.5729479954E-02  6.5260246915E-01
           HessRho_EigVec3 =  2.9820812390E-01  9.2455530381E-01  2.3721173041E-01
           DelSqRho = -2.5857936519E+05
           Bond Ellipticity = NA
           V = -6.4656322344E+04
           G =  5.7405228698E+00
           K =  6.4650581821E+04
           L =  6.4644841298E+04
           Vnuc =  4.7543816446E+06
           Ven = -5.3378268064E+08
           Vrep =  5.3371802432E+08
           DelSqV =  6.2739752632E+08
           DelSqVen =  1.2293847777E+12
           DelSqVrep = -1.2287574457E+12
           DelSqG =  4.9689967910E+07
           DelSqK = -6.7708749423E+08
           Stress_EigVals = -2.1552181204E+04 -2.1552110189E+04 -2.1552030951E+04
           Stress_EigVec1 =  3.2103548685E-01  9.2259154132E-01  2.1391835842E-01
           Stress_EigVec2 =  8.3632758158E-01 -1.7018133630E-01 -5.2114728155E-01
           Stress_EigVec3 =  4.4440116165E-01 -3.4621259461E-01  8.2622300068E-01
           -DivStress =  2.2934154606E+02  8.8480743080E+01  7.2865439584E+01
           ESP =  -1.4703925032E+01     ESP at Nucleus =  -1.4703925034E+01
           ESPe = -3.3938541792E+01     ESPe at Nucleus = -3.3938541116E+01
           ESPn =  1.9234616760E+01     ESPn at Nucleus =  1.9234616082E+01

CP# 7      Coords = -1.78987898068938E+00  2.82235998366049E-01 -7.85531813990401E-01
           Type = (3,-3) NACP C7
           Rho =  1.1253724637E+02     Rho at Nucleus =  1.1253724637E+02
           GradRho =  9.3806789908E-12  2.4588602275E-12  1.5359490017E-12
           HessRho_EigVals = -8.6426078880E+04 -8.6425498851E+04 -8.6425276471E+04
           HessRho_EigVec1 =  3.1342536156E-01 -2.7751813371E-01  9.0815649983E-01
           HessRho_EigVec2 =  9.3873418781E-01  2.3489026749E-01 -2.5219969643E-01
           HessRho_EigVec3 = -1.4332713409E-01  9.3156333531E-01  3.3413632687E-01
           DelSqRho = -2.5927685420E+05
           Bond Ellipticity = NA
           V = -6.4830937581E+04
           G =  5.8620152748E+00
           K =  6.4825075566E+04
           L =  6.4819213551E+04
           Vnuc =  2.2508790639E+07
           Ven = -2.5330773177E+09
           Vrep =  2.5330124868E+09
           DelSqV =  6.2910056882E+08
           DelSqVen =  5.8360049172E+12
           DelSqVrep = -5.8353674281E+12
           DelSqG =  4.9842628746E+07
           DelSqK = -6.7894319756E+08
           Stress_EigVals = -2.1610537991E+04 -2.1610394784E+04 -2.1610004806E+04
           Stress_EigVec1 =  9.4431961934E-03  9.5712692238E-01  2.8951490550E-01
           Stress_EigVec2 =  9.5207955521E-01  7.9907968821E-02 -2.9522743279E-01
           Stress_EigVec3 =  3.0570467219E-01 -2.7842911302E-01  9.1050638791E-01
           -DivStress = -5.9050210503E+00 -2.0179960898E+01 -4.9364131453E+01
           ESP =  -1.4729307206E+01     ESP at Nucleus =  -1.4729307206E+01
           ESPe = -3.6439823289E+01     ESPe at Nucleus = -3.6439823123E+01
           ESPn =  2.1710516083E+01     ESPn at Nucleus =  2.1710515917E+01

CP# 8      Coords =  4.66615314952531E+00  8.82684831123252E-01  2.22612922870804E-01
           Type = (3,-3) NACP C8
           Rho =  1.1232078643E+02     Rho at Nucleus =  1.1232078581E+02
           GradRho =  1.8265634779E-09 -8.7761135169E-10 -5.3398145889E-10
           HessRho_EigVals = -8.6238229059E+04 -8.6237560034E+04 -8.6237229571E+04
           HessRho_EigVec1 =  9.1902902221E-01  1.7388285819E-01 -3.5376603562E-01
           HessRho_EigVec2 = -2.7093969741E-01  9.3049939217E-01 -2.4650063192E-01
           HessRho_EigVec3 =  2.8631684669E-01  3.2239049738E-01  9.0226771554E-01
           DelSqRho = -2.5871301866E+05
           Bond Ellipticity = NA
           V = -6.4689690754E+04
           G =  5.7180441092E+00
           K =  6.4683972710E+04
           L =  6.4678254666E+04
           Vnuc =  1.5778815214E+06
           Ven = -1.7722889338E+08
           Vrep =  1.7716420369E+08
           DelSqV =  6.2772417268E+08
           DelSqVen =  4.0821850522E+11
           DelSqVrep = -4.0759078309E+11
           DelSqG =  4.9720134382E+07
           DelSqK = -6.7744430706E+08
           Stress_EigVals = -2.1563340720E+04 -2.1563252816E+04 -2.1563097218E+04
           Stress_EigVec1 =  3.1004032945E-01  2.7491856173E-01  9.1010701488E-01
           Stress_EigVec2 = -2.8127989994E-01  9.4094751652E-01 -1.8841281548E-01
           Stress_EigVec3 =  9.0816111566E-01  1.9757923870E-01 -3.6906074356E-01
           -DivStress = -6.7717999995E+02  3.2359049565E+02  1.9586061213E+02
           ESP =  -1.4674337788E+01     ESP at Nucleus =  -1.4674337850E+01
           ESPe = -3.4267215324E+01     ESPe at Nucleus = -3.4267216927E+01
           ESPn =  1.9592877536E+01     ESPn at Nucleus =  1.9592879076E+01

CP# 9      Coords = -3.96297259161060E+00  1.39433433216389E+00  2.85387961207320E-01
           Type = (3,-3) NACP C9
           Rho =  1.1248814087E+02     Rho at Nucleus =  1.1248813733E+02
           GradRho =  1.3472427659E-11  8.0120163157E-12 -7.2311165335E-13
           HessRho_EigVals = -8.6384117387E+04 -8.6383648063E+04 -8.6382600419E+04
           HessRho_EigVec1 =  1.1921621932E-01  9.5459725693E-01  2.7300470714E-01
           HessRho_EigVec2 =  2.9477697889E-01 -2.9659786677E-01  9.0837009977E-01
           HessRho_EigVec3 =  9.4810021926E-01 -2.7816946248E-02 -3.1675257179E-01
           DelSqRho = -2.5915036587E+05
           Bond Ellipticity = NA
           V = -6.4799261203E+04
           G =  5.8348677788E+00
           K =  6.4793426335E+04
           L =  6.4787591467E+04
           Vnuc =  6.6284008225E+05
           Ven = -7.4561648547E+07
           Vrep =  7.4496849286E+07
           DelSqV =  6.2879194663E+08
           DelSqVen =  1.7177524979E+11
           DelSqVrep = -1.7114645797E+11
           DelSqG =  4.9815571119E+07
           DelSqK = -6.7860751775E+08
           Stress_EigVals = -2.1600107016E+04 -2.1599645028E+04 -2.1599509159E+04
           Stress_EigVec1 =  9.5231766973E-01  4.9553820778E-02 -3.0105726162E-01
           Stress_EigVec2 =  3.1928204208E-02  9.6511972953E-01  2.5985476223E-01
           Stress_EigVec3 =  3.0343309922E-01 -2.5707649936E-01  9.1751840732E-01
           -DivStress =  7.8232617389E+00 -1.7638674500E+03 -5.4298254698E+02
           ESP =  -1.4689692205E+01     ESP at Nucleus =  -1.4689692420E+01
           ESPe = -3.5058310130E+01     ESPe at Nucleus = -3.5058313943E+01
           ESPn =  2.0368617924E+01     ESPn at Nucleus =  2.0368621522E+01

CP# 10     Coords = -9.13459024700076E-01  4.32010864627486E+00  1.43524864673692E-01
           Type = (3,-3) NACP C10
           Rho =  1.1246906049E+02     Rho at Nucleus =  1.1246905650E+02
           GradRho =  2.9584242315E-12 -4.0721822578E-12  8.7819477884E-13
           HessRho_EigVals = -8.6366247829E+04 -8.6365496269E+04 -8.6364875878E+04
           HessRho_EigVec1 =  9.4628109023E-01  1.9353900364E-01 -2.5902654757E-01
           HessRho_EigVec2 =  3.0140482011E-01 -2.3790713104E-01  9.2333922879E-01
           HessRho_EigVec3 = -1.1707789157E-01  9.5181030204E-01  2.8346060791E-01
           DelSqRho = -2.5909661998E+05
           Bond Ellipticity = NA
           V = -6.4785622495E+04
           G =  5.7337506213E+00
           K =  6.4779888745E+04
           L =  6.4774154994E+04
           Vnuc =  6.2434538485E+05
           Ven = -7.0219538856E+07
           Vrep =  7.0154753233E+07
           DelSqV =  6.2865929511E+08
           DelSqVen =  1.6176577888E+11
           DelSqVrep = -1.6113711958E+11
           DelSqG =  4.9802835605E+07
           DelSqK = -6.7846213071E+08
           Stress_EigVals = -2.1595511879E+04 -2.1595077562E+04 -2.1595033054E+04
           Stress_EigVec1 = -1.4059928166E-01  9.3903458144E-01  3.1376089122E-01
           Stress_EigVec2 = -9.4071463132E-01 -2.2551223465E-01  2.5337761235E-01
           Stress_EigVec3 =  3.0868725988E-01 -2.5953475082E-01  9.1507042827E-01
           -DivStress =  1.5975650145E+03 -8.0437233423E+02 -7.9527747568E+02
           ESP =  -1.4686534768E+01     ESP at Nucleus =  -1.4686534987E+01
           ESPe = -3.3356437518E+01     ESPe at Nucleus = -3.3356443642E+01
           ESPn =  1.8669902751E+01     ESPn at Nucleus =  1.8669908655E+01

CP# 11     Coords = -1.88120035209770E+00 -2.25609413750553E+00 -1.53165368417713E+00
           Type = (3,-3) NACP C11
           Rho =  1.1248553361E+02     Rho at Nucleus =  1.1248553332E+02
           GradRho =  6.6762393598E-10  1.4761852893E-10 -1.5662743497E-10
           HessRho_EigVals = -8.6380060930E+04 -8.6379063688E+04 -8.6378911611E+04
           HessRho_EigVec1 =  2.8664403432E-01 -2.7276955284E-01  9.1838552288E-01
           HessRho_EigVec2 = -2.0190375757E-01  9.1988211499E-01  3.3623171653E-01
           HessRho_EigVec3 =  9.3652019213E-01  2.8180430366E-01 -2.0860552287E-01
           DelSqRho = -2.5913803623E+05
           Bond Ellipticity = NA
           V = -6.4796012034E+04
           G =  5.7514881915E+00
           K =  6.4790260546E+04
           L =  6.4784509058E+04
           Vnuc =  2.3145257118E+06
           Ven = -2.6035065975E+08
           Vrep =  2.6028586374E+08
           DelSqV =  6.2876028270E+08
           DelSqVen =  5.9978160128E+11
           DelSqVrep = -5.9915284919E+11
           DelSqG =  4.9811482984E+07
           DelSqK = -6.7857176568E+08
           Stress_EigVals = -2.1598896164E+04 -2.1598811838E+04 -2.1598304033E+04
           Stress_EigVec1 =  7.8530942701E-01  6.1530839037E-01 -6.8444784879E-02
           Stress_EigVec2 = -5.4436802711E-01  7.3893441014E-01  3.9703827090E-01
           Stress_EigVec3 =  2.9487718613E-01 -2.7453874451E-01  9.1524637277E-01
           -DivStress = -4.9717185490E+02 -1.2145837705E+02  1.2350595518E+02
           ESP =  -1.4724424026E+01     ESP at Nucleus =  -1.4724424028E+01
           ESPe = -3.4143946905E+01     ESPe at Nucleus = -3.4143947434E+01
           ESPn =  1.9419522879E+01     ESPn at Nucleus =  1.9419523406E+01

CP# 12     Coords = -6.20409533012243E+00  5.34737545561982E-02  6.32446083092390E-01
           Type = (3,-3) NACP C12
           Rho =  1.1246692708E+02     Rho at Nucleus =  1.1246692652E+02
           GradRho = -4.0529255552E-10  1.6580605476E-09  6.5376219215E-10
           HessRho_EigVals = -8.6362312072E+04 -8.6361834696E+04 -8.6361559705E+04
           HessRho_EigVec1 =  3.0327920878E-01 -2.8398436797E-01  9.0960134139E-01
           HessRho_EigVec2 =  9.5093933434E-01  1.5142733248E-01 -2.6978536909E-01
           HessRho_EigVec3 = -6.1123677216E-02  9.4679598738E-01  3.1597666743E-01
           DelSqRho = -2.5908570647E+05
           Bond Ellipticity = NA
           V = -6.4782999904E+04
           G =  5.7866430511E+00
           K =  6.4777213261E+04
           L =  6.4771426618E+04
           Vnuc =  1.6698395679E+06
           Ven = -1.8780172491E+08
           Vrep =  1.8773694191E+08
           DelSqV =  6.2863252863E+08
           DelSqVen =  4.3263154995E+11
           DelSqVrep = -4.3200291742E+11
           DelSqG =  4.9799266095E+07
           DelSqK = -6.7843179473E+08
           Stress_EigVals = -2.1594541552E+04 -2.1594417328E+04 -2.1594041024E+04
           Stress_EigVec1 =  1.3678754987E-01  9.5905507162E-01  2.4799704795E-01
           Stress_EigVec2 =  9.4222909799E-01 -4.8689711673E-02 -3.3141158531E-01
           Stress_EigVec3 =  3.0576705693E-01 -2.7900301355E-01  9.1030974142E-01
           -DivStress =  1.6698388130E+02 -6.6183881475E+02 -2.6101808844E+02
           ESP =  -1.4717080428E+01     ESP at Nucleus =  -1.4717080441E+01
           ESPe = -3.2005337092E+01     ESPe at Nucleus = -3.2005340451E+01
           ESPn =  1.7288256664E+01     ESPn at Nucleus =  1.7288260009E+01

CP# 13     Coords =  3.73990068919749E+00 -1.68516580063768E+00  1.11749102318082E+00
           Type = (3,-3) NACP C13
           Rho =  1.1268537360E+02     Rho at Nucleus =  1.1268536854E+02
           GradRho =  1.7278711026E-11 -9.0707485181E-12  6.3618471264E-12
           HessRho_EigVals = -8.6559795736E+04 -8.6558576829E+04 -8.6556988370E+04
           HessRho_EigVec1 =  8.2879030458E-01 -1.4812036825E-01  5.3959891358E-01
           HessRho_EigVec2 = -5.2357306346E-01  1.3496300423E-01  8.4122305883E-01
           HessRho_EigVec3 =  1.9742815971E-01  9.7971697137E-01 -3.4304194417E-02
           DelSqRho = -2.5967536094E+05
           Bond Ellipticity = NA
           V = -6.4929837264E+04
           G =  5.4985150252E+00
           K =  6.4924338749E+04
           L =  6.4918840234E+04
           Vnuc =  5.5492838172E+05
           Ven = -6.2532312016E+07
           Vrep =  6.2467382179E+07
           DelSqV =  6.3007056511E+08
           DelSqVen =  1.4410122803E+11
           DelSqVrep = -1.4347115747E+11
           DelSqG =  4.9931332946E+07
           DelSqK = -6.8000189806E+08
           Stress_EigVals = -2.1643825793E+04 -2.1643287414E+04 -2.1642724057E+04
           Stress_EigVec1 =  9.9935482798E-02  9.8879178414E-01  1.1092207574E-01
           Stress_EigVec2 = -5.3770630246E-01 -4.0129828273E-02  8.4217666150E-01
           Stress_EigVec3 =  8.3718864754E-01 -1.4380683048E-01  5.2766918040E-01
           -DivStress =  1.1789719740E+03  9.4513577783E+02 -1.6095937194E+03
           ESP =  -1.4598582778E+01     ESP at Nucleus =  -1.4598583049E+01
           ESPe = -3.5271613223E+01     ESPe at Nucleus = -3.5271613512E+01
           ESPn =  2.0673030445E+01     ESPn at Nucleus =  2.0673030463E+01

CP# 14     Coords = -4.09459179600847E+00 -3.58975064558935E+00 -1.18815338818663E+00
           Type = (3,-3) NACP C14
           Rho =  1.1249742165E+02     Rho at Nucleus =  1.1249742136E+02
           GradRho = -1.7314654895E-10 -6.7585622692E-10 -1.0985476384E-10
           HessRho_EigVals = -8.6388900543E+04 -8.6388069466E+04 -8.6387962231E+04
           HessRho_EigVec1 =  3.1572409179E-01 -2.7222189695E-01  9.0896289071E-01
           HessRho_EigVec2 = -4.2088799679E-01  8.1838100994E-01  3.9128738381E-01
           HessRho_EigVec3 = -8.5039496237E-01 -5.0611042410E-01  1.4380767221E-01
           DelSqRho = -2.5916493224E+05
           Bond Ellipticity = NA
           V = -6.4802723796E+04
           G =  5.7453679608E+00
           K =  6.4796978428E+04
           L =  6.4791233060E+04
           Vnuc =  2.2883372078E+06
           Ven = -2.5743203575E+08
           Vrep =  2.5736723303E+08
           DelSqV =  6.2882532833E+08
           DelSqVen =  5.9305674342E+11
           DelSqVrep = -5.9242791810E+11
           DelSqG =  4.9816280559E+07
           DelSqK = -6.7864160889E+08
           Stress_EigVals = -2.1601118854E+04 -2.1601032121E+04 -2.1600572821E+04
           Stress_EigVec1 =  9.3465247271E-01  2.6199040795E-01 -2.4038673298E-01
           Stress_EigVec2 = -1.7197078429E-01  9.2482604335E-01  3.3929756687E-01
           Stress_EigVec3 =  3.1120861910E-01 -2.7578581486E-01  9.0944564418E-01
           -DivStress =  1.3374032165E+02  5.0960700923E+02  8.2869773717E+01
           ESP =  -1.4728722519E+01     ESP at Nucleus =  -1.4728722521E+01
           ESPe = -3.1974668819E+01     ESPe at Nucleus = -3.1974673911E+01
           ESPn =  1.7245946299E+01     ESPn at Nucleus =  1.7245951390E+01

CP# 15     Coords = -6.23632621639968E+00 -2.44378075633657E+00 -1.14327415016405E-01
           Type = (3,-3) NACP C15
           Rho =  1.1250581704E+02     Rho at Nucleus =  1.1250581672E+02
           GradRho = -6.7579993516E-10 -3.4618476659E-10  1.3918652980E-10
           HessRho_EigVals = -8.6396427043E+04 -8.6395478688E+04 -8.6395423662E+04
           HessRho_EigVec1 =  3.1172964163E-01 -2.7933137568E-01  9.0818423962E-01
