AIMSum (Version 17.01.25, Professional)
Copyright (c) 1997-2017 by Todd A. Keith
AIMSum is a component of the AIMAll package ( http://aim.tkgristmill.com )

TP:  64-bit Linux

Licensed To:  Research Group of Fernando Cortes Guzman, UNAM, fercor@unam.mx

Much of the Quantum Theory of Atoms in Molecules (QTAIM) is described in the book:
  "Atoms in Molecules - A Quantum Theory"
  R.F.W. Bader, Oxford University Press, Oxford, 1990

For additional references see:  http://aim.tkgristmill.com/references.html

Wfn File:  /home/alejandro/wd/aimqb_inps/tryptophan_pbepbe_def2QZVP.wfn
Sum File:  /home/alejandro/wd/aimqb_inps/tryptophan_pbepbe_def2QZVP.sum

SumViz File:  /home/alejandro/wd/aimqb_inps/tryptophan_pbepbe_def2QZVP.sumviz

Wfn Title:   opt tryptophan M062X def2TZVP                                                 
 
Total memory allocated for AIMSum =        2.070 Megabytes

Atomic units (a.u.) used throughout, except where stated otherwise

Model:  Restricted SCF
 
Restricted, closed-shell, single-determinant wavefunction.
  Number of electrons (from MO Occs)                   =         108.0000000000
  Number of Alpha electrons (from MO Occs)             =          54.0000000000
  Number of Beta electrons (from MO Occs)              =          54.0000000000
  Number of electron pairs (N*(N-1)/2)                 =        5778.0000000000
  Number of electron pairs (from Muller 2EDM)          =        5778.0000000000
 
Nuclear Charges and Cartesian Coordinates:
-------------------------------------------------------------------------------
Atom      Charge                X                  Y                  Z
-------------------------------------------------------------------------------
O1         8.0           2.4251840500E+00  -1.5723826200E+00   3.2757285000E+00
O2         8.0           4.1045662600E+00  -3.6221227500E+00  -1.0592240000E-02
N3         7.0          -3.3741497600E+00   3.8577509800E+00   8.3682038000E-01
N4         7.0           7.1686398500E+00   7.6669002000E-01  -8.9325514000E-01
C5         6.0           1.4284812000E-01   2.1925439100E+00  -8.5240061000E-01
C6         6.0           2.7982131400E+00   1.8991177000E+00  -1.7661688300E+00
C7         6.0          -1.7898790100E+00   2.8223590000E-01  -7.8553206000E-01
C8         6.0           4.6661498300E+00   8.8268642000E-01   2.2261388000E-01
C9         6.0          -3.9629725600E+00   1.3943256800E+00   2.8538530000E-01
C10        6.0          -9.1345118000E-01   4.3201047000E+00   1.4352096000E-01
C11        6.0          -1.8812028000E+00  -2.2560947400E+00  -1.5316530800E+00
C12        6.0          -6.2040945100E+00   5.3470500000E-02   6.3244480000E-01
C13        6.0           3.7399064700E+00  -1.6851611800E+00   1.1174831400E+00
C14        6.0          -4.0945911400E+00  -3.5897481400E+00  -1.1881529800E+00
C15        6.0          -6.2363238500E+00  -2.4437795500E+00  -1.1432790000E-01
H16        1.0           2.8514097300E+00   6.1256916000E-01  -3.3851247600E+00
H17        1.0           3.5572670200E+00   3.7053548400E+00  -2.4038938500E+00
H18        1.0           4.6877811700E+00   2.1681782600E+00   1.8330997000E+00
H19        1.0          -9.0757900000E-02   6.1656681600E+00   4.0890146000E-01
H20        1.0          -4.5621072800E+00   5.1332902300E+00   1.5839643400E+00
H21        1.0          -2.3795342000E-01  -3.1600875300E+00  -2.3524980900E+00
H22        1.0          -7.8559067000E+00   9.3592665000E-01   1.4562309600E+00
H23        1.0          -4.1933731900E+00  -5.5510089800E+00  -1.7578025500E+00
H24        1.0           7.1902901700E+00  -6.1016146000E-01  -2.2303872800E+00
H25        1.0           8.4708649900E+00   2.6936627000E-01   4.1984602000E-01
H26        1.0          -7.9447136900E+00  -3.5414336500E+00   1.2732749000E-01
H27        1.0           1.7401510200E+00  -3.2409132600E+00   3.5950140900E+00
 
Some Atomic Properties:
----------------------
  q(A) = Net Charge of Atom A
  L(A) = Lagrangian of Atom A = -(1/4) Times Atomic Integral of the Laplacian of the Electron Density
  K(A) = Electronic Kinetic Energy of Atom A (Hamiltonian Form)
  K_Scaled(A) = K(A) * E(Mol)/K(Mol) = Approximation to Virial-Based Total Energy of Atom A.
  |Mu_Intra(A)| = Magnitude of Intraatomic Dipole Moment of Atom A
--------------------------------------------------------------------------------------------------
Atom A          q(A)              L(A)              K(A)          K_Scaled(A)      |Mu_Intra(A)|
--------------------------------------------------------------------------------------------------
O1       -1.1055141377E+00  7.1047922800E-04  7.5568546661E+01 -7.5850660671E+01  2.5174499170E-01
O2       -1.1751159353E+00  2.5887360646E-06  7.5646889792E+01 -7.5929296273E+01  4.4371756100E-01
N3       -1.1534659258E+00  6.4929547586E-05  5.5152212897E+01 -5.5358108241E+01  5.8648062122E-03
N4       -9.8072574580E-01 -3.4289429401E-04  5.4866445684E+01 -5.5071274196E+01  2.8103938600E-01
C5       -1.6856435500E-02  1.3131580574E-04  3.7912570231E+01 -3.8054106196E+01  1.3364979467E-01
C6        7.7842447000E-02 -8.4352772241E-04  3.7811091212E+01 -3.7952248334E+01  4.6282059080E-02
C7       -2.0814395800E-02 -1.5974727318E-04  3.7957276304E+01 -3.8098979167E+01  1.4174648406E-01
C8        3.7559222000E-01  7.4063995280E-05  3.7676101848E+01 -3.7816755025E+01  3.6968120383E-01
C9        3.6635425830E-01 -3.8513073809E-04  3.7745467674E+01 -3.7886379809E+01  5.8088987896E-01
C10       3.5359481320E-01  2.8753927910E-04  3.7688087887E+01 -3.7828785810E+01  6.5467064917E-01
C11      -1.3445357300E-02  9.3137002001E-05  3.7887711863E+01 -3.8029155026E+01  1.2139154190E-01
C12      -5.1653278000E-03 -1.1006977552E-04  3.7879562452E+01 -3.8020975192E+01  1.4592124912E-01
C13       1.5305176158E+00  6.1784223400E-05  3.6979488202E+01 -3.7117540767E+01  8.2217670237E-01
C14      -1.3579682300E-02  5.0865546125E-05  3.7879608816E+01 -3.8021021730E+01  1.0188136056E-01
C15      -7.3676420000E-03 -7.2083449315E-05  3.7877565082E+01 -3.8018970365E+01  1.0588920452E-01
H16      -1.6443505000E-03  3.4948496116E-05  6.2759710094E-01 -6.2994005899E-01  1.4049438434E-01
H17       9.4855648500E-03  2.7054457543E-05  6.2473244037E-01 -6.2706470401E-01  1.4269476891E-01
H18       1.1947968910E-02  3.8147143401E-05  6.3106591533E-01 -6.3342182323E-01  1.3747792364E-01
H19       3.3410464970E-02  2.1374039907E-05  6.0708820097E-01 -6.0935459478E-01  1.3521128257E-01
H20       4.1514827751E-01  1.8917400957E-05  4.5848685885E-01 -4.6019849116E-01  1.7121568839E-01
H21       2.5924555480E-02  2.0625602532E-05  6.1479425062E-01 -6.1708941282E-01  1.2409837319E-01
H22       3.4622779900E-03  2.0277225053E-05  6.1977825580E-01 -6.2209202438E-01  1.4030989150E-01
H23       2.3602003500E-03  2.3585929066E-05  6.2334565811E-01 -6.2567274458E-01  1.3914174623E-01
H24       3.5440329634E-01  3.5094213127E-05  4.8806359473E-01 -4.8988564351E-01  1.8963907252E-01
H25       3.4004491822E-01  3.0539230310E-05  4.9614828152E-01 -4.9800051220E-01  1.9558187330E-01
H26       2.5014450400E-03  2.5092253191E-05  6.2340213681E-01 -6.2572943414E-01  1.3886454693E-01
H27       5.9098537274E-01  3.4185391006E-05  3.6137770909E-01 -3.6272681158E-01  1.6525941416E-01
--------------------------------------------------------------------------------------------------
Total    -1.1923910000E-04 -1.0690850702E-04  6.8330450701E+02 -6.8585543306E+02
 
Molecular charge q(Mol) from the wfn file:   0.0000000000E+00
Molecular energy E(Mol) from the wfn file:  -6.8585533031E+02
Molecular virial ratio (-V(Mol)/T(Mol)) from the wfn file:   2.0037332200E+00
Note.  K_Scaled(A) = (1+V(Mol)/T(Mol))*K(A) = (E(Mol)/T(Mol))*K(A)
       Only use K_Scaled(A) data with caution.
 
N_AIMInt(SumA)     =        108.000119
N_Analytic(Mol)    =        107.999986
 
G_AIMInt(SumA)     =        683.304614
G_Analytic(Mol)    =        683.304392
 
K_AIMInt(SumA)     =        683.304507
K_Analytic(Mol)    =        683.304392
 
L_AIMInt(SumA)     =         -0.000107
L_Analytic(Mol)    =          0.000000
 
VenT_AIMInt(SumA)  =      -3576.845224
VenT_Analytic(Mol) =      -3576.841312
 
Some Information About the Atomic Calculations:
----------------------------------------------
  Time(sec) = "Elapsed User Time", in Seconds, for Atom A by AIMInt and, if used, by TWOe
  NProc = Number of Processors Used for AIMInt Job
  BIM = Basin Integration Method
  OAQ = Angular Quadrature Outside of Beta Sphere
  ORQ = Multiple of Default for Radial Quadrature Outside of Beta Sphere
  IAQ = Multiple of Default for Angular Quadrature Inside of Beta Sphere
  IRQ = Multiple of Default for Radial Quadrature Inside of Beta Sphere
  MIR = Maximum Integration Radius
------------------------------------------------------------------------------------------------------
Atom A     Time(sec)   NProc      BIM              OAQ                 ORQ      IAQ      IRQ      MIR
------------------------------------------------------------------------------------------------------
O1            370       16    Promega(1)    4334      (Very High)      1.00     1.00     1.00    13.00
O2            168       16     Proaim(5)    4334      (Very High)      1.00     1.00     1.00    13.00
N3            131       16     Proaim(5)    4334      (Very High)      1.00     1.00     1.00    13.00
N4            168       16     Proaim(5)    4334      (Very High)      1.00     1.00     1.00    13.00
C5            263       16     Proaim(5)    4334      (Very High)      1.00     1.00     1.00    13.00
C6            241       16     Proaim(5)    4334      (Very High)      1.00     1.00     1.00    13.00
C7            245       16     Proaim(5)    4334      (Very High)      1.00     1.00     1.00    13.00
C8            259       16     Proaim(5)    4334      (Very High)      1.00     1.00     1.00    13.00
C9            115       16     Proaim(5)    4334      (Very High)      1.00     1.00     1.00    13.00
C10           134       16     Proaim(5)    4334      (Very High)      1.00     1.00     1.00    13.00
C11           177       16     Proaim(5)    4334      (Very High)      1.00     1.00     1.00    13.00
C12           188       16     Proaim(5)    4334      (Very High)      1.00     1.00     1.00    13.00
C13           399       16     Proaim(5)    4334      (Very High)      1.00     1.00     1.00    13.00
C14           138       16     Proaim(5)    4334      (Very High)      1.00     1.00     1.00    13.00
C15           166       16     Proaim(5)    4334      (Very High)      1.00     1.00     1.00    13.00
H16            84       16     Proaim(5)    2030      (Very High)      1.00     1.00     1.00    13.00
H17           107       16     Proaim(5)    2030      (Very High)      1.00     1.00     1.00    13.00
H18           108       16     Proaim(5)    2030      (Very High)      1.00     1.00     1.00    13.00
H19           110       16     Proaim(5)    2030      (Very High)      1.00     1.00     1.00    13.00
H20            71       16     Proaim(5)    2030      (Very High)      1.00     1.00     1.00    13.00
H21           185       16     Proaim(5)    4334      (Very High)      1.00     1.00     1.00    13.00
H22           103       16     Proaim(5)    2030      (Very High)      1.00     1.00     1.00    13.00
H23            97       16     Proaim(5)    2030      (Very High)      1.00     1.00     1.00    13.00
H24            91       16     Proaim(5)    2030      (Very High)      1.00     1.00     1.00    13.00
H25            88       16     Proaim(5)    2030      (Very High)      1.00     1.00     1.00    13.00
H26           107       16     Proaim(5)    2030      (Very High)      1.00     1.00     1.00    13.00
H27            85       16     Proaim(5)    2030      (Very High)      1.00     1.00     1.00    13.00
------------------------------------------------------------------------------------------------------
Total        4398
Note:  Total wall clock time is less than total of atomic times if more than one atom
       was calculated at a time
 
Electron Density Critical Point Analysis of Molecular Structure:               
---------------------------------------------------------------                
  NACP = Nuclear Attractor Critical Point                                      
  NNACP = Non-Nuclear Attractor Critical Point                                 
  BCP = Bond Critical Point                                                    
  RCP = Ring Critical Point                                                    
  CCP = Cage Critical Point                                                    
  Rho = Electron Density                                                       
  GradRho = Gradient of Electron Density                                       
  HessRho_EigVals = Eigenvalues of the Hessian of Rho, Ascending Order         
  HessRho_EigVecs = Eigenvectors of the Hessian of Rho                         
  DelSqRho = Laplacian of Rho = Trace of Hessian of Rho                        
  Bond Ellipticity = (HessRho_EigVal(1) / HessRho_EigVal(2)) - 1               
  V = Virial Field = Potential Energy Density = Trace of Stress Tensor         
  G = Lagrangian Form of Kinetic Energy Density                                
  K = Hamiltonian Form of Kinetic Energy Density                               
  L = K - G = Lagrangian Density = (-1/4)DelSqRho                              
  Vnuc = Electrostatic Potential from Nuclei                                   
  Ven = Electron-nuclear attractive contribution to Virial Field V             
  Vrep = V - Ven = Repulsive contribution to Virial Field V                    
  DelSqV = Laplacian of V                                                      
  DelSqVen = Laplacian of Ven                                                  
  DelSqVrep = Laplacian of Vrep                                                
  DelSqG = Laplacian of G                                                      
  DelSqK = Laplacian of K                                                      
  Stress_EigVals = Eigenvalues of Stress Tensor, Ascending Order               
  Stress_EigVecs = Eigenvectors of Stress Tensor                               
  -DivStress = Ehrenfest Force Density = Minus Divergence of Stress Tensor     
  ESP = Total Electrostatic Potential                                          
  ESPe = Electrostatic Potential from Electrons                                
  ESPn = Electrostatic Potential from Nuclei                                   
  BP = Bond Path                                                               
  BPL = Bond Path Length                                                       
  GBL = Geometric Bond Length                                                  
  GBL_I = Distance Between Nuclear Attractors                                  
  GBL_II = Distance Between Nuclei                                             
  GBL_III = Sum of Distances Between BCP and Nuclear Attractors                
  GBL_IV = Sum of Distances Between BCP and Nuclei                             

CP# 1      Coords =  2.42518442164630E+00 -1.57238499109280E+00  3.27572692481596E+00
           Type = (3,-3) NACP O1
           Rho =  3.0769159416E+02     Rho at Nucleus =  3.0769158088E+02
           GradRho =  1.6433213124E-10  7.3015926638E-11  4.4004205141E-10
           HessRho_EigVals = -3.2240395632E+06 -3.2240075777E+06 -3.2240027697E+06
           HessRho_EigVec1 = -5.5412035675E-01 -5.3367853208E-01  6.3885667769E-01
           HessRho_EigVec2 =  1.4001014105E-02  7.6137028674E-01  6.4816607291E-01
           HessRho_EigVec3 =  8.3231881021E-01 -3.6810665691E-01  4.1441873425E-01
           DelSqRho = -9.6720499105E+06
           Bond Ellipticity = NA
           V = -2.4181964125E+06
           G =  9.1967452730E+01
           K =  2.4181044451E+06
           L =  2.4180124776E+06
           Vnuc =  2.7867111320E+06
           Ven = -8.5744759069E+08
           Vrep =  8.5502939428E+08
           DelSqV =  1.9922128636E+12
           DelSqVen =  2.6953209166E+13
           DelSqVrep = -2.4960996280E+13
           DelSqG =  2.5338167106E+10
           DelSqK = -2.0175510307E+12
           Stress_EigVals = -8.0606949814E+05 -8.0606617370E+05 -8.0606074070E+05
           Stress_EigVec1 =  8.2810654657E-01 -2.7271943328E-01  4.8975877556E-01
           Stress_EigVec2 = -8.8780422713E-02  7.9884655786E-01  5.9494723593E-01
           Stress_EigVec3 =  5.5349578506E-01  5.3616069206E-01 -6.3731791770E-01
           -DivStress = -2.4515883552E+05  1.5641442603E+06  1.0391121682E+06
           ESP =  -2.2302046171E+01     ESP at Nucleus =  -2.2302046241E+01
           ESPe = -3.9253850008E+01     ESPe at Nucleus = -3.9253846982E+01
           ESPn =  1.6951803837E+01     ESPn at Nucleus =  1.6951800742E+01

CP# 2      Coords =  4.10456574925843E+00 -3.62212032071042E+00 -1.05907861206410E-02
           Type = (3,-3) NACP O2
           Rho =  3.0787523585E+02     Rho at Nucleus =  3.0787522250E+02
           GradRho =  1.0084505973E-09  1.4501280211E-10  1.8154154395E-12
           HessRho_EigVals = -3.2259434756E+06 -3.2259354751E+06 -3.2259112887E+06
           HessRho_EigVec1 =  8.3645497755E-01 -1.3904937446E-01  5.3010219957E-01
           HessRho_EigVec2 = -1.6703796593E-01  8.5656635341E-01  4.8825444202E-01
           HessRho_EigVec3 = -5.2195918276E-01 -4.9695005149E-01  6.9325266524E-01
           DelSqRho = -9.6777902394E+06
           Bond Ellipticity = NA
           V = -2.4196303280E+06
           G =  9.1384056311E+01
           K =  2.4195389439E+06
           L =  2.4194475598E+06
           Vnuc =  2.7808685186E+06
           Ven = -8.5616055103E+08
           Vrep =  8.5374092070E+08
           DelSqV =  1.9933927633E+12
           DelSqVen =  2.6912662204E+13
           DelSqVrep = -2.4919269449E+13
           DelSqG =  2.5353109835E+10
           DelSqK = -2.0187458731E+12
           Stress_EigVals = -8.0654877945E+05 -8.0654077559E+05 -8.0654077291E+05
           Stress_EigVec1 = -5.2087937442E-01 -5.0178758103E-01  6.9057505083E-01
           Stress_EigVec2 = -4.2162236116E-01  8.5465191585E-01  3.0299288325E-01
           Stress_EigVec3 =  7.4223935619E-01  1.3333914001E-01  6.5673541999E-01
           -DivStress =  3.3712213526E+05 -1.6034989769E+06 -9.5965012446E+05
           ESP =  -2.2364981355E+01     ESP at Nucleus =  -2.2364981427E+01
           ESPe = -3.8671676653E+01     ESPe at Nucleus = -3.8671669449E+01
           ESPn =  1.6306695298E+01     ESPn at Nucleus =  1.6306688022E+01

CP# 3      Coords = -3.37414978606254E+00  3.85775101282100E+00  8.36820340700297E-01
           Type = (3,-3) NACP N3
           Rho =  2.0238264595E+02     Rho at Nucleus =  2.0238264595E+02
           GradRho = -6.9790791202E-11 -1.1444288399E-10 -9.0366464311E-11
           HessRho_EigVals = -1.6393706535E+06 -1.6393705767E+06 -1.6393581721E+06
           HessRho_EigVec1 =  5.3628843585E-01  8.4116721056E-01  6.9515735278E-02
           HessRho_EigVec2 =  7.8923856571E-01 -4.7057570074E-01 -3.9453896673E-01
           HessRho_EigVec3 =  2.9916082626E-01 -2.6645118455E-01  9.1624590929E-01
           DelSqRho = -4.9180994023E+06
           Bond Ellipticity = NA
           V = -1.2295957648E+06
           G =  3.5457115654E+01
           K =  1.2295603077E+06
           L =  1.2295248506E+06
           Vnuc =  1.2183701836E+08
           Ven = -2.4657698151E+10
           Vrep =  2.4656468556E+10
           DelSqV =  7.8917111786E+11
           DelSqVen =  5.9920591985E+14
           DelSqVrep = -5.9841674873E+14
           DelSqG =  9.9601598612E+09
           DelSqK = -7.9913127773E+11
           Stress_EigVals = -4.0986699791E+05 -4.0986445468E+05 -4.0986431223E+05
           Stress_EigVec1 =  2.9894273710E-01 -2.6617081009E-01  9.1639857038E-01
           Stress_EigVec2 =  6.5931745950E-01 -6.3663699677E-01 -3.9999227735E-01
           Stress_EigVec3 =  6.8987950218E-01  7.2377236352E-01 -1.4826944055E-02
           -DivStress =  6.8006392397E+03 -8.5657956587E+03  1.0275661614E+04
           ESP =  -1.8332847196E+01     ESP at Nucleus =  -1.8332847196E+01
           ESPe = -3.6091466897E+01     ESPe at Nucleus = -3.6091466956E+01
           ESPn =  1.7758619701E+01     ESPn at Nucleus =  1.7758619760E+01

CP# 4      Coords =  7.16863901806805E+00  7.66687420725148E-01 -8.93253835892943E-01
           Type = (3,-3) NACP N4
           Rho =  2.0262739692E+02     Rho at Nucleus =  2.0262738941E+02
           GradRho =  7.2290112785E-10  8.5826679097E-11  2.1262464012E-11
           HessRho_EigVals = -1.6413683114E+06 -1.6413656202E+06 -1.6413481962E+06
           HessRho_EigVec1 =  9.1203092557E-01 -3.0751057151E-01 -2.7136108639E-01
           HessRho_EigVec2 =  3.6159189511E-01  2.9071013815E-01  8.8585490740E-01
           HessRho_EigVec3 =  1.9352232994E-01  9.0604904061E-01 -3.7632996669E-01
           DelSqRho = -4.9240821278E+06
           Bond Ellipticity = NA
           V = -1.2310898384E+06
           G =  3.4653201346E+01
           K =  1.2310551852E+06
           L =  1.2310205320E+06
           Vnuc =  2.3142656869E+06
           Ven = -4.6893363191E+08
           Vrep =  4.6770254207E+08
           DelSqV =  7.9012858602E+11
           DelSqVen =  1.1395634287E+13
           DelSqVrep = -1.0605505696E+13
           DelSqG =  9.9723364177E+09
           DelSqK = -8.0010092243E+11
           Stress_EigVals = -4.1036555869E+05 -4.1036251260E+05 -4.1036176707E+05
           Stress_EigVec1 =  1.6429215031E-01  9.2069598081E-01 -3.5401553677E-01
           Stress_EigVec2 =  3.7531275023E-01  2.7355340513E-01  8.8561214651E-01
           Stress_EigVec3 =  9.1222169940E-01 -2.7836566862E-01 -3.0060626353E-01
           -DivStress =  2.1766724001E+05  6.8006555919E+05 -3.4120162934E+05
           ESP =  -1.8397670752E+01     ESP at Nucleus =  -1.8397670805E+01
           ESPe = -3.3522968027E+01     ESPe at Nucleus = -3.3522964311E+01
           ESPn =  1.5125297275E+01     ESPn at Nucleus =  1.5125293506E+01

CP# 5      Coords =  1.42848441414249E-01  2.19254366434374E+00 -8.52400767847357E-01
           Type = (3,-3) NACP C5
           Rho =  1.2502918106E+02     Rho at Nucleus =  1.2502918099E+02
           GradRho =  1.9898806873E-09 -1.5903305131E-09 -1.0190337532E-09
           HessRho_EigVals = -7.4697888345E+05 -7.4697836429E+05 -7.4697777532E+05
           HessRho_EigVec1 =  3.1159997060E-01 -2.4772180306E-01  9.1735454793E-01
           HessRho_EigVec2 =  9.0355404795E-01  3.7605326486E-01 -2.0536315254E-01
           HessRho_EigVec3 = -2.9410124235E-01  8.9287056749E-01  3.4100822419E-01
           DelSqRho = -2.2409350231E+06
           Bond Ellipticity = NA
           V = -5.6025556373E+05
           G =  1.0903982007E+01
           K =  5.6024465975E+05
           L =  5.6023375576E+05
           Vnuc =  1.3817062492E+07
           Ven = -1.7275360080E+09
           Vrep =  1.7269757524E+09
           DelSqV =  2.6565560083E+11
           DelSqVen =  3.0963140657E+13
           DelSqVrep = -3.0697484008E+13
           DelSqG =  3.3472126602E+09
           DelSqK = -2.6900281349E+11
           Stress_EigVals = -1.8675212184E+05 -1.8675193331E+05 -1.8675150858E+05
           Stress_EigVec1 = -4.3289303957E-01  8.2064436050E-01  3.7302339052E-01
           Stress_EigVec2 =  8.5237751305E-01  5.0730247388E-01 -1.2687306741E-01
           Stress_EigVec3 =  2.9335335610E-01 -2.6303428213E-01  9.1910650900E-01
           -DivStress = -2.8274794617E+04  2.1609541907E+04  1.3885650993E+04
           ESP =  -1.4774550396E+01     ESP at Nucleus =  -1.4774550396E+01
           ESPe = -3.5875231786E+01     ESPe at Nucleus = -3.5875231858E+01
           ESPn =  2.1100681389E+01     ESPn at Nucleus =  2.1100681462E+01

CP# 6      Coords =  2.79821288913786E+00  1.89911750569447E+00 -1.76616839314627E+00
           Type = (3,-3) NACP C6
           Rho =  1.2495650673E+02     Rho at Nucleus =  1.2495650662E+02
           GradRho = -2.4007401345E-09 -1.8777830159E-09  4.1308512062E-09
           HessRho_EigVals = -7.4656224294E+05 -7.4656149542E+05 -7.4656059157E+05
           HessRho_EigVec1 =  7.3716025773E-01 -3.5379652541E-01  5.7569329772E-01
           HessRho_EigVec2 = -6.2913509265E-01 -4.8506612201E-02  7.7578098956E-01
           HessRho_EigVec3 =  2.4654368704E-01  9.3406377041E-01  2.5834295654E-01
           DelSqRho = -2.2396843299E+06
           Bond Ellipticity = NA
           V = -5.5994280220E+05
           G =  1.0859857260E+01
           K =  5.5993194234E+05
           L =  5.5992108248E+05
           Vnuc =  1.1112509227E+07
           Ven = -1.3885803341E+09
           Vrep =  1.3880203913E+09
           DelSqV =  2.6550767845E+11
           DelSqVen =  2.4888509727E+13
           DelSqVrep = -2.4623002048E+13
           DelSqG =  3.3454215930E+09
           DelSqK = -2.6885310004E+11
           Stress_EigVals = -1.8664783514E+05 -1.8664758946E+05 -1.8664737759E+05
           Stress_EigVec1 =  2.4175817755E-01  9.3422195788E-01  2.6226383091E-01
           Stress_EigVec2 = -6.6647955479E-01 -3.6566880214E-02  7.4462599090E-01
           Stress_EigVec3 =  7.0523612119E-01 -3.5481290378E-01  6.1379949224E-01
           -DivStress =  2.2056753394E+04  1.7083667493E+04 -3.8409030508E+04
           ESP =  -1.4760979736E+01     ESP at Nucleus =  -1.4760979736E+01
           ESPe = -3.3995596732E+01     ESPe at Nucleus = -3.3995595819E+01
           ESPn =  1.9234616996E+01     ESPn at Nucleus =  1.9234616082E+01

CP# 7      Coords = -1.78987899971324E+00  2.82236029977018E-01 -7.85532007923087E-01
           Type = (3,-3) NACP C7
           Rho =  1.2507802794E+02     Rho at Nucleus =  1.2507802794E+02
           GradRho =  3.9862898708E-11  9.6724018714E-11  4.6311454563E-11
           HessRho_EigVals = -7.4726035309E+05 -7.4725861436E+05 -7.4725804242E+05
           HessRho_EigVec1 =  3.0763423833E-01 -2.7573840374E-01  9.1067530334E-01
           HessRho_EigVec2 =  9.3487373192E-01  2.6575357267E-01 -2.3534260977E-01
           HessRho_EigVec3 = -1.7712221985E-01  9.2376586391E-01  3.3953548845E-01
           DelSqRho = -2.2417770099E+06
           Bond Ellipticity = NA
           V = -5.6046605443E+05
           G =  1.0900981623E+01
           K =  5.6045515345E+05
           L =  5.6044425247E+05
           Vnuc =  4.2735403198E+07
           Ven = -5.3452599553E+09
           Vrep =  5.3446994892E+09
           DelSqV =  2.6575517561E+11
           DelSqVen =  9.5803104297E+13
           DelSqVrep = -9.5537349121E+13
           DelSqG =  3.3484200853E+09
           DelSqK = -2.6910359570E+11
           Stress_EigVals = -1.8682241538E+05 -1.8682217531E+05 -1.8682146374E+05
           Stress_EigVec1 = -4.7314643486E-02  9.5112112905E-01  3.0517195544E-01
           Stress_EigVec2 =  9.5077203500E-01  1.3655360418E-01 -2.7818276482E-01
           Stress_EigVec3 =  3.0625783577E-01 -2.7698684276E-01  9.1076035650E-01
           -DivStress = -9.0534152600E+02 -1.1437583142E+04 -4.5829534476E+03
           ESP =  -1.4777281636E+01     ESP at Nucleus =  -1.4777281636E+01
           ESPe = -3.6487797614E+01     ESPe at Nucleus = -3.6487797552E+01
           ESPn =  2.1710515979E+01     ESPn at Nucleus =  2.1710515917E+01

CP# 8      Coords =  4.66615044225003E+00  8.82685945752940E-01  2.22613366367018E-01
           Type = (3,-3) NACP C8
           Rho =  1.2496875844E+02     Rho at Nucleus =  1.2496875812E+02
           GradRho = -2.1888182933E-10  1.1970646696E-11  5.4314330811E-12
           HessRho_EigVals = -7.4664514034E+05 -7.4664378226E+05 -7.4664280215E+05
           HessRho_EigVec1 =  9.1846909445E-01  1.9802151933E-01 -3.4234777702E-01
           HessRho_EigVec2 = -3.4287538066E-01  8.3010205518E-01 -4.3973520591E-01
           HessRho_EigVec3 =  1.9710655971E-01  5.2126582074E-01  8.3031978674E-01
           DelSqRho = -2.2399317247E+06
           Bond Ellipticity = NA
           V = -5.6000415915E+05
           G =  1.0613983090E+01
           K =  5.5999354517E+05
           L =  5.5998293119E+05
           Vnuc =  6.4565642914E+06
           Ven = -8.0686882330E+08
           Vrep =  8.0630881914E+08
           DelSqV =  2.6553691011E+11
           DelSqVen =  1.4462263312E+13
           DelSqVrep = -1.4196726386E+13
           DelSqG =  3.3458300385E+09
           DelSqK = -2.6888274015E+11
           Stress_EigVals = -1.8666835738E+05 -1.8666806727E+05 -1.8666773450E+05
           Stress_EigVec1 =  2.0566171321E-01  5.1434752661E-01  8.3255623329E-01
           Stress_EigVec2 = -3.3934990793E-01  8.3543871086E-01 -4.3230059032E-01
           Stress_EigVec3 =  9.1790244564E-01  1.9362020109E-01 -3.4636154235E-01
           -DivStress = -5.3836556277E+04  4.1700851400E+04  4.5164336006E+04
           ESP =  -1.4726153233E+01     ESP at Nucleus =  -1.4726153235E+01
           ESPe = -3.4319032324E+01     ESPe at Nucleus = -3.4319032312E+01
           ESPn =  1.9592879091E+01     ESPn at Nucleus =  1.9592879076E+01

CP# 9      Coords = -3.96297249366229E+00  1.39432715479557E+00  2.85385729115684E-01
           Type = (3,-3) NACP C9
           Rho =  1.2506958509E+02     Rho at Nucleus =  1.2506958421E+02
           GradRho =  4.0824344339E-11  1.4861842226E-12 -4.9104711183E-12
           HessRho_EigVals = -7.4720220238E+05 -7.4720198387E+05 -7.4719929998E+05
           HessRho_EigVec1 =  1.3411995672E-01  9.3248964938E-01  3.3537276426E-01
           HessRho_EigVec2 =  2.8930813601E-01 -3.6053191260E-01  8.8674547782E-01
           HessRho_EigVec3 =  9.4779356384E-01 -2.1904195813E-02 -3.1813136682E-01
           DelSqRho = -2.2416034862E+06
           Bond Ellipticity = NA
           V = -5.6042256886E+05
           G =  1.0848650953E+01
           K =  5.6041172021E+05
           L =  5.6040087156E+05
           Vnuc =  3.9027427950E+06
           Ven = -4.8811442208E+08
           Vrep =  4.8755399951E+08
           DelSqV =  2.6573449505E+11
           DelSqVen =  8.7484019835E+12
           DelSqVrep = -8.4826674557E+12
           DelSqG =  3.3481267711E+09
           DelSqK = -2.6908262183E+11
           Stress_EigVals = -1.8680816449E+05 -1.8680729301E+05 -1.8680711136E+05
           Stress_EigVec1 =  9.5177725102E-01  3.9338650010E-02 -3.0425735005E-01
           Stress_EigVec2 =  3.9889781675E-02  9.6745748997E-01  2.4986958682E-01
           Stress_EigVec3 =  3.0418558441E-01 -2.4995694772E-01  9.1923482012E-01
           -DivStress = -5.8376216953E+03 -1.2976770286E+05 -3.7757927208E+04
           ESP =  -1.4743141228E+01     ESP at Nucleus =  -1.4743141236E+01
           ESPe = -3.5111762233E+01     ESPe at Nucleus = -3.5111762759E+01
           ESPn =  2.0368621004E+01     ESPn at Nucleus =  2.0368621522E+01

CP# 10     Coords = -9.13452633632684E-01  4.32010510439784E+00  1.43521583902173E-01
           Type = (3,-3) NACP C10
           Rho =  1.2507933369E+02     Rho at Nucleus =  1.2507933270E+02
           GradRho = -1.3473670096E-11 -5.5431552360E-11 -8.5432930261E-12
           HessRho_EigVals = -7.4726698247E+05 -7.4726613695E+05 -7.4726407201E+05
           HessRho_EigVec1 =  9.4498233106E-01  2.1225669846E-01 -2.4890859356E-01
           HessRho_EigVec2 =  2.9993758396E-01 -2.5851891608E-01  9.1826217158E-01
           HessRho_EigVec3 = -1.3055971705E-01  9.4239856960E-01  3.0795956926E-01
           DelSqRho = -2.2417971914E+06
           Bond Ellipticity = NA
           V = -5.6047100751E+05
           G =  1.0854826179E+01
           K =  5.6046015268E+05
           L =  5.6044929786E+05
           Vnuc =  3.6748232585E+06
           Ven = -4.5964444461E+08
           Vrep =  4.5908397360E+08
           DelSqV =  2.6575747827E+11
           DelSqVen =  8.2382083523E+12
           DelSqVrep = -7.9724508576E+12
           DelSqG =  3.3484446037E+09
           DelSqK = -2.6910592288E+11
           Stress_EigVals = -1.8682427608E+05 -1.8682337231E+05 -1.8682335912E+05
           Stress_EigVec1 = -8.8156738329E-02  9.4909327142E-01  3.0240759188E-01
           Stress_EigVec2 =  9.4568676250E-01  1.7510813044E-01 -2.7388627182E-01
           Stress_EigVec3 =  3.1289764577E-01 -2.6183793612E-01  9.1298190479E-01
           -DivStress =  1.2791979953E+05 -3.5579225569E+04 -5.4900957281E+04
           ESP =  -1.4745139726E+01     ESP at Nucleus =  -1.4745139735E+01
           ESPe = -3.3415048020E+01     ESPe at Nucleus = -3.3415048390E+01
           ESPn =  1.8669908294E+01     ESPn at Nucleus =  1.8669908655E+01

CP# 11     Coords = -1.88120260253215E+00 -2.25609450002713E+00 -1.53165308180264E+00
           Type = (3,-3) NACP C11
           Rho =  1.2508557158E+02     Rho at Nucleus =  1.2508557154E+02
           GradRho =  6.1325183733E-10  8.6372445220E-10 -3.0064430112E-11
           HessRho_EigVals = -7.4730677595E+05 -7.4730417138E+05 -7.4730381593E+05
           HessRho_EigVec1 =  2.9403294583E-01 -2.7443315153E-01  9.1554960112E-01
           HessRho_EigVec2 = -1.9850387329E-01  9.1947332927E-01  3.3935970453E-01
           HessRho_EigVec3 =  9.3495499306E-01  2.8152307563E-01 -2.1587940808E-01
           DelSqRho = -2.2419147633E+06
           Bond Ellipticity = NA
           V = -5.6050047754E+05
           G =  1.0893364812E+01
           K =  5.6048958418E+05
           L =  5.6047869081E+05
           Vnuc =  1.9306323697E+07
           Ven = -2.4149425346E+09
           Vrep =  2.4143820341E+09
           DelSqV =  2.6577149172E+11
           DelSqVen =  4.3283141100E+13
           DelSqVrep = -4.3017369608E+13
           DelSqG =  3.3486294233E+09
           DelSqK = -2.6912012114E+11
           Stress_EigVals = -1.8683390029E+05 -1.8683378012E+05 -1.8683279714E+05
           Stress_EigVec1 =  9.0572426624E-01  3.8380032275E-01 -1.7989126107E-01
           Stress_EigVec2 = -3.0130827546E-01  8.8147842703E-01  3.6360570102E-01
           Stress_EigVec3 =  2.9812225125E-01 -2.7512378111E-01  9.1401861489E-01
           -DivStress = -1.7372101054E+04 -2.1119880595E+04  1.5645768701E+02
           ESP =  -1.4780765147E+01     ESP at Nucleus =  -1.4780765147E+01
           ESPe = -3.4200288792E+01     ESPe at Nucleus = -3.4200288554E+01
           ESPn =  1.9419523645E+01     ESPn at Nucleus =  1.9419523406E+01

CP# 12     Coords = -6.20409441947846E+00  5.34709374955931E-02  6.32444903924563E-01
           Type = (3,-3) NACP C12
           Rho =  1.2506284943E+02     Rho at Nucleus =  1.2506284935E+02
           GradRho =  9.0932317871E-10  3.0307613142E-09  6.7991651393E-10
           HessRho_EigVals = -7.4716900282E+05 -7.4716725980E+05 -7.4716670182E+05
           HessRho_EigVec1 =  3.0517737809E-01 -2.7974242581E-01  9.1028069468E-01
           HessRho_EigVec2 =  9.5165822798E-01  1.2455246902E-01 -2.8077268311E-01
           HessRho_EigVec3 = -3.4833676549E-02  9.5196158413E-01  3.0422977716E-01
           DelSqRho = -2.2415029644E+06
           Bond Ellipticity = NA
           V = -5.6039763369E+05
           G =  1.0946288532E+01
           K =  5.6038668740E+05
           L =  5.6037574111E+05
           Vnuc =  1.3080736568E+07
           Ven = -1.6359141878E+09
           Vrep =  1.6353537902E+09
           DelSqV =  2.6572275209E+11
           DelSqVen =  2.9320514896E+13
           DelSqVrep = -2.9054792144E+13
           DelSqG =  3.3480080626E+09
           DelSqK = -2.6907076015E+11
           Stress_EigVals = -1.8679958426E+05 -1.8679940766E+05 -1.8679864177E+05
           Stress_EigVec1 = -3.4931406141E-03  9.5598935260E-01  2.9338056460E-01
           Stress_EigVec2 =  9.5205994214E-01  9.2923095041E-02 -2.9145696933E-01
           Stress_EigVec3 =  3.0589158951E-01 -2.7829778318E-01  9.1048376116E-01
           -DivStress = -7.9695682058E+03 -3.8489891146E+04 -9.1412277188E+03
           ESP =  -1.4773171440E+01     ESP at Nucleus =  -1.4773171440E+01
           ESPe = -3.2061431426E+01     ESPe at Nucleus = -3.2061431450E+01
           ESPn =  1.7288259986E+01     ESPn at Nucleus =  1.7288260009E+01

CP# 13     Coords =  3.73990557535737E+00 -1.68516155071101E+00  1.11748455283076E+00
           Type = (3,-3) NACP C13
           Rho =  1.2521847203E+02     Rho at Nucleus =  1.2521847094E+02
           GradRho =  1.1014522627E-12 -1.9726102696E-11  3.7753179055E-11
           HessRho_EigVals = -7.4808343234E+05 -7.4808108589E+05 -7.4807821322E+05
           HessRho_EigVec1 =  8.3872868216E-01 -1.4239570868E-01  5.2560218785E-01
           HessRho_EigVec2 = -5.2288253408E-01  5.8962959658E-02  8.5036299599E-01
           HessRho_EigVec3 =  1.5207910205E-01  9.8805203888E-01  2.5002303547E-02
           DelSqRho = -2.2442427315E+06
           Bond Ellipticity = NA
           V = -5.6108126160E+05
           G =  1.0289369115E+01
           K =  5.6107097223E+05
           L =  5.6106068286E+05
           Vnuc =  3.5029258849E+06
           Ven = -4.3863102695E+08
           Vrep =  4.3806994569E+08
           DelSqV =  2.6604655030E+11
           DelSqVen =  7.8614160343E+12
           DelSqVrep = -7.5953694512E+12
           DelSqG =  3.3520187949E+09
           DelSqK = -2.6939856909E+11
           Stress_EigVals = -1.8702801905E+05 -1.8702703440E+05 -1.8702620815E+05
           Stress_EigVec1 =  7.5136729143E-02  9.8665171408E-01  1.4447445112E-01
           Stress_EigVec2 = -5.3765943601E-01 -8.1934578086E-02  8.3917164858E-01
           Stress_EigVec3 =  8.3980759868E-01 -1.4073066477E-01  5.2432630794E-01
           -DivStress =  7.8814041739E+04  3.2644806948E+04 -1.2446718854E+05
           ESP =  -1.4659925575E+01     ESP at Nucleus =  -1.4659925587E+01
           ESPe = -3.5332955993E+01     ESPe at Nucleus = -3.5332956049E+01
           ESPn =  2.0673030417E+01     ESPn at Nucleus =  2.0673030463E+01

CP# 14     Coords = -4.09459127471163E+00 -3.58974826127917E+00 -1.18815295544150E+00
           Type = (3,-3) NACP C14
           Rho =  1.2508093823E+02     Rho at Nucleus =  1.2508093822E+02
           GradRho = -4.2566664971E-10  1.6412812298E-11 -2.7803049793E-11
           HessRho_EigVals = -7.4727410857E+05 -7.4727175084E+05 -7.4727142716E+05
           HessRho_EigVec1 =  3.1259587457E-01 -2.7494264835E-01  9.0922514226E-01
           HessRho_EigVec2 = -3.9041472684E-01  8.3541795173E-01  3.8685034186E-01
           HessRho_EigVec3 =  8.6594466352E-01  4.7590270649E-01 -1.5380654630E-01
           DelSqRho = -2.2418172866E+06
           Bond Ellipticity = NA
           V = -5.6047608023E+05
           G =  1.0879294330E+01
           K =  5.6046520094E+05
           L =  5.6045432164E+05
           Vnuc =  3.2801608505E+07
           Ven = -4.1028559675E+09
           Vrep =  4.1022954914E+09
           DelSqV =  2.6575989760E+11
           DelSqVen =  7.3535158485E+13
           DelSqVrep = -7.3269398587E+13
           DelSqG =  3.3484619719E+09
           DelSqK = -2.6910835957E+11
           Stress_EigVals = -1.8682574522E+05 -1.8682562690E+05 -1.8682470812E+05
           Stress_EigVec1 =  8.9369945378E-01  4.1044234445E-01 -1.8121359829E-01
           Stress_EigVec2 = -3.2318194667E-01  8.6906260654E-01  3.7454454375E-01
           Stress_EigVec3 =  3.1121490270E-01 -2.7616529070E-01  9.0932833264E-01
           -DivStress =  1.1854472685E+04  1.0665794513E+04 -2.1630273521E+03
           ESP =  -1.4784119887E+01     ESP at Nucleus =  -1.4784119887E+01
           ESPe = -3.2030070985E+01     ESPe at Nucleus = -3.2030071277E+01
           ESPn =  1.7245951098E+01     ESPn at Nucleus =  1.7245951390E+01

CP# 15     Coords = -6.23632395972959E+00 -2.44377961550542E+00 -1.14327875470479E-01
           Type = (3,-3) NACP C15
           Rho =  1.2508491854E+02     Rho at Nucleus =  1.2508491854E+02
           GradRho = -1.1830773926E-10  1.1217351700E-10  8.5752568241E-12
           HessRho_EigVals = -7.4729797455E+05 -7.4729543259E+05 -7.4729524992E+05
           HessRho_EigVec1 =  3.1006235130E-01 -2.7871476818E-01  9.0894412166E-01
