AIMSum (Version 17.01.25, Professional)
Copyright (c) 1997-2017 by Todd A. Keith
AIMSum is a component of the AIMAll package ( http://aim.tkgristmill.com )

TP:  64-bit Linux

Licensed To:  Research Group of Fernando Cortes Guzman, UNAM, fercor@unam.mx

Much of the Quantum Theory of Atoms in Molecules (QTAIM) is described in the book:
  "Atoms in Molecules - A Quantum Theory"
  R.F.W. Bader, Oxford University Press, Oxford, 1990

For additional references see:  http://aim.tkgristmill.com/references.html

Wfn File:  /home/alejandro/wd/aimqb_inps/tryptophan_b2plyp_def2QZVP.wfn
Sum File:  /home/alejandro/wd/aimqb_inps/tryptophan_b2plyp_def2QZVP.sum

SumViz File:  /home/alejandro/wd/aimqb_inps/tryptophan_b2plyp_def2QZVP.sumviz

Wfn Title:   opt tryptophan M062X def2TZVP                                                 
 
Total memory allocated for AIMSum =       30.965 Megabytes

Atomic units (a.u.) used throughout, except where stated otherwise

Model:  Unknown
 
Restricted, natural orbital wavefunction.
  Number of electrons (from MO Occs)                   =         107.9999992000
  Number of Alpha electrons (from MO Occs)             =          53.9999996000
  Number of Beta electrons (from MO Occs)              =          53.9999996000
  Number of electron pairs (N*(N-1)/2)                 =        5777.9999140000
  Number of electron pairs (from Muller 2EDM)          =        5777.9999060168
  Number of electron pairs (from Muller 2EDM, no SOSI) =        5778.6879905290
 
Nuclear Charges and Cartesian Coordinates:
-------------------------------------------------------------------------------
Atom      Charge                X                  Y                  Z
-------------------------------------------------------------------------------
O1         8.0           2.4251840500E+00  -1.5723826200E+00   3.2757285000E+00
O2         8.0           4.1045662600E+00  -3.6221227500E+00  -1.0592240000E-02
N3         7.0          -3.3741497600E+00   3.8577509800E+00   8.3682038000E-01
N4         7.0           7.1686398500E+00   7.6669002000E-01  -8.9325514000E-01
C5         6.0           1.4284812000E-01   2.1925439100E+00  -8.5240061000E-01
C6         6.0           2.7982131400E+00   1.8991177000E+00  -1.7661688300E+00
C7         6.0          -1.7898790100E+00   2.8223590000E-01  -7.8553206000E-01
C8         6.0           4.6661498300E+00   8.8268642000E-01   2.2261388000E-01
C9         6.0          -3.9629725600E+00   1.3943256800E+00   2.8538530000E-01
C10        6.0          -9.1345118000E-01   4.3201047000E+00   1.4352096000E-01
C11        6.0          -1.8812028000E+00  -2.2560947400E+00  -1.5316530800E+00
C12        6.0          -6.2040945100E+00   5.3470500000E-02   6.3244480000E-01
C13        6.0           3.7399064700E+00  -1.6851611800E+00   1.1174831400E+00
C14        6.0          -4.0945911400E+00  -3.5897481400E+00  -1.1881529800E+00
C15        6.0          -6.2363238500E+00  -2.4437795500E+00  -1.1432790000E-01
H16        1.0           2.8514097300E+00   6.1256916000E-01  -3.3851247600E+00
H17        1.0           3.5572670200E+00   3.7053548400E+00  -2.4038938500E+00
H18        1.0           4.6877811700E+00   2.1681782600E+00   1.8330997000E+00
H19        1.0          -9.0757900000E-02   6.1656681600E+00   4.0890146000E-01
H20        1.0          -4.5621072800E+00   5.1332902300E+00   1.5839643400E+00
H21        1.0          -2.3795342000E-01  -3.1600875300E+00  -2.3524980900E+00
H22        1.0          -7.8559067000E+00   9.3592665000E-01   1.4562309600E+00
H23        1.0          -4.1933731900E+00  -5.5510089800E+00  -1.7578025500E+00
H24        1.0           7.1902901700E+00  -6.1016146000E-01  -2.2303872800E+00
H25        1.0           8.4708649900E+00   2.6936627000E-01   4.1984602000E-01
H26        1.0          -7.9447136900E+00  -3.5414336500E+00   1.2732749000E-01
H27        1.0           1.7401510200E+00  -3.2409132600E+00   3.5950140900E+00
 
Some Atomic Properties:
----------------------
  q(A) = Net Charge of Atom A
  L(A) = Lagrangian of Atom A = -(1/4) Times Atomic Integral of the Laplacian of the Electron Density
  K(A) = Electronic Kinetic Energy of Atom A (Hamiltonian Form)
  K_Scaled(A) = K(A) * E(Mol)/K(Mol) = Approximation to Virial-Based Total Energy of Atom A.
  |Mu_Intra(A)| = Magnitude of Intraatomic Dipole Moment of Atom A
--------------------------------------------------------------------------------------------------
Atom A          q(A)              L(A)              K(A)          K_Scaled(A)      |Mu_Intra(A)|
--------------------------------------------------------------------------------------------------
O1       -1.1834646830E+00  9.4298500944E-04  7.5740577918E+01 -7.5931280575E+01  3.0360125906E-01
O2       -1.2330238831E+00  1.3839912716E-05  7.5813524896E+01 -7.6004411221E+01  5.0898989039E-01
N3       -1.2654334703E+00  2.8433508631E-05  5.5333205002E+01 -5.5472525158E+01  2.3995015834E-02
N4       -1.0329186871E+00 -2.5950717672E-04  5.4992968502E+01 -5.5131431997E+01  2.6487371035E-01
C5       -1.2842186700E-02  8.8135455580E-05  3.7982617816E+01 -3.8078251970E+01  1.4700705473E-01
C6        1.0926522670E-01 -2.2639416288E-04  3.7861606929E+01 -3.7956936397E+01  4.3036845935E-02
C7       -2.1201172900E-02 -1.8203687813E-04  3.8029769098E+01 -3.8125521972E+01  1.5156257761E-01
C8        4.2002324670E-01 -3.9095666964E-04  3.7713224860E+01 -3.7808180726E+01  3.8954713430E-01
C9        3.9740103980E-01 -4.2480871050E-04  3.7782913575E+01 -3.7878044906E+01  6.3237368580E-01
C10       3.9283001320E-01  3.1139420022E-04  3.7713981191E+01 -3.7808938961E+01  7.0447469159E-01
C11      -6.8036924000E-03  5.4040392090E-05  3.7949835952E+01 -3.8045387567E+01  1.2201738128E-01
C12       5.4061699000E-03 -1.1611908932E-04  3.7939093779E+01 -3.8034618347E+01  1.5283058248E-01
C13       1.6251728799E+00  3.5976535119E-04  3.6935299323E+01 -3.7028296497E+01  8.7163749552E-01
C14      -6.6534977000E-03  8.4007746169E-05  3.7941489875E+01 -3.8037020476E+01  9.9507462961E-02
C15      -8.1686700000E-05 -7.2085837471E-05  3.7939432694E+01 -3.8034958115E+01  1.0305726435E-01
H16      -1.2655249500E-02  3.4047901895E-05  6.3721349708E-01 -6.3881789871E-01  1.3620013423E-01
H17       4.3575468000E-04  2.7054995241E-05  6.3309835256E-01 -6.3469239292E-01  1.3892751910E-01
H18       3.9193250700E-03  3.0209406128E-05  6.3925866546E-01 -6.4086821650E-01  1.3334896554E-01
H19       3.2445378200E-02  2.0974634093E-05  6.1092893173E-01 -6.1246715303E-01  1.3355127990E-01
H20       4.3389665354E-01  2.2975303686E-05  4.4562725735E-01 -4.4674927549E-01  1.7224275676E-01
H21       2.2574693680E-02  8.1854825546E-06  6.2015547733E-01 -6.2171692960E-01  1.2188948527E-01
H22      -2.9184960000E-04  1.9514592751E-05  6.2504847298E-01 -6.2662224502E-01  1.3754769653E-01
H23      -2.0987967000E-03  2.2562449713E-05  6.2891714109E-01 -6.3050065382E-01  1.3676420280E-01
H24       3.6775062401E-01  3.4114992758E-05  4.8038004386E-01 -4.8158956395E-01  1.8851227625E-01
H25       3.5174725397E-01  2.8985049115E-05  4.8892211482E-01 -4.9015314248E-01  1.9588170888E-01
H26      -1.8879298000E-03  2.3735061923E-05  6.2898567402E-01 -6.3056935931E-01  1.3642752772E-01
H27       6.1692419207E-01  3.5927306419E-05  3.4176745757E-01 -3.4262797335E-01  1.5838080295E-01
--------------------------------------------------------------------------------------------------
Total     4.3566592000E-04  5.1898022765E-04  6.8444984450E+02 -6.8617317969E+02
 
Molecular charge q(Mol) from the wfn file:   8.0000002135E-07
Molecular energy E(Mol) from the wfn file:  -6.8617294724E+02
Molecular virial ratio (-V(Mol)/T(Mol)) from the wfn file:   2.0025178400E+00
Note.  K_Scaled(A) = (1+V(Mol)/T(Mol))*K(A) = (E(Mol)/T(Mol))*K(A)
       Only use K_Scaled(A) data with caution.
 
N_AIMInt(SumA)     =        107.999564
N_Analytic(Mol)    =        107.999986
 
G_AIMInt(SumA)     =        684.449326
G_Analytic(Mol)    =        684.449581
 
K_AIMInt(SumA)     =        684.449844
K_Analytic(Mol)    =        684.449581
 
L_AIMInt(SumA)     =          0.000519
L_Analytic(Mol)    =          0.000000
 
VenT_AIMInt(SumA)  =      -3576.876474
VenT_Analytic(Mol) =      -3576.882770
 
Some Information About the Atomic Calculations:
----------------------------------------------
  Time(sec) = "Elapsed User Time", in Seconds, for Atom A by AIMInt and, if used, by TWOe
  NProc = Number of Processors Used for AIMInt Job
  BIM = Basin Integration Method
  OAQ = Angular Quadrature Outside of Beta Sphere
  ORQ = Multiple of Default for Radial Quadrature Outside of Beta Sphere
  IAQ = Multiple of Default for Angular Quadrature Inside of Beta Sphere
  IRQ = Multiple of Default for Radial Quadrature Inside of Beta Sphere
  MIR = Maximum Integration Radius
------------------------------------------------------------------------------------------------------
Atom A     Time(sec)   NProc      BIM              OAQ                 ORQ      IAQ      IRQ      MIR
------------------------------------------------------------------------------------------------------
O1           1421       16    Promega(1)    4334      (Very High)      1.00     1.00     1.00    13.00
O2            371       16     Proaim(5)    4334      (Very High)      1.00     1.00     1.00    13.00
N3            286       16     Proaim(5)    4334      (Very High)      1.00     1.00     1.00    13.00
N4            294       16     Proaim(5)    4334      (Very High)      1.00     1.00     1.00    13.00
C5            533       16     Proaim(5)    4334      (Very High)      1.00     1.00     1.00    13.00
C6            563       16     Proaim(5)    4334      (Very High)      1.00     1.00     1.00    13.00
C7            396       16     Proaim(5)    4334      (Very High)      1.00     1.00     1.00    13.00
C8            568       16     Proaim(5)    4334      (Very High)      1.00     1.00     1.00    13.00
C9            304       16     Proaim(5)    4334      (Very High)      1.00     1.00     1.00    13.00
C10           259       16     Proaim(5)    4334      (Very High)      1.00     1.00     1.00    13.00
C11           313       16     Proaim(5)    4334      (Very High)      1.00     1.00     1.00    13.00
C12           244       16     Proaim(5)    4334      (Very High)      1.00     1.00     1.00    13.00
C13           545       16     Proaim(5)    4334      (Very High)      1.00     1.00     1.00    13.00
C14           219       16     Proaim(5)    4334      (Very High)      1.00     1.00     1.00    13.00
C15           201       16     Proaim(5)    4334      (Very High)      1.00     1.00     1.00    13.00
H16           129       16     Proaim(5)    2030      (Very High)      1.00     1.00     1.00    13.00
H17           113       16     Proaim(5)    2030      (Very High)      1.00     1.00     1.00    13.00
H18           114       16     Proaim(5)    2030      (Very High)      1.00     1.00     1.00    13.00
H19           107       16     Proaim(5)    2030      (Very High)      1.00     1.00     1.00    13.00
H20            93       16     Proaim(5)    2030      (Very High)      1.00     1.00     1.00    13.00
H21           276       16     Proaim(5)    4334      (Very High)      1.00     1.00     1.00    13.00
H22           114       16     Proaim(5)    2030      (Very High)      1.00     1.00     1.00    13.00
H23           113       16     Proaim(5)    2030      (Very High)      1.00     1.00     1.00    13.00
H24            91       16     Proaim(5)    2030      (Very High)      1.00     1.00     1.00    13.00
H25           100       16     Proaim(5)    2030      (Very High)      1.00     1.00     1.00    13.00
H26           111       16     Proaim(5)    2030      (Very High)      1.00     1.00     1.00    13.00
H27            95       16     Proaim(5)    2030      (Very High)      1.00     1.00     1.00    13.00
------------------------------------------------------------------------------------------------------
Total        7973
Note:  Total wall clock time is less than total of atomic times if more than one atom
       was calculated at a time
 
Electron Density Critical Point Analysis of Molecular Structure:               
---------------------------------------------------------------                
  NACP = Nuclear Attractor Critical Point                                      
  NNACP = Non-Nuclear Attractor Critical Point                                 
  BCP = Bond Critical Point                                                    
  RCP = Ring Critical Point                                                    
  CCP = Cage Critical Point                                                    
  Rho = Electron Density                                                       
  GradRho = Gradient of Electron Density                                       
  HessRho_EigVals = Eigenvalues of the Hessian of Rho, Ascending Order         
  HessRho_EigVecs = Eigenvectors of the Hessian of Rho                         
  DelSqRho = Laplacian of Rho = Trace of Hessian of Rho                        
  Bond Ellipticity = (HessRho_EigVal(1) / HessRho_EigVal(2)) - 1               
  V = Virial Field = Potential Energy Density = Trace of Stress Tensor         
  G = Lagrangian Form of Kinetic Energy Density                                
  K = Hamiltonian Form of Kinetic Energy Density                               
  L = K - G = Lagrangian Density = (-1/4)DelSqRho                              
  Vnuc = Electrostatic Potential from Nuclei                                   
  Ven = Electron-nuclear attractive contribution to Virial Field V             
  Vrep = V - Ven = Repulsive contribution to Virial Field V                    
  DelSqV = Laplacian of V                                                      
  DelSqVen = Laplacian of Ven                                                  
  DelSqVrep = Laplacian of Vrep                                                
  DelSqG = Laplacian of G                                                      
  DelSqK = Laplacian of K                                                      
  Stress_EigVals = Eigenvalues of Stress Tensor, Ascending Order               
  Stress_EigVecs = Eigenvectors of Stress Tensor                               
  -DivStress = Ehrenfest Force Density = Minus Divergence of Stress Tensor     
  ESP = Total Electrostatic Potential                                          
  ESPe = Electrostatic Potential from Electrons                                
  ESPn = Electrostatic Potential from Nuclei                                   
  BP = Bond Path                                                               
  BPL = Bond Path Length                                                       
  GBL = Geometric Bond Length                                                  
  GBL_I = Distance Between Nuclear Attractors                                  
  GBL_II = Distance Between Nuclei                                             
  GBL_III = Sum of Distances Between BCP and Nuclear Attractors                
  GBL_IV = Sum of Distances Between BCP and Nuclei                             

CP# 1      Coords =  2.42518442756535E+00 -1.57238505319908E+00  3.27572688273171E+00
           Type = (3,-3) NACP O1
           Rho =  3.0703578505E+02     Rho at Nucleus =  3.0703577113E+02
           GradRho = -6.4401728395E-10  6.5669247817E-11  4.1525360928E-10
           HessRho_EigVals = -3.2085383464E+06 -3.2085060161E+06 -3.2085003187E+06
           HessRho_EigVec1 = -5.5359965681E-01 -5.3028358727E-01  6.4212672975E-01
           HessRho_EigVec2 = -2.9173532586E-03  7.7229150491E-01  6.3526161579E-01
           HessRho_EigVec3 =  8.3277782693E-01 -3.4980730197E-01  4.2908733662E-01
           DelSqRho = -9.6255446813E+06
           Bond Ellipticity = NA
           V = -2.4065685129E+06
           G =  9.1171309672E+01
           K =  2.4064773416E+06
           L =  2.4063861703E+06
           Vnuc =  2.7156175776E+06
           Ven = -8.3379177486E+08
           Vrep =  8.3138520634E+08
           DelSqV =  1.9825374419E+12
           DelSqVen =  2.6139298232E+13
           DelSqVrep = -2.4156760802E+13
           DelSqG =  2.5148663220E+10
           DelSqK = -2.0076861051E+12
           Stress_EigVals = -8.0219374246E+05 -8.0219010065E+05 -8.0218466983E+05
           Stress_EigVec1 =  8.2852400892E-01 -2.7053648034E-01  4.9026317366E-01
           Stress_EigVec2 = -8.7302216718E-02  8.0242613089E-01  5.9033094736E-01
           Stress_EigVec3 =  5.5310603829E-01  5.3190442494E-01 -6.4121088040E-01
           -DivStress = -2.4785452516E+05  1.5973039250E+06  1.0616876657E+06
           ESP =  -2.2312190383E+01     ESP at Nucleus =  -2.2312190454E+01
           ESPe = -3.9263994303E+01     ESPe at Nucleus = -3.9263991196E+01
           ESPn =  1.6951803919E+01     ESPn at Nucleus =  1.6951800742E+01

CP# 2      Coords =  4.10456573737995E+00 -3.62212028013851E+00 -1.05907541797107E-02
           Type = (3,-3) NACP O2
           Rho =  3.0724580899E+02     Rho at Nucleus =  3.0724579522E+02
           GradRho = -8.6745277628E-11 -1.4477993804E-10  9.6367358537E-14
           HessRho_EigVals = -3.2107258264E+06 -3.2107170662E+06 -3.2106920260E+06
           HessRho_EigVec1 =  8.3701691734E-01 -1.4383605937E-01  5.2793358304E-01
           HessRho_EigVec2 =  1.6408940004E-01 -8.5444364251E-01 -4.9295104278E-01
           HessRho_EigVec3 =  5.2199362915E-01  4.9923666713E-01 -6.9158181101E-01
           DelSqRho = -9.6321349186E+06
           Bond Ellipticity = NA
           V = -2.4082149945E+06
           G =  9.0632439135E+01
           K =  2.4081243621E+06
           L =  2.4080337297E+06
           Vnuc =  2.7310106267E+06
           Ven = -8.3909156939E+08
           Vrep =  8.3668335439E+08
           DelSqV =  1.9838922865E+12
           DelSqVen =  2.6305462780E+13
           DelSqVrep = -2.4321570489E+13
           DelSqG =  2.5165887993E+10
           DelSqK = -2.0090581745E+12
           Stress_EigVals = -8.0274391829E+05 -8.0273563026E+05 -8.0273544598E+05
           Stress_EigVec1 = -5.2094756053E-01 -5.0387527419E-01  6.8900170336E-01
           Stress_EigVec2 = -1.2350862853E-01  8.4318358151E-01  5.2324665938E-01
           Stress_EigVec3 =  8.4460597787E-01 -1.8748641532E-01  5.0148737394E-01
           -DivStress =  3.4331912000E+05 -1.6225049440E+06 -9.7605594699E+05
           ESP =  -2.2373357092E+01     ESP at Nucleus =  -2.2373357163E+01
           ESPe = -3.8680052521E+01     ESPe at Nucleus = -3.8680045186E+01
           ESPn =  1.6306695429E+01     ESPn at Nucleus =  1.6306688022E+01

CP# 3      Coords = -3.37414982076717E+00  3.85775103390332E+00  8.36820356531431E-01
           Type = (3,-3) NACP N3
           Rho =  2.0192160501E+02     Rho at Nucleus =  2.0192160500E+02
           GradRho =  9.9343255844E-11  3.1473579298E-10 -1.2309708808E-11
           HessRho_EigVals = -1.6306434333E+06 -1.6306433201E+06 -1.6306304783E+06
           HessRho_EigVec1 =  5.4318395006E-01  8.3699991899E-01  6.6199184399E-02
           HessRho_EigVec2 =  7.8449412883E-01 -4.7784801446E-01 -3.9525970817E-01
           HessRho_EigVec3 =  2.9919919489E-01 -2.6663160108E-01  9.1618089430E-01
           DelSqRho = -4.8919172316E+06
           Bond Ellipticity = NA
           V = -1.2230492020E+06
           G =  3.4947053816E+01
           K =  1.2230142550E+06
           L =  1.2229793079E+06
           Vnuc =  8.2789598565E+07
           Ven = -1.6717008620E+10
           Vrep =  1.6715785571E+10
           DelSqV =  7.8492674383E+11
           DelSqVen =  4.0500038363E+14
           DelSqVrep = -4.0421572532E+14
           DelSqG =  9.8768857343E+09
           DelSqK = -7.9480362956E+11
           Stress_EigVals = -4.0768485980E+05 -4.0768224734E+05 -4.0768209488E+05
           Stress_EigVec1 =  2.9890242113E-01 -2.6631498924E-01  9.1636983208E-01
           Stress_EigVec2 =  6.6909548121E-01 -6.2619932014E-01 -4.0023199332E-01
           Stress_EigVec3 =  6.8041794484E-01  7.3276922558E-01 -8.9823370171E-03
           -DivStress =  1.5784280968E+04 -1.3998780782E+04  6.1058044915E+03
           ESP =  -1.8339299953E+01     ESP at Nucleus =  -1.8339299953E+01
           ESPe = -3.6097919564E+01     ESPe at Nucleus = -3.6097919713E+01
           ESPn =  1.7758619611E+01     ESPn at Nucleus =  1.7758619760E+01

CP# 4      Coords =  7.16863902162885E+00  7.66687331281646E-01 -8.93253811032578E-01
           Type = (3,-3) NACP N4
           Rho =  2.0215142466E+02     Rho at Nucleus =  2.0215141676E+02
           GradRho = -5.2841891973E-10  5.1065096596E-11  2.8247404416E-12
           HessRho_EigVals = -1.6325181908E+06 -1.6325155919E+06 -1.6324975627E+06
           HessRho_EigVec1 =  9.1175246186E-01 -3.0948633168E-01 -2.7004751211E-01
           HessRho_EigVec2 =  3.6116129198E-01  2.9092991611E-01  8.8595841047E-01
           HessRho_EigVec3 =  1.9562711844E-01  9.0530547022E-01 -3.7703055064E-01
           DelSqRho = -4.8975313454E+06
           Bond Ellipticity = NA
           V = -1.2244511148E+06
           G =  3.4139204475E+01
           K =  1.2244169755E+06
           L =  1.2243828363E+06
           Vnuc =  2.2497191187E+06
           Ven = -4.5478392493E+08
           Vrep =  4.5355947381E+08
           DelSqV =  7.8582510225E+11
           DelSqVen =  1.1018069955E+13
           DelSqVrep = -1.0232244848E+13
           DelSqG =  9.8883038720E+09
           DelSqK = -7.9571340612E+11
           Stress_EigVals = -4.0815270954E+05 -4.0814956378E+05 -4.0814884144E+05
           Stress_EigVec1 =  1.6888202474E-01  9.1919869656E-01 -3.5574234771E-01
           Stress_EigVec2 =  3.7548121401E-01  2.7371118829E-01  8.8549197813E-01
           Stress_EigVec3 =  9.1131373283E-01 -2.8311824675E-01 -2.9891694283E-01
           -DivStress =  2.1555615340E+05  6.9963777239E+05 -3.4581443649E+05
           ESP =  -1.8403816151E+01     ESP at Nucleus =  -1.8403816206E+01
           ESPe = -3.3529113481E+01     ESPe at Nucleus = -3.3529109712E+01
           ESPn =  1.5125297330E+01     ESPn at Nucleus =  1.5125293506E+01

CP# 5      Coords =  1.42848437518096E-01  2.19254363828506E+00 -8.52400771523957E-01
           Type = (3,-3) NACP C5
           Rho =  1.2470969951E+02     Rho at Nucleus =  1.2470969944E+02
           GradRho =  2.0877093942E-09 -1.7282596049E-09 -1.0896997124E-09
           HessRho_EigVals = -7.4243425827E+05 -7.4243373801E+05 -7.4243315486E+05
           HessRho_EigVec1 =  3.1515667218E-01 -2.4520635790E-01  9.1681520168E-01
           HessRho_EigVec2 =  8.8806736151E-01  4.1687652998E-01 -1.9377904990E-01
           HessRho_EigVec3 = -3.3468288484E-01  8.7526441765E-01  3.4914118319E-01
           DelSqRho = -2.2273011511E+06
           Bond Ellipticity = NA
           V = -5.5684661436E+05
           G =  1.0663285957E+01
           K =  5.5683595107E+05
           L =  5.5682528778E+05
           Vnuc =  1.3391785989E+07
           Ven = -1.6700856066E+09
           Vrep =  1.6695287600E+09
           DelSqV =  2.6402254456E+11
           DelSqVen =  2.9827542286E+13
           DelSqVrep = -2.9563520790E+13
           DelSqG =  3.3150774346E+09
           DelSqK = -2.6733762199E+11
           Stress_EigVals = -1.8561582080E+05 -1.8561562675E+05 -1.8561516680E+05
           Stress_EigVec1 = -4.7159894216E-01  7.9669938739E-01  3.7797423707E-01
           Stress_EigVec2 =  8.3167657404E-01  5.4432553298E-01 -1.0965304526E-01
           Stress_EigVec3 =  2.9310154203E-01 -2.6264005841E-01  9.1929956259E-01
           -DivStress = -2.7757871725E+04  2.3753949413E+04  1.4121427619E+04
           ESP =  -1.4775343546E+01     ESP at Nucleus =  -1.4775343546E+01
           ESPe = -3.5876024954E+01     ESPe at Nucleus = -3.5876025009E+01
           ESPn =  2.1100681408E+01     ESPn at Nucleus =  2.1100681462E+01

CP# 6      Coords =  2.79821288954471E+00  1.89911750945527E+00 -1.76616842250664E+00
           Type = (3,-3) NACP C6
           Rho =  1.2462354526E+02     Rho at Nucleus =  1.2462354516E+02
           GradRho = -2.0313403459E-09 -1.7010300390E-09  3.5700921108E-09
           HessRho_EigVals = -7.4192385433E+05 -7.4192315955E+05 -7.4192228135E+05
           HessRho_EigVec1 =  7.4739312168E-01 -3.4746492501E-01  5.6627877194E-01
           HessRho_EigVec2 = -6.1585623460E-01 -4.2567796384E-02  7.8670774816E-01
           HessRho_EigVec3 =  2.4924810926E-01  9.3672627197E-01  2.4580331859E-01
           DelSqRho = -2.2257692952E+06
           Bond Ellipticity = NA
           V = -5.5646345266E+05
           G =  1.0564425610E+01
           K =  5.5645288823E+05
           L =  5.5644232381E+05
           Vnuc =  1.1653559106E+07
           Ven = -1.4523078507E+09
           Vrep =  1.4517513872E+09
           DelSqV =  2.6384118114E+11
           DelSqVen =  2.5938130633E+13
           DelSqVrep = -2.5674289452E+13
           DelSqG =  3.3128065296E+09
           DelSqK = -2.6715398767E+11
           Stress_EigVals = -1.8548804488E+05 -1.8548780405E+05 -1.8548760372E+05
           Stress_EigVec1 =  2.4595048999E-01  9.3705960699E-01  2.4784601958E-01
           Stress_EigVec2 = -6.5916345002E-01 -2.5771124698E-02  7.5155797866E-01
           Stress_EigVec3 =  7.1064189479E-01 -3.4821709044E-01  6.1133702267E-01
           -DivStress =  2.1882310739E+04  1.6647735201E+04 -3.5602038854E+04
           ESP =  -1.4759429938E+01     ESP at Nucleus =  -1.4759429939E+01
           ESPe = -3.3994046892E+01     ESPe at Nucleus = -3.3994046021E+01
           ESPn =  1.9234616954E+01     ESPn at Nucleus =  1.9234616082E+01

CP# 7      Coords = -1.78987898926810E+00  2.82236022542148E-01 -7.85532015792133E-01
           Type = (3,-3) NACP C7
           Rho =  1.2476277987E+02     Rho at Nucleus =  1.2476277986E+02
           GradRho =  4.5794673609E-11  7.7599704440E-11  1.1887643647E-11
           HessRho_EigVals = -7.4274520718E+05 -7.4274342397E+05 -7.4274283762E+05
           HessRho_EigVec1 =  3.0661875012E-01 -2.7608516569E-01  9.1091268701E-01
           HessRho_EigVec2 =  9.3626180679E-01  2.5987517139E-01 -2.3638681105E-01
           HessRho_EigVec3 = -1.7146069876E-01  9.2533338672E-01  3.3817059629E-01
           DelSqRho = -2.2282314688E+06
           Bond Ellipticity = NA
           V = -5.5707915899E+05
           G =  1.0645898356E+01
           K =  5.5706851309E+05
           L =  5.5705786719E+05
           Vnuc =  4.5484956249E+07
           Ven = -5.6748295840E+09
           Vrep =  5.6742725048E+09
           DelSqV =  2.6413261284E+11
           DelSqVen =  1.0135082631E+14
           DelSqVrep = -1.0108672725E+14
           DelSqG =  3.3164354392E+09
           DelSqK = -2.6744904828E+11
           Stress_EigVals = -1.8569347349E+05 -1.8569322280E+05 -1.8569246270E+05
           Stress_EigVec1 = -4.0189355054E-02  9.5208506116E-01  3.0318121984E-01
           Stress_EigVec2 =  9.5139761648E-01  1.2918344285E-01 -2.7956075090E-01
           Stress_EigVec3 =  3.0533160840E-01 -2.7721052364E-01  9.1100325713E-01
           -DivStress = -1.8121234642E+03 -1.0718841814E+04 -3.8673636267E+03
           ESP =  -1.4777301705E+01     ESP at Nucleus =  -1.4777301706E+01
           ESPe = -3.6487817679E+01     ESPe at Nucleus = -3.6487817622E+01
           ESPn =  2.1710515974E+01     ESPn at Nucleus =  2.1710515917E+01

CP# 8      Coords =  4.66615047838752E+00  8.82685884624959E-01  2.22613424506619E-01
           Type = (3,-3) NACP C8
           Rho =  1.2463793636E+02     Rho at Nucleus =  1.2463793602E+02
           GradRho = -3.0716862387E-10  1.4090950629E-12 -4.2671421951E-13
           HessRho_EigVals = -7.4201487083E+05 -7.4201345135E+05 -7.4201249239E+05
           HessRho_EigVec1 =  9.0111002565E-01  2.3378995854E-01 -3.6516157651E-01
           HessRho_EigVec2 = -3.6577334608E-01  8.6211807387E-01 -3.5065978669E-01
           HessRho_EigVec3 =  2.3283165800E-01  4.4954942108E-01  8.6237737507E-01
           DelSqRho = -2.2260408146E+06
           Bond Ellipticity = NA
           V = -5.5653084041E+05
           G =  1.0318382158E+01
           K =  5.5652052202E+05
           L =  5.5651020364E+05
           Vnuc =  6.2742104643E+06
           Ven = -7.8200464458E+08
           Vrep =  7.8144811374E+08
           DelSqV =  2.6387322862E+11
           DelSqVen =  1.3966648771E+13
           DelSqVrep = -1.3702775575E+13
           DelSqG =  3.3132296408E+09
           DelSqK = -2.6718645827E+11
           Stress_EigVals = -1.8551059174E+05 -1.8551029852E+05 -1.8550995015E+05
           Stress_EigVec1 =  2.3688903009E-01  4.5096964089E-01  8.6052888994E-01
           Stress_EigVec2 = -3.6165890769E-01  8.6301539106E-01 -3.5271414670E-01
           Stress_EigVec3 =  9.0171304854E-01  2.2766382626E-01 -3.6753606667E-01
           -DivStress = -5.6655581675E+04  4.6780448783E+04  3.9800277487E+04
           ESP =  -1.4722800639E+01     ESP at Nucleus =  -1.4722800643E+01
           ESPe = -3.4315679720E+01     ESPe at Nucleus = -3.4315679719E+01
           ESPn =  1.9592879081E+01     ESPn at Nucleus =  1.9592879076E+01

CP# 9      Coords = -3.96297249829871E+00  1.39432723691406E+00  2.85385755721679E-01
           Type = (3,-3) NACP C9
           Rho =  1.2475557719E+02     Rho at Nucleus =  1.2475557621E+02
           GradRho = -1.6463763686E-10  3.7153169430E-11  1.2683853967E-11
           HessRho_EigVals = -7.4269628917E+05 -7.4269616818E+05 -7.4269333279E+05
           HessRho_EigVec1 =  1.5622588839E-01  9.0229590544E-01  4.0181534418E-01
           HessRho_EigVec2 =  2.7853859417E-01 -4.3054524755E-01  8.5851443865E-01
           HessRho_EigVec3 =  9.4763374959E-01 -2.2201099790E-02 -3.1858654681E-01
           DelSqRho = -2.2280857901E+06
           Bond Ellipticity = NA
           V = -5.5704256851E+05
           G =  1.0560489122E+01
           K =  5.5703200803E+05
           L =  5.5702144754E+05
           Vnuc =  3.6959369032E+06
           Ven = -4.6108874161E+08
           Vrep =  4.6053169904E+08
           DelSqV =  2.6411522435E+11
           DelSqVen =  8.2348645908E+12
           DelSqVrep = -7.9707493993E+12
           DelSqG =  3.3161920240E+09
           DelSqK = -2.6743141638E+11
           Stress_EigVals = -1.8568153877E+05 -1.8568062964E+05 -1.8568040011E+05
           Stress_EigVec1 =  9.5176144812E-01  4.0436164746E-02 -3.0416288803E-01
           Stress_EigVec2 =  4.0335274966E-02  9.6618873466E-01  2.5466133315E-01
           Stress_EigVec3 =  3.0417628354E-01 -2.5464533295E-01  9.1795018543E-01
           -DivStress = -5.3978074979E+03 -1.3615924172E+05 -3.9854379636E+04
           ESP =  -1.4740638095E+01     ESP at Nucleus =  -1.4740638104E+01
           ESPe = -3.5109259059E+01     ESPe at Nucleus = -3.5109259627E+01
           ESPn =  2.0368620965E+01     ESPn at Nucleus =  2.0368621522E+01

CP# 10     Coords = -9.13452686855197E-01  4.32010517938217E+00  1.43521626164616E-01
           Type = (3,-3) NACP C10
           Rho =  1.2475909680E+02     Rho at Nucleus =  1.2475909571E+02
           GradRho = -3.2911895431E-11 -2.2133916922E-10  8.1989970369E-12
           HessRho_EigVals = -7.4271865709E+05 -7.4271791494E+05 -7.4271568281E+05
           HessRho_EigVec1 =  9.4365588439E-01  2.2318051203E-01 -2.4434408300E-01
           HessRho_EigVec2 =  2.9897210532E-01 -2.5839947710E-01  9.1861057607E-01
           HessRho_EigVec3 = -1.4187759544E-01  9.3990434050E-01  3.1056493464E-01
           DelSqRho = -2.2281522548E+06
           Bond Ellipticity = NA
           V = -5.5705916242E+05
           G =  1.0549353325E+01
           K =  5.5704861306E+05
           L =  5.5703806371E+05
           Vnuc =  3.4967958074E+06
           Ven = -4.3625708662E+08
           Vrep =  4.3570002746E+08
           DelSqV =  2.6412308797E+11
           DelSqVen =  7.7913934725E+12
           DelSqVrep = -7.5272703845E+12
           DelSqG =  3.3162963116E+09
           DelSqK = -2.6743938428E+11
           Stress_EigVals = -1.8568703255E+05 -1.8568609681E+05 -1.8568603305E+05
           Stress_EigVec1 = -9.3434223479E-02  9.4822817442E-01  3.0353480051E-01
           Stress_EigVec2 =  9.4804887657E-01  1.7785009230E-01 -2.6376632138E-01
           Stress_EigVec3 =  3.0409434968E-01 -2.6312102521E-01  9.1558394076E-01
           -DivStress =  1.3178870905E+05 -4.1919026243E+04 -5.8259856794E+04
           ESP =  -1.4741546908E+01     ESP at Nucleus =  -1.4741546918E+01
           ESPe = -3.3411455054E+01     ESPe at Nucleus = -3.3411455573E+01
           ESPn =  1.8669908146E+01     ESPn at Nucleus =  1.8669908655E+01

CP# 11     Coords = -1.88120253797544E+00 -2.25609451244327E+00 -1.53165311066050E+00
           Type = (3,-3) NACP C11
           Rho =  1.2476579882E+02     Rho at Nucleus =  1.2476579877E+02
           GradRho =  9.7190722137E-10  9.2056429146E-10 -1.9206503055E-10
           HessRho_EigVals = -7.4276175244E+05 -7.4275909918E+05 -7.4275872187E+05
           HessRho_EigVec1 =  2.9359566499E-01 -2.7375690338E-01  9.1589232083E-01
           HessRho_EigVec2 = -2.8565991792E-01  8.8921179939E-01  3.5735246903E-01
           HessRho_EigVec3 =  9.1224996398E-01  3.6655086097E-01 -1.8286735501E-01
           DelSqRho = -2.2282795735E+06
           Bond Ellipticity = NA
           V = -5.5709112209E+05
           G =  1.0614357945E+01
           K =  5.5708050773E+05
           L =  5.5706989337E+05
           Vnuc =  1.7221856305E+07
           Ven = -2.1486986590E+09
           Vrep =  2.1481415679E+09
           DelSqV =  2.6413827269E+11
           DelSqVen =  3.8375121748E+13
           DelSqVrep = -3.8110983475E+13
           DelSqG =  3.3164980142E+09
           DelSqK = -2.6745477070E+11
           Stress_EigVals = -1.8569747307E+05 -1.8569734111E+05 -1.8569630791E+05
           Stress_EigVec1 =  8.8178030359E-01  4.4612614420E-01 -1.5308481201E-01
           Stress_EigVec2 = -3.6574349195E-01  8.5168764930E-01  3.7531299754E-01
           Stress_EigVec3 =  2.9781738414E-01 -2.7495383520E-01  9.1416912779E-01
           -DivStress = -2.2912663660E+04 -1.9903988014E+04  2.6799587429E+03
           ESP =  -1.4778946037E+01     ESP at Nucleus =  -1.4778946038E+01
           ESPe = -3.4198469621E+01     ESPe at Nucleus = -3.4198469444E+01
           ESPn =  1.9419523583E+01     ESPn at Nucleus =  1.9419523406E+01

CP# 12     Coords = -6.20409445974133E+00  5.34709872518469E-02  6.32444932585489E-01
           Type = (3,-3) NACP C12
           Rho =  1.2474266021E+02     Rho at Nucleus =  1.2474266012E+02
           GradRho =  4.5279113792E-10  4.1053196398E-09  1.1254855936E-09
           HessRho_EigVals = -7.4262260029E+05 -7.4262083398E+05 -7.4262022826E+05
           HessRho_EigVec1 =  3.0513265293E-01 -2.7981640581E-01  9.1027294981E-01
           HessRho_EigVec2 =  9.5230632075E-01  9.2261505844E-02 -2.9086162689E-01
           HessRho_EigVec3 = -2.5952980556E-03  9.5561006356E-01  2.9462292994E-01
           DelSqRho = -2.2278636625E+06
           Bond Ellipticity = NA
           V = -5.5698726040E+05
           G =  1.0672384343E+01
           K =  5.5697658802E+05
           L =  5.5696591563E+05
           Vnuc =  1.1823527651E+07
           Ven = -1.4748982922E+09
           Vrep =  1.4743413050E+09
           DelSqV =  2.6408905848E+11
           DelSqVen =  2.6341208490E+13
           DelSqVrep = -2.6077117859E+13
           DelSqG =  3.3158755888E+09
           DelSqK = -2.6740493407E+11
           Stress_EigVals = -1.8566281822E+05 -1.8566262532E+05 -1.8566181686E+05
           Stress_EigVec1 =  2.6326092060E-02  9.5843407441E-01  2.8409692341E-01
           Stress_EigVec2 =  9.5170430492E-01  6.2931469685E-02 -3.0049716491E-01
           Stress_EigVec3 =  3.0588535904E-01 -2.7828718105E-01  9.1048909493E-01
           -DivStress = -4.3990778944E+03 -4.2605031577E+04 -1.1591743606E+04
           ESP =  -1.4771515776E+01     ESP at Nucleus =  -1.4771515776E+01
           ESPe = -3.2059775652E+01     ESPe at Nucleus = -3.2059775785E+01
           ESPn =  1.7288259876E+01     ESPn at Nucleus =  1.7288260009E+01

CP# 13     Coords =  3.73990549013229E+00 -1.68516160731836E+00  1.11748464383822E+00
           Type = (3,-3) NACP C13
           Rho =  1.2490700186E+02     Rho at Nucleus =  1.2490700059E+02
           GradRho = -5.4297455421E-11  5.5212057148E-11  2.0782819909E-11
           HessRho_EigVals = -7.4359440347E+05 -7.4359169732E+05 -7.4358868639E+05
           HessRho_EigVec1 =  8.3588251552E-01 -1.4701383462E-01  5.2885475575E-01
           HessRho_EigVec2 = -5.2506197111E-01  6.6747133069E-02  8.4844254179E-01
           HessRho_EigVec3 =  1.6003233028E-01  9.8687980659E-01  2.1398612294E-02
           DelSqRho = -2.2307747872E+06
           Bond Ellipticity = NA
           V = -5.5771346711E+05
           G =  9.8851596024E+00
           K =  5.5770358195E+05
           L =  5.5769369679E+05
           Vnuc =  3.2519356328E+06
           Ven = -4.0618953012E+08
           Vrep =  4.0563181665E+08
           DelSqV =  2.6443314052E+11
           DelSqVen =  7.2543360287E+12
           DelSqVrep = -6.9899028882E+12
           DelSqG =  3.3201639932E+09
           DelSqK = -2.6775330451E+11
           Stress_EigVals = -1.8590550587E+05 -1.8590445214E+05 -1.8590350910E+05
           Stress_EigVec1 =  8.1592734517E-02  9.8669348003E-01  1.4063641823E-01
           Stress_EigVec2 = -5.3955757251E-01 -7.4911870218E-02  8.3860946671E-01
           Stress_EigVec3 =  8.3798583020E-01 -1.4430588401E-01  5.2626567456E-01
           -DivStress =  8.5798108942E+04  3.7408661538E+04 -1.3168066022E+05
           ESP =  -1.4646033497E+01     ESP at Nucleus =  -1.4646033509E+01
           ESPe = -3.5319063929E+01     ESPe at Nucleus = -3.5319063972E+01
           ESPn =  2.0673030432E+01     ESPn at Nucleus =  2.0673030463E+01

CP# 14     Coords = -4.09459128629990E+00 -3.58974832644534E+00 -1.18815297093266E+00
           Type = (3,-3) NACP C14
           Rho =  1.2475977941E+02     Rho at Nucleus =  1.2475977939E+02
           GradRho = -1.2394386212E-10 -2.4201129989E-10  2.4325430559E-11
           HessRho_EigVals = -7.4272254233E+05 -7.4272018097E+05 -7.4271980674E+05
           HessRho_EigVec1 =  3.1237583231E-01 -2.7505337158E-01  9.0926727763E-01
           HessRho_EigVec2 = -3.2554177691E-01  8.6821223765E-01  3.7447304561E-01
           HessRho_EigVec3 =  8.9243705149E-01  4.1298081454E-01 -1.8166715703E-01
           DelSqRho = -2.2281625300E+06
           Bond Ellipticity = NA
           V = -5.5706185531E+05
           G =  1.0611400243E+01
           K =  5.5705124391E+05
           L =  5.5704063251E+05
           Vnuc =  2.5298745943E+07
           Ven = -3.1562659632E+09
           Vrep =  3.1557089014E+09
           DelSqV =  2.6412438652E+11
           DelSqVen =  5.6369751261E+13
           DelSqVrep = -5.6105618486E+13
           DelSqG =  3.3163094628E+09
           DelSqK = -2.6744069598E+11
           Stress_EigVals = -1.8568769490E+05 -1.8568755875E+05 -1.8568660166E+05
           Stress_EigVec1 =  9.1026071426E-01  3.6174966753E-01 -2.0140161402E-01
           Stress_EigVec2 = -2.7330372629E-01  8.9038253082E-01  3.6403848972E-01
           Stress_EigVec3 =  3.1101528142E-01 -2.7632612408E-01  9.0934777059E-01
           -DivStress =  1.2795008846E+04  1.6300914919E+04 -7.9433247160E+02
           ESP =  -1.4782767317E+01     ESP at Nucleus =  -1.4782767317E+01
           ESPe = -3.2028718283E+01     ESPe at Nucleus = -3.2028718707E+01
           ESPn =  1.7245950967E+01     ESPn at Nucleus =  1.7245951390E+01

CP# 15     Coords = -6.23632401472061E+00 -2.44377965687479E+00 -1.14327868809916E-01
           Type = (3,-3) NACP C15
           Rho =  1.2476477933E+02     Rho at Nucleus =  1.2476477932E+02
           GradRho =  8.0224937804E-11 -7.7765571760E-12  4.5013881511E-11
           HessRho_EigVals = -7.4275223127E+05 -7.4274965331E+05 -7.4274939674E+05
           HessRho_EigVec1 =  3.1005725729E-01 -2.7864431024E-01  9.0896746123E-01
