AIMSum (Version 17.01.25, Professional)
Copyright (c) 1997-2017 by Todd A. Keith
AIMSum is a component of the AIMAll package ( http://aim.tkgristmill.com )

TP:  64-bit Linux

Licensed To:  Research Group of Fernando Cortes Guzman, UNAM, fercor@unam.mx

Much of the Quantum Theory of Atoms in Molecules (QTAIM) is described in the book:
  "Atoms in Molecules - A Quantum Theory"
  R.F.W. Bader, Oxford University Press, Oxford, 1990

For additional references see:  http://aim.tkgristmill.com/references.html

Wfn File:  /home/alejandro/wd/aimqb_inps/tyrosine_pbe0_def2TZVP.wfn
Sum File:  /home/alejandro/wd/aimqb_inps/tyrosine_pbe0_def2TZVP.sum

SumViz File:  /home/alejandro/wd/aimqb_inps/tyrosine_pbe0_def2TZVP.sumviz

Wfn Title:   opt tyrosine M062X def2TZVP                                                   
 
Total memory allocated for AIMSum =        5.628 Megabytes

Atomic units (a.u.) used throughout, except where stated otherwise

Model:  Unknown
 
Restricted, natural orbital wavefunction.
  Number of electrons (from MO Occs)                   =          95.9999998000
  Number of Alpha electrons (from MO Occs)             =          47.9999999000
  Number of Beta electrons (from MO Occs)              =          47.9999999000
  Number of electron pairs (N*(N-1)/2)                 =        4559.9999809000
  Number of electron pairs (from Muller 2EDM)          =        4559.9999808999
  Number of electron pairs (from Muller 2EDM, no SOSI) =        4560.2759597211
 
Nuclear Charges and Cartesian Coordinates:
-------------------------------------------------------------------------------
Atom      Charge                X                  Y                  Z
-------------------------------------------------------------------------------
O1         8.0          -2.5881262700E+00  -2.5844078000E+00  -2.6534769800E+00
O2         8.0           7.8641922100E+00  -8.4434470000E-01  -6.5053566000E-01
O3         8.0          -4.6851729000E+00  -3.0276958800E+00   9.8156255000E-01
N4         7.0          -6.6764487200E+00   1.7881397400E+00  -1.5253570000E-01
C5         6.0          -2.1939639700E+00   2.1593420200E+00   1.4106671700E+00
C6         6.0          -4.0438427300E+00   1.1607234800E+00  -6.1518155000E-01
C7         6.0           5.0214857000E-01   1.3872994500E+00   9.4961174000E-01
C8         6.0           1.5127903200E+00  -7.4203420000E-01   2.1099840000E+00
C9         6.0           2.0219977400E+00   2.7149118400E+00  -7.4270730000E-01
C10        6.0          -3.8483618700E+00  -1.6950071000E+00  -6.5359582000E-01
C11        6.0           3.9638017600E+00  -1.5274630500E+00   1.6074683400E+00
C12        6.0           4.4691386500E+00   1.9580544100E+00  -1.2639003600E+00
C13        6.0           5.4460174800E+00  -1.7578800000E-01  -8.3758920000E-02
H14        1.0          -2.8406624900E+00   1.4545042500E+00   3.2402545100E+00
H15        1.0          -2.3611248600E+00   4.2174918800E+00   1.4351226700E+00
H16        1.0          -3.4801809600E+00   1.8736074600E+00  -2.4654868800E+00
H17        1.0           3.6315168000E-01  -1.8115292700E+00   3.4263397300E+00
H18        1.0           1.2752636000E+00   4.3842763100E+00  -1.6675960600E+00
H19        1.0          -6.8694510100E+00   3.6629552600E+00   1.8035465000E-01
H20        1.0          -7.2900869900E+00   8.4169004000E-01   1.3986992100E+00
H21        1.0           4.7266935500E+00  -3.1864364200E+00   2.5378429900E+00
H22        1.0           5.6525010900E+00   2.9931625300E+00  -2.5701358100E+00
H23        1.0          -2.4702497700E+00  -4.4018141800E+00  -2.4644447500E+00
H24        1.0           8.3237872000E+00  -2.3335320900E+00   2.8487657000E-01
 
Some Atomic Properties:
----------------------
  q(A) = Net Charge of Atom A
  L(A) = Lagrangian of Atom A = -(1/4) Times Atomic Integral of the Laplacian of the Electron Density
  K(A) = Electronic Kinetic Energy of Atom A (Hamiltonian Form)
  K_Scaled(A) = K(A) * E(Mol)/K(Mol) = Approximation to Virial-Based Total Energy of Atom A.
  |Mu_Intra(A)| = Magnitude of Intraatomic Dipole Moment of Atom A
--------------------------------------------------------------------------------------------------
Atom A          q(A)              L(A)              K(A)          K_Scaled(A)      |Mu_Intra(A)|
--------------------------------------------------------------------------------------------------
O1       -1.1885446526E+00  6.7890396523E-05  7.5590689032E+01 -7.5905209794E+01  3.2275786807E-01
O2       -1.1770053859E+00 -4.7972381967E-05  7.5518048084E+01 -7.5832266599E+01  2.7705409820E-01
O3       -1.2552725402E+00  4.6705719128E-05  7.5681009533E+01 -7.5995906105E+01  5.5924592598E-01
N4       -1.0751048433E+00 -1.5551773603E-04  5.4896449456E+01 -5.5124864799E+01  2.1231528251E-01
C5        5.2139985000E-03  6.7270946609E-06  3.7850274765E+01 -3.8007763703E+01  8.2944499769E-02
C6        3.9355302250E-01 -7.4367843382E-04  3.7649899728E+01 -3.7806554936E+01  4.3526855722E-01
C7       -2.3663161800E-02  7.4958971022E-05  3.7905245153E+01 -3.8062962814E+01  7.0046568165E-02
C8       -3.8872605800E-02 -1.3949145735E-04  3.7899680994E+01 -3.8057375502E+01  1.4583932113E-01
C9       -3.6922318500E-02 -7.7698058388E-05  3.7897702732E+01 -3.8055389009E+01  1.2522063871E-01
C10       1.6802300061E+00 -3.8811539645E-04  3.6830223874E+01 -3.6983468543E+01  8.4959015341E-01
C11      -4.7956596900E-02 -3.4491787355E-04  3.7900625300E+01 -3.8058323738E+01  1.7184317531E-01
C12      -2.4980776200E-02  1.4984365886E-06  3.7897271009E+01 -3.8054955490E+01  1.9556650806E-01
C13       5.2980971180E-01 -2.9736859409E-05  3.7574720502E+01 -3.7731062902E+01  7.2504373332E-01
H14       2.9063699480E-02  2.3997510145E-05  6.0793773118E-01 -6.1046726281E-01  1.5027755660E-01
H15       1.4213298930E-02  2.9997546347E-05  6.1360144874E-01 -6.1615454620E-01  1.5222204465E-01
H16       4.3499850090E-02  4.5323847407E-05  6.1133305596E-01 -6.1387671499E-01  1.4263056615E-01
H17       5.4553458120E-02  2.8642307227E-05  5.9499310265E-01 -5.9746877375E-01  1.3929686443E-01
H18       3.8910525740E-02  2.4539474931E-05  6.0093811900E-01 -6.0343852636E-01  1.4404088601E-01
H19       3.6604645460E-01  3.4918045271E-05  4.7654197549E-01 -4.7852479040E-01  1.8949183186E-01
H20       3.8799407666E-01  3.7198465761E-05  4.6524293888E-01 -4.6717874031E-01  1.8176281369E-01
H21       3.2988495760E-02  2.2658633590E-05  6.0057755799E-01 -6.0307646511E-01  1.4660227245E-01
H22       6.5546772040E-02  2.3174550548E-05  5.8889183038E-01 -5.9134211507E-01  1.4116846822E-01
H23       6.2129051859E-01  3.0072750163E-05  3.4017884710E-01 -3.4159427685E-01  1.5095132424E-01
H24       6.0420856430E-01  2.3648758579E-05  3.5447179899E-01 -3.5594669943E-01  1.5674897873E-01
--------------------------------------------------------------------------------------------------
Total    -1.2004279900E-03 -1.4051756891E-03  6.2694654857E+02 -6.2955517285E+02
 
Molecular charge q(Mol) from the wfn file:   2.0000004414E-07
Molecular energy E(Mol) from the wfn file:  -6.2955541594E+02
Molecular virial ratio (-V(Mol)/T(Mol)) from the wfn file:   2.0041608400E+00
Note.  K_Scaled(A) = (1+V(Mol)/T(Mol))*K(A) = (E(Mol)/T(Mol))*K(A)
       Only use K_Scaled(A) data with caution.
 
N_AIMInt(SumA)     =         96.001200
N_Analytic(Mol)    =         95.999990
 
G_AIMInt(SumA)     =        626.947954
G_Analytic(Mol)    =        626.946763
 
K_AIMInt(SumA)     =        626.946549
K_Analytic(Mol)    =        626.946763
 
L_AIMInt(SumA)     =         -0.001405
L_Analytic(Mol)    =          0.000000
 
VenT_AIMInt(SumA)  =      -3050.312871
VenT_Analytic(Mol) =      -3050.291333
 
Some Information About the Atomic Calculations:
----------------------------------------------
  Time(sec) = "Elapsed User Time", in Seconds, for Atom A by AIMInt and, if used, by TWOe
  NProc = Number of Processors Used for AIMInt Job
  BIM = Basin Integration Method
  OAQ = Angular Quadrature Outside of Beta Sphere
  ORQ = Multiple of Default for Radial Quadrature Outside of Beta Sphere
  IAQ = Multiple of Default for Angular Quadrature Inside of Beta Sphere
  IRQ = Multiple of Default for Radial Quadrature Inside of Beta Sphere
  MIR = Maximum Integration Radius
------------------------------------------------------------------------------------------------------
Atom A     Time(sec)   NProc      BIM              OAQ                 ORQ      IAQ      IRQ      MIR
------------------------------------------------------------------------------------------------------
O1             73       16     Proaim(5)    4334      (Very High)      1.00     1.00     1.00    13.00
O2             64       16     Proaim(5)    4334      (Very High)      1.00     1.00     1.00    13.00
O3             83       16     Proaim(5)    3074      (Very High)      1.00     1.00     1.00    13.00
N4             69       16     Proaim(5)    4334      (Very High)      1.00     1.00     1.00    13.00
C5            179       16     Proaim(5)    4334      (Very High)      1.00     1.00     1.00    13.00
C6            234       16     Proaim(5)    4334      (Very High)      1.00     1.00     1.00    13.00
C7            164       16     Proaim(5)    4334      (Very High)      1.00     1.00     1.00    13.00
C8            135       16     Proaim(5)    4334      (Very High)      1.00     1.00     1.00    13.00
C9            110       16     Proaim(5)    4334      (Very High)      1.00     1.00     1.00    13.00
C10           135       16     Proaim(5)    4334      (Very High)      1.00     1.00     1.00    13.00
C11            98       16     Proaim(5)    4334      (Very High)      1.00     1.00     1.00    13.00
C12            98       16     Proaim(5)    4334      (Very High)      1.00     1.00     1.00    13.00
C13            83       16     Proaim(5)    4334      (Very High)      1.00     1.00     1.00    13.00
H14            32       16     Proaim(5)    2030      (Very High)      1.00     1.00     1.00    13.00
H15            34       16     Proaim(5)    2030      (Very High)      1.00     1.00     1.00    13.00
H16            38       16     Proaim(5)    2030      (Very High)      1.00     1.00     1.00    13.00
H17            30       16     Proaim(5)    2030      (Very High)      1.00     1.00     1.00    13.00
H18            35       16     Proaim(5)    2030      (Very High)      1.00     1.00     1.00    13.00
H19            24       16     Proaim(5)    2030      (Very High)      1.00     1.00     1.00    13.00
H20            27       16     Proaim(5)    2030      (Very High)      1.00     1.00     1.00    13.00
H21            31       16     Proaim(5)    2030      (Very High)      1.00     1.00     1.00    13.00
H22            29       16     Proaim(5)    2030      (Very High)      1.00     1.00     1.00    13.00
H23            23       16     Proaim(5)    2030      (Very High)      1.00     1.00     1.00    13.00
H24            22       16     Proaim(5)    2030      (Very High)      1.00     1.00     1.00    13.00
------------------------------------------------------------------------------------------------------
Total        1850
Note:  Total wall clock time is less than total of atomic times if more than one atom
       was calculated at a time
 
Electron Density Critical Point Analysis of Molecular Structure:               
---------------------------------------------------------------                
  NACP = Nuclear Attractor Critical Point                                      
  NNACP = Non-Nuclear Attractor Critical Point                                 
  BCP = Bond Critical Point                                                    
  RCP = Ring Critical Point                                                    
  CCP = Cage Critical Point                                                    
  Rho = Electron Density                                                       
  GradRho = Gradient of Electron Density                                       
  HessRho_EigVals = Eigenvalues of the Hessian of Rho, Ascending Order         
  HessRho_EigVecs = Eigenvectors of the Hessian of Rho                         
  DelSqRho = Laplacian of Rho = Trace of Hessian of Rho                        
  Bond Ellipticity = (HessRho_EigVal(1) / HessRho_EigVal(2)) - 1               
  V = Virial Field = Potential Energy Density = Trace of Stress Tensor         
  G = Lagrangian Form of Kinetic Energy Density                                
  K = Hamiltonian Form of Kinetic Energy Density                               
  L = K - G = Lagrangian Density = (-1/4)DelSqRho                              
  Vnuc = Electrostatic Potential from Nuclei                                   
  Ven = Electron-nuclear attractive contribution to Virial Field V             
  Vrep = V - Ven = Repulsive contribution to Virial Field V                    
  DelSqV = Laplacian of V                                                      
  DelSqVen = Laplacian of Ven                                                  
  DelSqVrep = Laplacian of Vrep                                                
  DelSqG = Laplacian of G                                                      
  DelSqK = Laplacian of K                                                      
  Stress_EigVals = Eigenvalues of Stress Tensor, Ascending Order               
  Stress_EigVecs = Eigenvectors of Stress Tensor                               
  -DivStress = Ehrenfest Force Density = Minus Divergence of Stress Tensor     
  ESP = Total Electrostatic Potential                                          
  ESPe = Electrostatic Potential from Electrons                                
  ESPn = Electrostatic Potential from Nuclei                                   
  BP = Bond Path                                                               
  BPL = Bond Path Length                                                       
  GBL = Geometric Bond Length                                                  
  GBL_I = Distance Between Nuclear Attractors                                  
  GBL_II = Distance Between Nuclei                                             
  GBL_III = Sum of Distances Between BCP and Nuclear Attractors                
  GBL_IV = Sum of Distances Between BCP and Nuclei                             

CP# 1      Coords = -2.58812842304477E+00 -2.58441085167734E+00 -2.65347263684011E+00
           Type = (3,-3) NACP O1
           Rho =  3.0155079515E+02     Rho at Nucleus =  3.0155077051E+02
           GradRho =  2.3640457445E-10 -3.2562441566E-10 -2.3694903871E-10
           HessRho_EigVals = -1.5019718190E+06 -1.5019464661E+06 -1.5019393748E+06
           HessRho_EigVec1 = -3.5029358641E-01  8.3266083254E-01  4.2891763926E-01
           HessRho_EigVec2 = -3.5039209792E-01 -5.4117754045E-01  7.6442936065E-01
           HessRho_EigVec3 =  8.6863098093E-01  1.1748535084E-01  4.8132879750E-01
           DelSqRho = -4.5058576599E+06
           Bond Ellipticity = NA
           V = -1.1266140196E+06
           G =  7.4802323209E+01
           K =  1.1265392173E+06
           L =  1.1264644150E+06
           Vnuc =  1.3966335690E+06
           Ven = -4.2115596326E+08
           Vrep =  4.2002934924E+08
           DelSqV =  2.1956147741E+11
           DelSqVen =  6.2930320609E+12
           DelSqVrep = -6.0734705835E+12
           DelSqG =  5.6124245187E+09
           DelSqK = -2.2517390193E+11
           Stress_EigVals = -3.7554137693E+05 -3.7553877968E+05 -3.7553386299E+05
           Stress_EigVec1 =  8.6550421617E-01  1.1320964377E-01  4.8794059920E-01
           Stress_EigVec2 = -3.5429732395E-01 -5.5024155542E-01  7.5611350796E-01
           Stress_EigVec3 = -3.5408453515E-01  8.2729547759E-01  4.3612651229E-01
           -DivStress =  1.5573425559E+05  2.2076025963E+05 -3.1416014317E+05
           ESP =  -2.2296128878E+01     ESP at Nucleus =  -2.2296129136E+01
           ESPe = -3.7406693395E+01     ESPe at Nucleus = -3.7406687591E+01
           ESPn =  1.5110564516E+01     ESPn at Nucleus =  1.5110558455E+01

CP# 2      Coords =  7.86418834589790E+00 -8.44347495088318E-01 -6.50531799501530E-01
           Type = (3,-3) NACP O2
           Rho =  3.0140513222E+02     Rho at Nucleus =  3.0140510396E+02
           GradRho =  1.0043204772E-10 -5.0448802076E-11 -6.0191963025E-11
           HessRho_EigVals = -1.5012159596E+06 -1.5011911148E+06 -1.5011751919E+06
           HessRho_EigVec1 =  7.5669627552E-01 -6.3641394096E-01  1.4962634247E-01
           HessRho_EigVec2 =  5.6179710643E-01  5.1593728374E-01 -6.4667822791E-01
           HessRho_EigVec3 =  3.3435723085E-01  5.7339865276E-01  7.4794333154E-01
           DelSqRho = -4.5035822663E+06
           Bond Ellipticity = NA
           V = -1.1260454313E+06
           G =  7.4932370121E+01
           K =  1.1259704989E+06
           L =  1.1258955666E+06
           Vnuc =  1.3038497125E+06
           Ven = -3.9298699499E+08
           Vrep =  3.9186094956E+08
           DelSqV =  2.1945067744E+11
           DelSqVen =  5.8719944402E+12
           DelSqVrep = -5.6525437630E+12
           DelSqG =  5.6094596155E+09
           DelSqK = -2.2506013706E+11
           Stress_EigVals = -3.7535331253E+05 -3.7534838979E+05 -3.7534372900E+05
           Stress_EigVec1 =  3.3420144483E-01  5.7326300772E-01  7.4811691483E-01
           Stress_EigVec2 =  5.3268566467E-01  5.3993550291E-01 -6.5170210629E-01
           Stress_EigVec3 =  7.7753159224E-01 -6.1631094155E-01  1.2492176111E-01
           -DivStress =  2.7934961002E+05  2.0209887143E+05 -2.7911346524E+05
           ESP =  -2.2311693180E+01     ESP at Nucleus =  -2.2311693471E+01
           ESPe = -3.4891193830E+01     ESPe at Nucleus = -3.4891185220E+01
           ESPn =  1.2579500650E+01     ESPn at Nucleus =  1.2579491749E+01

CP# 3      Coords = -4.68517071913228E+00 -3.02769260349322E+00  9.81558374062253E-01
           Type = (3,-3) NACP O3
           Rho =  3.0176891888E+02     Rho at Nucleus =  3.0176889413E+02
           GradRho = -2.1923537897E-10  2.3061230157E-10  7.9453658092E-11
           HessRho_EigVals = -1.5031212235E+06 -1.5031158200E+06 -1.5030925879E+06
           HessRho_EigVec1 =  8.5132828901E-01  5.2386556476E-02  5.2201129588E-01
           HessRho_EigVec2 = -3.9607145393E-01 -5.8832901694E-01  7.0497969561E-01
           HessRho_EigVec3 = -3.4404585117E-01  8.0692293097E-01  4.8011231577E-01
           DelSqRho = -4.5093296314E+06
           Bond Ellipticity = NA
           V = -1.1274812624E+06
           G =  7.4427251355E+01
           K =  1.1274068351E+06
           L =  1.1273324079E+06
           Vnuc =  1.3941124287E+06
           Ven = -4.2069980040E+08
           Vrep =  4.1957231914E+08
           DelSqV =  2.1973055498E+11
           DelSqVen =  6.2865124844E+12
           DelSqVrep = -6.0667819304E+12
           DelSqG =  5.6170262454E+09
           DelSqK = -2.2534758123E+11
           Stress_EigVals = -3.7583157526E+05 -3.7582520815E+05 -3.7582447894E+05
           Stress_EigVec1 = -3.4330357448E-01  8.0821501855E-01  4.7846749057E-01
           Stress_EigVec2 = -4.1166931644E-01 -5.8737048835E-01  6.9679572567E-01
           Stress_EigVec3 =  8.4419845395E-01  4.2242078525E-02  5.3436371242E-01
           -DivStress = -1.5787316314E+05 -2.3718818277E+05  3.0229804402E+05
           ESP =  -2.2360137821E+01     ESP at Nucleus =  -2.2360138046E+01
           ESPe = -3.7059942468E+01     ESPe at Nucleus = -3.7059928358E+01
           ESPn =  1.4699804648E+01     ESPn at Nucleus =  1.4699790312E+01

CP# 4      Coords = -6.67644482940260E+00  1.78814116103233E+00 -1.52531402860895E-01
           Type = (3,-3) NACP N4
           Rho =  1.9820589628E+02     Rho at Nucleus =  1.9820588314E+02
           GradRho = -3.0979020732E-10  7.6340082426E-11  3.9422830598E-12
           HessRho_EigVals = -7.3747704513E+05 -7.3747479029E+05 -7.3746031197E+05
           HessRho_EigVec1 = -8.2845219594E-01  3.8423873853E-01  4.0746478481E-01
           HessRho_EigVec2 =  2.0525363760E-01  8.8521942120E-01 -4.1744163734E-01
           HessRho_EigVec3 =  5.2109298911E-01  2.6219681185E-01  8.1222837217E-01
           DelSqRho = -2.2124121474E+06
           Bond Ellipticity = NA
           V = -5.5315856742E+05
           G =  2.7765284128E+01
           K =  5.5313080213E+05
           L =  5.5310303685E+05
           Vnuc =  1.1728628542E+06
           Ven = -2.3246833322E+08
           Vrep =  2.3191517466E+08
           DelSqV =  7.8763510499E+10
           DelSqVen =  2.5948560307E+12
           DelSqVrep = -2.5160925202E+12
           DelSqG =  2.0584723563E+09
           DelSqK = -8.0821982855E+10
           Stress_EigVals = -1.8438828649E+05 -1.8438545704E+05 -1.8438482389E+05
           Stress_EigVec1 =  4.9595529753E-01  2.6488784111E-01  8.2695995942E-01
           Stress_EigVec2 =  1.9326829072E-01  8.9477655145E-01 -4.0251992594E-01
           Stress_EigVec3 = -8.4656701486E-01  3.5945702748E-01  3.9257475052E-01
           -DivStress = -1.0091720624E+05 -3.6870094895E+04 -1.1148202603E+05
           ESP =  -1.8389732556E+01     ESP at Nucleus =  -1.8389732757E+01
           ESPe = -3.2447383219E+01     ESPe at Nucleus = -3.2447376148E+01
           ESPn =  1.4057650663E+01     ESPn at Nucleus =  1.4057643392E+01

CP# 5      Coords = -2.19396354700196E+00  2.15934166626099E+00  1.41066650686123E+00
           Type = (3,-3) NACP C5
           Rho =  1.2197557658E+02     Rho at Nucleus =  1.2197557646E+02
           GradRho =  8.2278711040E-10 -7.6443445045E-10 -1.3038116803E-09
           HessRho_EigVals = -3.2239161841E+05 -3.2239135155E+05 -3.2239069228E+05
           HessRho_EigVec1 =  6.4526939647E-01  3.7299461382E-01  6.6671014995E-01
           HessRho_EigVec2 = -7.4040394413E-01  5.2035727036E-01  4.2547656892E-01
           HessRho_EigVec3 =  1.8822700523E-01  7.6818183345E-01 -6.1193730501E-01
           DelSqRho = -9.6717366223E+05
           Bond Ellipticity = NA
           V = -2.4181049958E+05
           G =  8.5420111988E+00
           K =  2.4180195757E+05
           L =  2.4179341556E+05
           Vnuc =  6.9569817886E+06
           Ven = -8.4858186489E+08
           Vrep =  8.4834005439E+08
           DelSqV =  2.3722517434E+10
           DelSqVen =  6.7286099558E+12
           DelSqVrep = -6.7048874384E+12
           DelSqG =  6.3920424116E+08
           DelSqK = -2.4361721675E+10
           Stress_EigVals = -8.0603641816E+04 -8.0603473361E+04 -8.0603384403E+04
           Stress_EigVec1 =  1.8652742835E-01  7.7589147972E-01 -6.0266070900E-01
           Stress_EigVec2 = -7.4428907814E-01  5.1200607634E-01  4.2881644787E-01
           Stress_EigVec3 =  6.4128097324E-01  3.6856775427E-01  6.7299073089E-01
           -DivStress = -3.3023291098E+03  2.7617509051E+03  5.1783017609E+03
           ESP =  -1.4749925464E+01     ESP at Nucleus =  -1.4749925463E+01
           ESPe = -3.2445164793E+01     ESPe at Nucleus = -3.2445163514E+01
           ESPn =  1.7695239328E+01     ESPn at Nucleus =  1.7695238051E+01

CP# 6      Coords = -4.04384416123053E+00  1.16072287874212E+00 -6.15180535833915E-01
           Type = (3,-3) NACP C6
           Rho =  1.2196344721E+02     Rho at Nucleus =  1.2196344666E+02
           GradRho =  3.4096218480E-11  3.4914673197E-11 -1.0731913397E-11
           HessRho_EigVals = -3.2236000927E+05 -3.2235896586E+05 -3.2235810265E+05
           HessRho_EigVec1 =  9.2352336610E-01 -3.8167505358E-01 -3.7798753142E-02
           HessRho_EigVec2 =  3.7310275868E-01  8.7117632343E-01  3.1913342814E-01
           HessRho_EigVec3 = -8.8875889492E-02 -3.0882999686E-01  9.4695570610E-01
           DelSqRho = -9.6707707778E+05
           Bond Ellipticity = NA
           V = -2.4178600697E+05
           G =  8.3687608354E+00
           K =  2.4177763821E+05
           L =  2.4176926944E+05
           Vnuc =  3.2357236226E+06
           Ven = -3.9464000724E+08
           Vrep =  3.9439822123E+08
           DelSqV =  2.3720134257E+10
           DelSqVen =  3.1291940495E+12
           DelSqVrep = -3.1054739112E+12
           DelSqG =  6.3913842972E+08
           DelSqK = -2.4359272687E+10
           Stress_EigVals = -8.0595580130E+04 -8.0595336052E+04 -8.0595090784E+04
           Stress_EigVec1 = -1.0067619697E-01 -3.1796859405E-01  9.4274083213E-01
           Stress_EigVec2 =  3.5364925530E-01  8.7423653999E-01  3.3262993909E-01
           Stress_EigVec3 =  9.2994435726E-01 -3.6688751049E-01 -2.4434546393E-02
           -DivStress =  1.1179217826E+04  4.6941890584E+03 -7.9199130377E+03
           ESP =  -1.4712426872E+01     ESP at Nucleus =  -1.4712426885E+01
           ESPe = -3.3007490346E+01     ESPe at Nucleus = -3.3007489917E+01
           ESPn =  1.8295063473E+01     ESPn at Nucleus =  1.8295063032E+01

CP# 7      Coords =  5.02147727684034E-01  1.38729966733013E+00  9.49611810095764E-01
           Type = (3,-3) NACP C7
           Rho =  1.2206799161E+02     Rho at Nucleus =  1.2206799148E+02
           GradRho = -1.7144179209E-09  4.0311198120E-10  1.4711926653E-10
           HessRho_EigVals = -3.2265509590E+05 -3.2265351973E+05 -3.2265281039E+05
           HessRho_EigVec1 =  3.3452167342E-01  5.7190805431E-01  7.4901029861E-01
           HessRho_EigVec2 = -9.3687706375E-01  2.8765396015E-01  1.9878774266E-01
           HessRho_EigVec3 = -1.0176746747E-01 -7.6822937761E-01  6.3203402277E-01
           DelSqRho = -9.6796142602E+05
           Bond Ellipticity = NA
           V = -2.4200751313E+05
           G =  8.5783137169E+00
           K =  2.4199893482E+05
           L =  2.4199035650E+05
           Vnuc =  6.8750684140E+06
           Ven = -8.3922579345E+08
           Vrep =  8.3898378593E+08
           DelSqV =  2.3741847650E+10
           DelSqVen =  6.6548017398E+12
           DelSqVrep = -6.6310598921E+12
           DelSqG =  6.3976329056E+08
           DelSqK = -2.4381610940E+10
           Stress_EigVals = -8.0669542760E+04 -8.0669314021E+04 -8.0668656350E+04
           Stress_EigVec1 = -9.6611387563E-02 -7.7042687275E-01  6.3016559216E-01
           Stress_EigVec2 =  9.4177294805E-01 -2.7562899025E-01 -1.9259380586E-01
           Stress_EigVec3 =  3.2207134942E-01  5.7486615267E-01  7.5219608640E-01
           -DivStress =  6.5829398531E+03 -1.6991797893E+03 -5.4847704881E+02
           ESP =  -1.4754272080E+01     ESP at Nucleus =  -1.4754272082E+01
           ESPe = -3.3952262009E+01     ESPe at Nucleus = -3.3952262233E+01
           ESPn =  1.9197989930E+01     ESPn at Nucleus =  1.9197990150E+01

CP# 8      Coords =  1.51279049355098E+00 -7.42034514962144E-01  2.10998409264911E+00
           Type = (3,-3) NACP C8
           Rho =  1.2211540450E+02     Rho at Nucleus =  1.2211540448E+02
           GradRho =  7.7147235415E-11 -9.8894400515E-11 -1.5229950644E-11
           HessRho_EigVals = -3.2277771442E+05 -3.2277518282E+05 -3.2277490099E+05
           HessRho_EigVec1 =  3.3690978268E-01  5.7830369965E-01  7.4300513411E-01
           HessRho_EigVec2 =  6.7112732495E-01  4.0597506812E-01 -6.2030021584E-01
           HessRho_EigVec3 =  6.6036346965E-01 -7.0763625899E-01  2.5133844298E-01
           DelSqRho = -9.6832779823E+05
           Bond Ellipticity = NA
           V = -2.4209911213E+05
           G =  8.5812861206E+00
           K =  2.4209053084E+05
           L =  2.4208194956E+05
           Vnuc =  1.6157039947E+07
           Ven = -1.9730234687E+09
           Vrep =  1.9727813696E+09
           DelSqV =  2.3750810868E+10
           DelSqVen =  1.5645313860E+13
           DelSqVrep = -1.5621563049E+13
           DelSqG =  6.4000016981E+08
           DelSqK = -2.4390811038E+10
           Stress_EigVals = -8.0700078252E+04 -8.0699975269E+04 -8.0699058609E+04
           Stress_EigVec1 =  6.9406541306E-01 -6.8602323340E-01  2.1827809240E-01
           Stress_EigVec2 =  6.3730805395E-01  4.4448530057E-01 -6.2950080377E-01
           Stress_EigVec3 =  3.3483077333E-01  5.7602512168E-01  7.4571000558E-01
           -DivStress = -1.3563185044E+03  2.4626727435E+03 -7.2593299262E+02
           ESP =  -1.4757399142E+01     ESP at Nucleus =  -1.4757399143E+01
           ESPe = -3.2675601291E+01     ESPe at Nucleus = -3.2675601662E+01
           ESPn =  1.7918202148E+01     ESPn at Nucleus =  1.7918202519E+01

CP# 9      Coords =  2.02199775468892E+00  2.71491208616406E+00 -7.42707527981969E-01
           Type = (3,-3) NACP C9
           Rho =  1.2211363247E+02     Rho at Nucleus =  1.2211363245E+02
           GradRho = -2.9914899558E-11  1.2463109578E-10 -5.1392752460E-11
           HessRho_EigVals = -3.2277106767E+05 -3.2276859983E+05 -3.2276819610E+05
           HessRho_EigVec1 =  3.3597645544E-01  5.5711531136E-01  7.5943554779E-01
           HessRho_EigVec2 = -3.6005172947E-01  8.2103539684E-01 -4.4301651125E-01
           HessRho_EigVec3 =  8.7033474796E-01  1.2459296525E-01 -4.7643889378E-01
           DelSqRho = -9.6830786361E+05
           Bond Ellipticity = NA
           V = -2.4209413701E+05
           G =  8.5855553675E+00
           K =  2.4208555146E+05
           L =  2.4207696590E+05
           Vnuc =  1.7865685036E+07
           Ven = -2.1816436962E+09
           Vrep =  2.1814016021E+09
           DelSqV =  2.3750319083E+10
           DelSqVen =  1.7299486540E+13
           DelSqVrep = -1.7275735172E+13
           DelSqG =  6.3998309223E+08
           DelSqK = -2.4390302175E+10
           Stress_EigVals = -8.0698437046E+04 -8.0698298067E+04 -8.0697401901E+04
           Stress_EigVec1 =  8.7739079349E-01  1.0607839736E-01 -4.6790252094E-01
           Stress_EigVec2 = -3.4266053422E-01  8.2116015142E-01 -4.5637677855E-01
           Stress_EigVec3 =  3.3581118769E-01  5.6075251165E-01  7.5682723715E-01
           -DivStress = -1.1448958331E+02 -1.9263062835E+03  1.7828079853E+03
           ESP =  -1.4757508541E+01     ESP at Nucleus =  -1.4757508543E+01
           ESPe = -3.2128164916E+01     ESPe at Nucleus = -3.2128165467E+01
           ESPn =  1.7370656375E+01     ESPn at Nucleus =  1.7370656924E+01

CP# 10     Coords = -3.84836030958559E+00 -1.69500878645878E+00 -6.53597985626503E-01
           Type = (3,-3) NACP C10
           Rho =  1.2223121634E+02     Rho at Nucleus =  1.2223121473E+02
           GradRho =  1.8096459762E-11  3.1118943680E-11  1.2357932779E-11
           HessRho_EigVals = -3.2312063743E+05 -3.2311820376E+05 -3.2311577874E+05
           HessRho_EigVec1 =  8.5347720739E-01  8.8601343446E-02  5.1354304435E-01
           HessRho_EigVec2 = -5.0562292743E-01  3.7939615820E-01  7.7485741295E-01
           HessRho_EigVec3 =  1.2618285033E-01  9.2098227838E-01 -3.6860484424E-01
           DelSqRho = -9.6935461993E+05
           Bond Ellipticity = NA
           V = -2.4235474783E+05
           G =  8.0464245640E+00
           K =  2.4234670141E+05
           L =  2.4233865498E+05
           Vnuc =  1.9003358476E+06
           Ven = -2.3228036211E+08
           Vrep =  2.3203800737E+08
           DelSqV =  2.3775972701E+10
           DelSqVen =  1.8420993249E+12
           DelSqVrep = -1.8183233522E+12
           DelSqG =  6.4074892469E+08
           DelSqK = -2.4416721626E+10
           Stress_EigVals = -8.0785733790E+04 -8.0784941254E+04 -8.0784072787E+04
           Stress_EigVec1 =  1.8414876957E-01  8.7312170201E-01 -4.5138423117E-01
           Stress_EigVec2 = -4.8180622002E-01  4.8046519144E-01  7.3281373225E-01
           Stress_EigVec3 =  8.5670998419E-01  8.2532983074E-02  5.0915254069E-01
           -DivStress = -1.2213351963E+04  1.3199824940E+04  1.6952202035E+04
           ESP =  -1.4631720546E+01     ESP at Nucleus =  -1.4631720596E+01
           ESPe = -3.3677836805E+01     ESPe at Nucleus = -3.3677837261E+01
           ESPn =  1.9046116259E+01     ESPn at Nucleus =  1.9046116666E+01

CP# 11     Coords =  3.96380214454461E+00 -1.52746326284450E+00  1.60746834374983E+00
           Type = (3,-3) NACP C11
           Rho =  1.2207402119E+02     Rho at Nucleus =  1.2207402116E+02
           GradRho =  1.9287778910E-10 -8.9861860502E-11 -6.9715401936E-12
           HessRho_EigVals = -3.2265555630E+05 -3.2265420736E+05 -3.2265366359E+05
           HessRho_EigVec1 =  3.2881532743E-01  5.7257600991E-01  7.5102409637E-01
           HessRho_EigVec2 = -1.3039446221E-01  8.1515321232E-01 -5.6437799804E-01
           HessRho_EigVec3 =  9.3534900688E-01 -8.7646753064E-02 -3.4269561130E-01
           DelSqRho = -9.6796342726E+05
           Bond Ellipticity = NA
           V = -2.4200823857E+05
           G =  8.6908754258E+00
           K =  2.4199954769E+05
           L =  2.4199085681E+05
           Vnuc =  1.3650793287E+07
           Ven = -1.6664072290E+09
           Vrep =  1.6661652208E+09
           DelSqV =  2.3741874916E+10
           DelSqVen =  1.3213466886E+13
           DelSqVrep = -1.3189725011E+13
           DelSqG =  6.3973526546E+08
           DelSqK = -2.4381610181E+10
           Stress_EigVals = -8.0669735331E+04 -8.0669559743E+04 -8.0668943491E+04
           Stress_EigVec1 =  9.3081098475E-01 -6.9351060061E-02 -3.5886117250E-01
           Stress_EigVec2 = -1.5337303976E-01  8.1709687530E-01 -5.5572421853E-01
           Stress_EigVec3 =  3.3176440637E-01  5.7231383598E-01  7.4992616424E-01
           -DivStress = -3.0053381911E+03  1.6646185318E+03 -3.0217653716E+01
           ESP =  -1.4758063556E+01     ESP at Nucleus =  -1.4758063559E+01
           ESPe = -3.1568740735E+01     ESPe at Nucleus = -3.1568741304E+01
           ESPn =  1.6810677179E+01     ESPn at Nucleus =  1.6810677745E+01

CP# 12     Coords =  4.46913882509692E+00  1.95805417304837E+00 -1.26390024614025E+00
           Type = (3,-3) NACP C12
           Rho =  1.2208502514E+02     Rho at Nucleus =  1.2208502513E+02
           GradRho =  1.6795311641E-11 -2.9337888723E-11  5.2209491182E-11
           HessRho_EigVals = -3.2268662854E+05 -3.2268480444E+05 -3.2268444805E+05
           HessRho_EigVec1 =  3.3064872051E-01  5.7017068490E-01  7.5204841181E-01
           HessRho_EigVec2 =  1.2503986265E-01  7.6337717763E-01 -6.3373521081E-01
           HessRho_EigVec3 =  9.3543383324E-01 -3.0357976672E-01 -1.8111562292E-01
           DelSqRho = -9.6805588103E+05
           Bond Ellipticity = NA
           V = -2.4203133710E+05
           G =  8.6834192004E+00
           K =  2.4202265368E+05
           L =  2.4201397026E+05
           Vnuc =  1.8995630452E+07
           Ven = -2.3190820214E+09
           Vrep =  2.3188399900E+09
           DelSqV =  2.3744141423E+10
           DelSqVen =  1.8388843758E+13
           DelSqVrep = -1.8365099616E+13
           DelSqG =  6.3979983495E+08
           DelSqK = -2.4383941258E+10
           Stress_EigVals = -8.0677441781E+04 -8.0677317138E+04 -8.0676578177E+04
           Stress_EigVec1 =  9.2348995795E-01 -3.5851053661E-01 -1.3651554016E-01
           Stress_EigVec2 =  1.9190879033E-01  7.3986900006E-01 -6.4479832424E-01
           Stress_EigVec3 =  3.3217060942E-01  5.6926624516E-01  7.5206291516E-01
           -DivStress = -1.3697939187E+03  1.8510248922E+03 -8.8864287727E+02
           ESP =  -1.4763561761E+01     ESP at Nucleus =  -1.4763561761E+01
           ESPe = -3.1272772895E+01     ESPe at Nucleus = -3.1272772697E+01
           ESPn =  1.6509211134E+01     ESPn at Nucleus =  1.6509210936E+01

CP# 13     Coords =  5.44602123229785E+00 -1.75789201245277E-01 -8.37596562893130E-02
           Type = (3,-3) NACP C13
           Rho =  1.2209565812E+02     Rho at Nucleus =  1.2209565553E+02
           GradRho =  1.1426933435E-10 -1.1475168426E-12  1.4408423152E-12
           HessRho_EigVals = -3.2273095622E+05 -3.2273094761E+05 -3.2272751384E+05
           HessRho_EigVec1 = -4.2574527337E-01  6.0017199472E-01  6.7715178428E-01
           HessRho_EigVec2 =  9.0034264290E-01  2.0644098845E-01  3.8309952188E-01
           HessRho_EigVec3 =  9.0133720549E-02  7.7277143778E-01 -6.2825171498E-01
           DelSqRho = -9.6818941767E+05
           Bond Ellipticity = NA
           V = -2.4206406620E+05
           G =  8.3558922637E+00
           K =  2.4205571031E+05
           L =  2.4204735442E+05
           Vnuc =  1.4969866761E+06
           Ven = -1.8277557342E+08
           Vrep =  1.8253350935E+08
           DelSqV =  2.3747408528E+10
           DelSqVen =  1.4493666570E+12
           DelSqVrep = -1.4256192485E+12
           DelSqG =  6.3991863399E+08
           DelSqK = -2.4387327162E+10
           Stress_EigVals = -8.0688751193E+04 -8.0687771783E+04 -8.0687543226E+04
           Stress_EigVec1 =  8.9633264576E-02  7.7311101640E-01 -6.2790543413E-01
           Stress_EigVec2 = -9.3932029261E-01  2.7521741839E-01  2.0477490202E-01
           Stress_EigVec3 =  3.3112424521E-01  5.7144967315E-01  7.5086750183E-01
           -DivStress = -2.9336719198E+04  9.3900498588E+03  5.7578819583E+03
           ESP =  -1.4695311022E+01     ESP at Nucleus =  -1.4695311099E+01
           ESPe = -3.2068529986E+01     ESPe at Nucleus = -3.2068533295E+01
           ESPn =  1.7373218964E+01     ESPn at Nucleus =  1.7373222196E+01

CP# 14     Coords = -2.83177149311803E+00  1.46392202982511E+00  3.21518832046153E+00
           Type = (3,-3) NACP H14
           Rho =  4.3239228675E-01     Rho at Nucleus =  4.2910331700E-01
           GradRho =  6.7545134982E-17  7.8927800774E-16 -1.8702301465E-15
           HessRho_EigVals = -8.7217430885E+00 -8.7192662829E+00 -8.0166038307E+00
           HessRho_EigVec1 = -9.4911883769E-01  9.8695975995E-02 -2.9905273157E-01
           HessRho_EigVec2 =  1.2040108726E-02 -9.3755377242E-01 -3.4763193123E-01
           HessRho_EigVec3 = -3.1468788937E-01 -3.3354464192E-01  8.8866163647E-01
           DelSqRho = -2.5457613202E+01
           Bond Ellipticity = NA
           V = -6.3800557698E+00
           G =  7.8262346477E-03
           K =  6.3722295352E+00
           L =  6.3644033005E+00
           Vnuc =  5.3147173791E+01
           Ven = -2.2980428010E+01
           Vrep =  1.6600372240E+01
           DelSqV =  1.6565897735E+03
           DelSqVen =  1.3530001931E+03
           DelSqVrep =  3.0358958036E+02
           DelSqG =  1.2552002560E+02
           DelSqK = -1.7821097991E+03
           Stress_EigVals = -2.1861472689E+00 -2.1858911017E+00 -2.0080173993E+00
           Stress_EigVec1 =  8.8405543285E-01  2.3701126439E-01  4.0282955725E-01
           Stress_EigVec2 = -3.4507834441E-01  9.1229264804E-01  2.2055171853E-01
           Stress_EigVec3 = -3.1522520182E-01 -3.3398770169E-01  8.8830472658E-01
           -DivStress = -4.7826015826E+00 -5.0663090430E+00  1.3485809183E+01
           ESP =  -1.1071634463E+00     ESP at Nucleus =  -1.1083422995E+00
           ESPe = -1.8811574016E+01     ESPe at Nucleus = -1.8734766116E+01
           ESPn =  1.7704410569E+01     ESPn at Nucleus =  1.7626423816E+01

CP# 15     Coords = -2.35897820452703E+00  4.18971648465168E+00  1.43432234968331E+00
           Type = (3,-3) NACP H15
           Rho =  4.3305407852E-01     Rho at Nucleus =  4.2983824046E-01
           GradRho =  2.1686305133E-15 -1.3165896722E-14  4.2894189116E-16
           HessRho_EigVals = -8.7333913637E+00 -8.7312940520E+00 -8.0396047104E+00
           HessRho_EigVec1 =  9.8275033580E-01  7.4678022293E-02  1.6918915587E-01
           HessRho_EigVec2 = -1.6673930918E-01 -3.7949108419E-02  9.8527045421E-01
           HessRho_EigVec3 = -7.9998626563E-02  9.9648535271E-01  2.4842737194E-02
           DelSqRho = -2.5504290126E+01
           Bond Ellipticity = NA
           V = -6.3919504854E+00
           G =  7.9389769241E-03
           K =  6.3840115084E+00
           L =  6.3760725315E+00
           Vnuc =  5.2758384052E+01
           Ven = -2.2847233390E+01
           Vrep =  1.6455282904E+01
           DelSqV =  1.6605611948E+03
           DelSqVen =  1.3455651334E+03
           DelSqVrep =  3.1499606136E+02
           DelSqG =  1.2578721120E+02
           DelSqK = -1.7863484060E+03
           Stress_EigVals = -2.1892086143E+00 -2.1890301752E+00 -2.0137116959E+00
           Stress_EigVec1 =  7.8572459665E-01  4.8160028764E-02  6.1669884858E-01
