AIMSum (Version 17.01.25, Professional)
Copyright (c) 1997-2017 by Todd A. Keith
AIMSum is a component of the AIMAll package ( http://aim.tkgristmill.com )

TP:  64-bit Linux

Licensed To:  Research Group of Fernando Cortes Guzman, UNAM, fercor@unam.mx

Much of the Quantum Theory of Atoms in Molecules (QTAIM) is described in the book:
  "Atoms in Molecules - A Quantum Theory"
  R.F.W. Bader, Oxford University Press, Oxford, 1990

For additional references see:  http://aim.tkgristmill.com/references.html

Wfn File:  /home/alejandro/wd/aimqb_inps/tyrosine_pbepbe_def2QZVP.wfn
Sum File:  /home/alejandro/wd/aimqb_inps/tyrosine_pbepbe_def2QZVP.sum

SumViz File:  /home/alejandro/wd/aimqb_inps/tyrosine_pbepbe_def2QZVP.sumviz

Wfn Title:   opt tyrosine M062X def2TZVP                                                   
 
Total memory allocated for AIMSum =        1.690 Megabytes

Atomic units (a.u.) used throughout, except where stated otherwise

Model:  Restricted SCF
 
Restricted, closed-shell, single-determinant wavefunction.
  Number of electrons (from MO Occs)                   =          96.0000000000
  Number of Alpha electrons (from MO Occs)             =          48.0000000000
  Number of Beta electrons (from MO Occs)              =          48.0000000000
  Number of electron pairs (N*(N-1)/2)                 =        4560.0000000000
  Number of electron pairs (from Muller 2EDM)          =        4560.0000000000
 
Nuclear Charges and Cartesian Coordinates:
-------------------------------------------------------------------------------
Atom      Charge                X                  Y                  Z
-------------------------------------------------------------------------------
O1         8.0          -2.5881262700E+00  -2.5844078000E+00  -2.6534769800E+00
O2         8.0           7.8641922100E+00  -8.4434470000E-01  -6.5053566000E-01
O3         8.0          -4.6851729000E+00  -3.0276958800E+00   9.8156255000E-01
N4         7.0          -6.6764487200E+00   1.7881397400E+00  -1.5253570000E-01
C5         6.0          -2.1939639700E+00   2.1593420200E+00   1.4106671700E+00
C6         6.0          -4.0438427300E+00   1.1607234800E+00  -6.1518155000E-01
C7         6.0           5.0214857000E-01   1.3872994500E+00   9.4961174000E-01
C8         6.0           1.5127903200E+00  -7.4203420000E-01   2.1099840000E+00
C9         6.0           2.0219977400E+00   2.7149118400E+00  -7.4270730000E-01
C10        6.0          -3.8483618700E+00  -1.6950071000E+00  -6.5359582000E-01
C11        6.0           3.9638017600E+00  -1.5274630500E+00   1.6074683400E+00
C12        6.0           4.4691386500E+00   1.9580544100E+00  -1.2639003600E+00
C13        6.0           5.4460174800E+00  -1.7578800000E-01  -8.3758920000E-02
H14        1.0          -2.8406624900E+00   1.4545042500E+00   3.2402545100E+00
H15        1.0          -2.3611248600E+00   4.2174918800E+00   1.4351226700E+00
H16        1.0          -3.4801809600E+00   1.8736074600E+00  -2.4654868800E+00
H17        1.0           3.6315168000E-01  -1.8115292700E+00   3.4263397300E+00
H18        1.0           1.2752636000E+00   4.3842763100E+00  -1.6675960600E+00
H19        1.0          -6.8694510100E+00   3.6629552600E+00   1.8035465000E-01
H20        1.0          -7.2900869900E+00   8.4169004000E-01   1.3986992100E+00
H21        1.0           4.7266935500E+00  -3.1864364200E+00   2.5378429900E+00
H22        1.0           5.6525010900E+00   2.9931625300E+00  -2.5701358100E+00
H23        1.0          -2.4702497700E+00  -4.4018141800E+00  -2.4644447500E+00
H24        1.0           8.3237872000E+00  -2.3335320900E+00   2.8487657000E-01
 
Some Atomic Properties:
----------------------
  q(A) = Net Charge of Atom A
  L(A) = Lagrangian of Atom A = -(1/4) Times Atomic Integral of the Laplacian of the Electron Density
  K(A) = Electronic Kinetic Energy of Atom A (Hamiltonian Form)
  K_Scaled(A) = K(A) * E(Mol)/K(Mol) = Approximation to Virial-Based Total Energy of Atom A.
  |Mu_Intra(A)| = Magnitude of Intraatomic Dipole Moment of Atom A
--------------------------------------------------------------------------------------------------
Atom A          q(A)              L(A)              K(A)          K_Scaled(A)      |Mu_Intra(A)|
--------------------------------------------------------------------------------------------------
O1       -1.1018504861E+00  2.1543717682E-05  7.5568638459E+01 -7.5844652155E+01  2.5974834907E-01
O2       -1.0995741841E+00  1.6114969176E-05  7.5496266731E+01 -7.5772016091E+01  2.3002106008E-01
O3       -1.1692397752E+00  4.5377955863E-05  7.5645318538E+01 -7.5921612308E+01  4.4618487429E-01
N4       -9.8650665420E-01 -1.0000774903E-04  5.4866692409E+01 -5.5067092455E+01  2.6567092946E-01
C5        5.6184495800E-02  4.5348047294E-06  3.7836774765E+01 -3.7974973207E+01  2.8329441910E-02
C6        3.7606431070E-01 -1.1897303496E-03  3.7678479017E+01 -3.7816099285E+01  3.7753527808E-01
C7       -1.5795864800E-02  7.1145825774E-05  3.7919805674E+01 -3.8058307385E+01  6.7764821662E-02
C8       -5.8114663000E-03 -1.9330274832E-05  3.7898944345E+01 -3.8037369860E+01  1.0047903347E-01
C9       -4.2406537000E-03 -2.4922425137E-04  3.7896452837E+01 -3.8034869252E+01  8.4894671253E-02
C10       1.5580624647E+00 -3.2679876036E-04  3.6959238370E+01 -3.7094231619E+01  7.9292912521E-01
C11      -2.0317063400E-02 -3.0609290656E-04  3.7904056592E+01 -3.8042500780E+01  1.2261881616E-01
C12       2.0425201000E-03  3.7159123799E-05  3.7900321020E+01 -3.8038751563E+01  1.4421840268E-01
C13       5.0730885130E-01  1.1125404084E-05  3.7618730662E+01 -3.7756132699E+01  6.6698249730E-01
H14      -1.9308857000E-03  2.2489844953E-05  6.2835367860E-01 -6.3064873412E-01  1.4385830481E-01
H15      -1.4933558400E-02  3.1494165170E-05  6.3296152176E-01 -6.3527340739E-01  1.4597743486E-01
H16       1.3072434640E-02  4.7845840245E-05  6.3169271265E-01 -6.3399996397E-01  1.3586690895E-01
H17       1.6465079250E-02  3.0047923000E-05  6.1781698383E-01 -6.2007355419E-01  1.3235180864E-01
H18       2.1954857300E-03  2.5705847015E-05  6.2270459178E-01 -6.2497901407E-01  1.3846213360E-01
H19       3.3946838784E-01  3.5741909245E-05  4.9513913009E-01 -4.9694762082E-01  1.9787570535E-01
H20       3.5936597922E-01  3.5996350627E-05  4.8489465940E-01 -4.8666573230E-01  1.9105751971E-01
H21      -2.9155195000E-03  2.1326467214E-05  6.2184024769E-01 -6.2411151298E-01  1.4093198826E-01
H22       2.6922503630E-02  1.9999947996E-05  6.1194931996E-01 -6.1418445873E-01  1.3459492944E-01
H23       5.8949260346E-01  2.6896277775E-05  3.6263424616E-01 -3.6395876412E-01  1.6537346782E-01
H24       5.7501773538E-01  2.3236820369E-05  3.7589713299E-01 -3.7727009351E-01  1.6864783656E-01
--------------------------------------------------------------------------------------------------
Total    -1.4532596500E-03 -1.6634010970E-03  6.2727560364E+02 -6.2956672152E+02
 
Molecular charge q(Mol) from the wfn file:   0.0000000000E+00
Molecular energy E(Mol) from the wfn file:  -6.2956704262E+02
Molecular virial ratio (-V(Mol)/T(Mol)) from the wfn file:   2.0036524900E+00
Note.  K_Scaled(A) = (1+V(Mol)/T(Mol))*K(A) = (E(Mol)/T(Mol))*K(A)
       Only use K_Scaled(A) data with caution.
 
N_AIMInt(SumA)     =         96.001453
N_Analytic(Mol)    =         95.999989
 
G_AIMInt(SumA)     =        627.277267
G_Analytic(Mol)    =        627.275919
 
K_AIMInt(SumA)     =        627.275604
K_Analytic(Mol)    =        627.275919
 
L_AIMInt(SumA)     =         -0.001663
L_Analytic(Mol)    =          0.000000
 
VenT_AIMInt(SumA)  =      -3051.093324
VenT_Analytic(Mol) =      -3051.067765
 
Some Information About the Atomic Calculations:
----------------------------------------------
  Time(sec) = "Elapsed User Time", in Seconds, for Atom A by AIMInt and, if used, by TWOe
  NProc = Number of Processors Used for AIMInt Job
  BIM = Basin Integration Method
  OAQ = Angular Quadrature Outside of Beta Sphere
  ORQ = Multiple of Default for Radial Quadrature Outside of Beta Sphere
  IAQ = Multiple of Default for Angular Quadrature Inside of Beta Sphere
  IRQ = Multiple of Default for Radial Quadrature Inside of Beta Sphere
  MIR = Maximum Integration Radius
------------------------------------------------------------------------------------------------------
Atom A     Time(sec)   NProc      BIM              OAQ                 ORQ      IAQ      IRQ      MIR
------------------------------------------------------------------------------------------------------
O1            176       16     Proaim(5)    4334      (Very High)      1.00     1.00     1.00    13.00
O2            236       16     Proaim(5)    4334      (Very High)      1.00     1.00     1.00    13.00
O3            181       16     Proaim(5)    3074      (Very High)      1.00     1.00     1.00    13.00
N4            205       16     Proaim(5)    4334      (Very High)      1.00     1.00     1.00    13.00
C5            247       16     Proaim(5)    4334      (Very High)      1.00     1.00     1.00    13.00
C6            371       16     Proaim(5)    4334      (Very High)      1.00     1.00     1.00    13.00
C7            273       16     Proaim(5)    4334      (Very High)      1.00     1.00     1.00    13.00
C8            188       16     Proaim(5)    4334      (Very High)      1.00     1.00     1.00    13.00
C9            130       16     Proaim(5)    4334      (Very High)      1.00     1.00     1.00    13.00
C10           289       16     Proaim(5)    4334      (Very High)      1.00     1.00     1.00    13.00
C11           183       16     Proaim(5)    4334      (Very High)      1.00     1.00     1.00    13.00
C12           170       16     Proaim(5)    4334      (Very High)      1.00     1.00     1.00    13.00
C13           139       16     Proaim(5)    4334      (Very High)      1.00     1.00     1.00    13.00
H14            91       16     Proaim(5)    2030      (Very High)      1.00     1.00     1.00    13.00
H15            63       16     Proaim(5)    2030      (Very High)      1.00     1.00     1.00    13.00
H16            56       16     Proaim(5)    2030      (Very High)      1.00     1.00     1.00    13.00
H17            69       16     Proaim(5)    2030      (Very High)      1.00     1.00     1.00    13.00
H18            82       16     Proaim(5)    2030      (Very High)      1.00     1.00     1.00    13.00
H19            67       16     Proaim(5)    2030      (Very High)      1.00     1.00     1.00    13.00
H20            73       16     Proaim(5)    2030      (Very High)      1.00     1.00     1.00    13.00
H21            81       16     Proaim(5)    2030      (Very High)      1.00     1.00     1.00    13.00
H22            74       16     Proaim(5)    2030      (Very High)      1.00     1.00     1.00    13.00
H23            61       16     Proaim(5)    2030      (Very High)      1.00     1.00     1.00    13.00
H24            45       16     Proaim(5)    2030      (Very High)      1.00     1.00     1.00    13.00
------------------------------------------------------------------------------------------------------
Total        3550
Note:  Total wall clock time is less than total of atomic times if more than one atom
       was calculated at a time
 
Electron Density Critical Point Analysis of Molecular Structure:               
---------------------------------------------------------------                
  NACP = Nuclear Attractor Critical Point                                      
  NNACP = Non-Nuclear Attractor Critical Point                                 
  BCP = Bond Critical Point                                                    
  RCP = Ring Critical Point                                                    
  CCP = Cage Critical Point                                                    
  Rho = Electron Density                                                       
  GradRho = Gradient of Electron Density                                       
  HessRho_EigVals = Eigenvalues of the Hessian of Rho, Ascending Order         
  HessRho_EigVecs = Eigenvectors of the Hessian of Rho                         
  DelSqRho = Laplacian of Rho = Trace of Hessian of Rho                        
  Bond Ellipticity = (HessRho_EigVal(1) / HessRho_EigVal(2)) - 1               
  V = Virial Field = Potential Energy Density = Trace of Stress Tensor         
  G = Lagrangian Form of Kinetic Energy Density                                
  K = Hamiltonian Form of Kinetic Energy Density                               
  L = K - G = Lagrangian Density = (-1/4)DelSqRho                              
  Vnuc = Electrostatic Potential from Nuclei                                   
  Ven = Electron-nuclear attractive contribution to Virial Field V             
  Vrep = V - Ven = Repulsive contribution to Virial Field V                    
  DelSqV = Laplacian of V                                                      
  DelSqVen = Laplacian of Ven                                                  
  DelSqVrep = Laplacian of Vrep                                                
  DelSqG = Laplacian of G                                                      
  DelSqK = Laplacian of K                                                      
  Stress_EigVals = Eigenvalues of Stress Tensor, Ascending Order               
  Stress_EigVecs = Eigenvectors of Stress Tensor                               
  -DivStress = Ehrenfest Force Density = Minus Divergence of Stress Tensor     
  ESP = Total Electrostatic Potential                                          
  ESPe = Electrostatic Potential from Electrons                                
  ESPn = Electrostatic Potential from Nuclei                                   
  BP = Bond Path                                                               
  BPL = Bond Path Length                                                       
  GBL = Geometric Bond Length                                                  
  GBL_I = Distance Between Nuclear Attractors                                  
  GBL_II = Distance Between Nuclei                                             
  GBL_III = Sum of Distances Between BCP and Nuclear Attractors                
  GBL_IV = Sum of Distances Between BCP and Nuclei                             

CP# 1      Coords = -2.58812732438395E+00 -2.58440942541517E+00 -2.65347481974267E+00
           Type = (3,-3) NACP O1
           Rho =  3.0770087979E+02     Rho at Nucleus =  3.0770086622E+02
           GradRho = -4.7747983345E-10  7.0782313344E-10  5.3718718362E-10
           HessRho_EigVals = -3.2241373882E+06 -3.2241050842E+06 -3.2241009077E+06
           HessRho_EigVec1 = -3.5045753952E-01  8.3153050198E-01  4.3097162003E-01
           HessRho_EigVec2 = -3.3070774347E-01 -5.4038188943E-01  7.7370524231E-01
           HessRho_EigVec3 =  8.7624876685E-01  1.2862518358E-01  4.6437448331E-01
           DelSqRho = -9.6723433801E+06
           Bond Ellipticity = NA
           V = -2.4182696994E+06
           G =  9.1927184953E+01
           K =  2.4181777722E+06
           L =  2.4180858450E+06
           Vnuc =  2.7569297722E+06
           Ven = -8.4830971644E+08
           Vrep =  8.4589144674E+08
           DelSqV =  1.9922731703E+12
           DelSqVen =  2.6665971343E+13
           DelSqVrep = -2.4673698173E+13
           DelSqG =  2.5338939520E+10
           DelSqK = -2.0176121099E+12
           Stress_EigVals = -8.0609389238E+05 -8.0609062029E+05 -8.0608518672E+05
           Stress_EigVec1 =  8.6554613447E-01  1.1163907269E-01  4.8822802721E-01
           Stress_EigVec2 = -3.5897485395E-01 -5.4148377835E-01  7.6021863435E-01
           Stress_EigVec3 = -3.4923766026E-01  8.3326588507E-01  4.2860357142E-01
           -DivStress =  6.9556431477E+05  1.0722755250E+06 -1.4251119838E+06
           ESP =  -2.2297300527E+01     ESP at Nucleus =  -2.2297300599E+01
           ESPe = -3.7407861896E+01     ESPe at Nucleus = -3.7407859053E+01
           ESPn =  1.5110561369E+01     ESPn at Nucleus =  1.5110558455E+01

CP# 2      Coords =  7.86419031203097E+00 -8.44346189351214E-01 -6.50533674700833E-01
           Type = (3,-3) NACP O2
           Rho =  3.0754835593E+02     Rho at Nucleus =  3.0754834020E+02
           GradRho =  4.2289727276E-11  1.7528950513E-10 -1.6522383461E-10
           HessRho_EigVals = -3.2225494460E+06 -3.2225175475E+06 -3.2225036401E+06
           HessRho_EigVec1 =  7.5456777654E-01 -6.3837802789E-01  1.5199001321E-01
           HessRho_EigVec2 =  5.6440402724E-01  5.1318228176E-01 -6.4660037096E-01
           HessRho_EigVec3 =  3.3477688787E-01  5.7368757978E-01  7.4753394315E-01
           DelSqRho = -9.6675706336E+06
           Bond Ellipticity = NA
           V = -2.4170769130E+06
           G =  9.2127310994E+01
           K =  2.4169847857E+06
           L =  2.4168926584E+06
           Vnuc =  2.5605053891E+06
           Ven = -7.8747922277E+08
           Vrep =  7.8506214586E+08
           DelSqV =  1.9912915486E+12
           DelSqVen =  2.4753866805E+13
           DelSqVrep = -2.2762575257E+13
           DelSqG =  2.5326496620E+10
           DelSqK = -2.0166180453E+12
           Stress_EigVals = -8.0569799601E+05 -8.0569194700E+05 -8.0568697001E+05
           Stress_EigVec1 =  3.3431778528E-01  5.7328593006E-01  7.4804736537E-01
           Stress_EigVec2 =  5.3357095401E-01  5.3913271374E-01 -6.5164250476E-01
           Stress_EigVec3 =  7.7687428551E-01 -6.1699202537E-01  1.2564706580E-01
           -DivStress =  1.2514523961E+06  9.8202839117E+05 -1.3090370799E+06
           ESP =  -2.2311290396E+01     ESP at Nucleus =  -2.2311290477E+01
           ESPe = -3.4890786535E+01     ESPe at Nucleus = -3.4890782226E+01
           ESPn =  1.2579496139E+01     ESPn at Nucleus =  1.2579491749E+01

CP# 3      Coords = -4.68517180821247E+00 -3.02769423081782E+00  9.81560449105763E-01
           Type = (3,-3) NACP O3
           Rho =  3.0787785764E+02     Rho at Nucleus =  3.0787784421E+02
           GradRho =  3.0010660623E-11 -1.9369394977E-11  1.5230661177E-10
           HessRho_EigVals = -3.2259708603E+06 -3.2259626007E+06 -3.2259385928E+06
           HessRho_EigVec1 =  8.5476327229E-01  5.4231914562E-02  5.1617695395E-01
           HessRho_EigVec2 = -3.8903588051E-01 -5.9136530510E-01  7.0635554758E-01
           HessRho_EigVec3 = -3.4355615557E-01  8.0457813503E-01  4.8437918267E-01
           DelSqRho = -9.6778720538E+06
           Bond Ellipticity = NA
           V = -2.4196507364E+06
           G =  9.1361496072E+01
           K =  2.4195593749E+06
           L =  2.4194680134E+06
           Vnuc =  2.7725896780E+06
           Ven = -8.5361897020E+08
           Vrep =  8.5119931946E+08
           DelSqV =  1.9934095482E+12
           DelSqVen =  2.6832768123E+13
           DelSqVrep = -2.4839358566E+13
           DelSqG =  2.5353322349E+10
           DelSqK = -2.0187628706E+12
           Stress_EigVals = -8.0655558173E+05 -8.0654762657E+05 -8.0654752814E+05
           Stress_EigVec1 = -3.4159264097E-01  8.0782415369E-01  4.8034841974E-01
           Stress_EigVec2 =  7.4646313429E-01  5.4373718042E-01 -3.8359179837E-01
           Stress_EigVec3 =  5.7105801525E-01 -2.2753025149E-01  7.8874756918E-01
           -DivStress = -7.2065596387E+05 -1.0885888363E+06  1.3867386776E+06
           ESP =  -2.2360551091E+01     ESP at Nucleus =  -2.2360551163E+01
           ESPe = -3.7060348610E+01     ESPe at Nucleus = -3.7060341475E+01
           ESPn =  1.4699797519E+01     ESPn at Nucleus =  1.4699790312E+01

CP# 4      Coords = -6.67644688920037E+00  1.78814051035858E+00 -1.52533492905524E-01
           Type = (3,-3) NACP N4
           Rho =  2.0260470745E+02     Rho at Nucleus =  2.0260470022E+02
           GradRho =  3.9753866865E-10 -4.6102788254E-11 -5.2846615972E-14
           HessRho_EigVals = -1.6411860703E+06 -1.6411831740E+06 -1.6411654327E+06
           HessRho_EigVec1 = -8.2836640564E-01  3.7939952177E-01  4.1214694089E-01
           HessRho_EigVec2 =  1.9872528754E-01  8.8690545754E-01 -4.1702154559E-01
           HessRho_EigVec3 =  5.2375314614E-01  2.6354261946E-01  8.1007896506E-01
           DelSqRho = -4.9235346770E+06
           Bond Ellipticity = NA
           V = -1.2309530964E+06
           G =  3.4713583977E+01
           K =  1.2309183828E+06
           L =  1.2308836692E+06
           Vnuc =  2.3574983594E+06
           Ven = -4.7764026542E+08
           Vrep =  4.7640931232E+08
           DelSqV =  7.9004095325E+11
           DelSqVen =  1.1607224893E+13
           DelSqVrep = -1.0817183944E+13
           DelSqG =  9.9712364978E+09
           DelSqK = -8.0001218975E+11
           Stress_EigVals = -4.1032006377E+05 -4.1031691970E+05 -4.1031611294E+05
           Stress_EigVec1 =  4.9193202186E-01  2.6299224991E-01  8.2996262709E-01
           Stress_EigVec2 =  1.9120586098E-01  8.9737781891E-01 -3.9768501210E-01
           Stress_EigVec3 = -8.4937812816E-01  3.5432771076E-01  3.9116322525E-01
           -DivStress = -4.7895264104E+05 -2.0152948164E+05 -5.7739148303E+05
           ESP =  -1.8395625164E+01     ESP at Nucleus =  -1.8395625216E+01
           ESPe = -3.2453271946E+01     ESPe at Nucleus = -3.2453268607E+01
           ESPn =  1.4057646782E+01     ESPn at Nucleus =  1.4057643392E+01

CP# 5      Coords = -2.19396380058769E+00  2.15934190663504E+00  1.41066688994641E+00
           Type = (3,-3) NACP C5
           Rho =  1.2498942575E+02     Rho at Nucleus =  1.2498942571E+02
           GradRho =  5.0279591601E-10 -3.3633928975E-10 -1.1274395306E-09
           HessRho_EigVals = -7.4675605024E+05 -7.4675564848E+05 -7.4675478116E+05
           HessRho_EigVec1 =  6.4414732022E-01  3.7282372449E-01  6.6788973664E-01
           HessRho_EigVec2 = -7.4117937152E-01  5.2000096072E-01  4.2456111466E-01
           HessRho_EigVec3 =  1.8901684867E-01  7.6850599953E-01 -6.1128647916E-01
           DelSqRho = -2.2402664799E+06
           Bond Ellipticity = NA
           V = -5.6008831534E+05
           G =  1.0847686143E+01
           K =  5.6007746765E+05
           L =  5.6006661997E+05
           Vnuc =  1.7321813490E+07
           Ven = -2.1650435211E+09
           Vrep =  2.1644834328E+09
           DelSqV =  2.6557656294E+11
           DelSqVen =  3.8805472018E+13
           DelSqVrep = -3.8539895455E+13
           DelSqG =  3.3462793418E+09
           DelSqK = -2.6892284228E+11
           Stress_EigVals = -1.8669630528E+05 -1.8669607256E+05 -1.8669593750E+05
           Stress_EigVec1 =  1.8503365615E-01  7.7891691884E-01 -5.9920862780E-01
           Stress_EigVec2 = -7.3398425789E-01  5.1498579874E-01  4.4278294487E-01
           Stress_EigVec3 =  6.5347506094E-01  3.5787995283E-01  6.6700246184E-01
           -DivStress = -1.4900186051E+04  9.9707994623E+03  2.4629021643E+04
           ESP =  -1.4760802938E+01     ESP at Nucleus =  -1.4760802938E+01
           ESPe = -3.2456041481E+01     ESPe at Nucleus = -3.2456040989E+01
           ESPn =  1.7695238544E+01     ESPn at Nucleus =  1.7695238051E+01

CP# 6      Coords = -4.04384353915118E+00  1.16072326556219E+00 -6.15181068990133E-01
           Type = (3,-3) NACP C6
           Rho =  1.2497588839E+02     Rho at Nucleus =  1.2497588804E+02
           GradRho =  2.8611257807E-10  5.0239534755E-11  1.0654449545E-11
           HessRho_EigVals = -7.4668756922E+05 -7.4668630371E+05 -7.4668519219E+05
           HessRho_EigVec1 =  9.3415288593E-01 -3.5655398933E-01 -1.5087690785E-02
           HessRho_EigVec2 =  3.3791284330E-01  8.7013467742E-01  3.5872071794E-01
           HessRho_EigVec3 = -1.1477498008E-01 -3.4019831840E-01  9.3332299238E-01
           DelSqRho = -2.2400590651E+06
           Bond Ellipticity = NA
           V = -5.6003598282E+05
           G =  1.0608267546E+01
           K =  5.6002537455E+05
           L =  5.6001476628E+05
           Vnuc =  6.2147835127E+06
           Ven = -7.7669809066E+08
           Vrep =  7.7613805468E+08
           DelSqV =  2.6555198043E+11
           DelSqVen =  1.3921482506E+13
           DelSqVrep = -1.3655930591E+13
           DelSqG =  3.3460195117E+09
           DelSqK = -2.6889799994E+11
           Stress_EigVals = -1.8667897935E+05 -1.8667865684E+05 -1.8667834663E+05
           Stress_EigVec1 = -1.1316984983E-01 -3.3862243736E-01  9.3409176744E-01
           Stress_EigVec2 =  3.0632483978E-01  8.8244401563E-01  3.5701211717E-01
           Stress_EigVec3 =  9.4517600352E-01 -3.2653851869E-01 -3.8624071413E-03
           -DivStress =  7.1153735946E+04  1.8854935090E+04 -4.2297577176E+04
           ESP =  -1.4723508485E+01     ESP at Nucleus =  -1.4723508487E+01
           ESPe = -3.3018571597E+01     ESPe at Nucleus = -3.3018571520E+01
           ESPn =  1.8295063112E+01     ESPn at Nucleus =  1.8295063032E+01

CP# 7      Coords =  5.02148149885204E-01  1.38729956589195E+00  9.49611784119678E-01
           Type = (3,-3) NACP C7
           Rho =  1.2506284410E+02     Rho at Nucleus =  1.2506284403E+02
           GradRho = -2.6199296066E-09  6.8270256115E-10  2.7592109153E-10
           HessRho_EigVals = -7.4717625452E+05 -7.4717460908E+05 -7.4717373039E+05
           HessRho_EigVec1 =  3.3931864819E-01  5.6866034349E-01  7.4932520893E-01
           HessRho_EigVec2 =  9.3462886001E-01 -2.9395450253E-01 -2.0014905566E-01
           HessRho_EigVec3 =  1.0645068828E-01  7.6825527280E-01 -6.3123061300E-01
           DelSqRho = -2.2415245940E+06
           Bond Ellipticity = NA
           V = -5.6040281270E+05
           G =  1.0832098010E+01
           K =  5.6039198060E+05
           L =  5.6038114850E+05
           Vnuc =  1.3697580785E+07
           Ven = -1.7130584103E+09
           Vrep =  1.7124980075E+09
           DelSqV =  2.6572531822E+11
           DelSqVen =  3.0703465005E+13
           DelSqVrep = -3.0437739687E+13
           DelSqG =  3.3480717791E+09
           DelSqK = -2.6907339000E+11
           Stress_EigVals = -1.8680135845E+05 -1.8680107644E+05 -1.8680037780E+05
           Stress_EigVec1 =  1.0253049202E-01  7.6957464223E-01 -6.3027166226E-01
           Stress_EigVec2 = -9.3927998768E-01  2.8349289431E-01  1.9335170963E-01
           Stress_EigVec3 =  3.2747611050E-01  5.7217711324E-01  7.5191272641E-01
           -DivStress =  3.6966574458E+04 -1.0196589668E+04 -3.8809113477E+03
           ESP =  -1.4765619352E+01     ESP at Nucleus =  -1.4765619353E+01
           ESPe = -3.3963609383E+01     ESPe at Nucleus = -3.3963609503E+01
           ESPn =  1.9197990031E+01     ESPn at Nucleus =  1.9197990150E+01

CP# 8      Coords =  1.51279037976888E+00 -7.42034377986593E-01  2.10998409488758E+00
           Type = (3,-3) NACP C8
           Rho =  1.2510768300E+02     Rho at Nucleus =  1.2510768298E+02
           GradRho =  3.5742964144E-11 -2.3288948547E-10  4.6748382942E-11
           HessRho_EigVals = -7.4743423850E+05 -7.4743143444E+05 -7.4743122151E+05
           HessRho_EigVec1 =  3.3493760220E-01  5.7789376973E-01  7.4421474961E-01
           HessRho_EigVec2 =  6.9011063881E-01  3.8731116801E-01 -6.1134062956E-01
           HessRho_EigVec3 =  6.4153262492E-01 -7.1835148085E-01  2.6908556468E-01
           DelSqRho = -2.2422968945E+06
           Bond Ellipticity = NA
           V = -5.6059596709E+05
           G =  1.0871736827E+01
           K =  5.6058509535E+05
           L =  5.6057422361E+05
           Vnuc =  2.8521303507E+07
           Ven = -3.5682341979E+09
           Vrep =  3.5676736019E+09
           DelSqV =  2.6581667340E+11
           DelSqVen =  6.3953304551E+13
           DelSqVrep = -6.3687487878E+13
           DelSqG =  3.3491787330E+09
           DelSqK = -2.6916585213E+11
           Stress_EigVals = -1.8686572918E+05 -1.8686563228E+05 -1.8686460563E+05
           Stress_EigVec1 =  6.9776627395E-01 -6.8368141246E-01  2.1378015155E-01
           Stress_EigVec2 =  6.3349033902E-01  4.4964323639E-01 -6.2969115472E-01
           Stress_EigVec3 =  3.3438333886E-01  5.7480491145E-01  7.4685145542E-01
           -DivStress = -5.2648682138E+03  1.5662669774E+04 -8.3472449793E+03
           ESP =  -1.4769698491E+01     ESP at Nucleus =  -1.4769698491E+01
           ESPe = -3.2687900741E+01     ESPe at Nucleus = -3.2687901009E+01
           ESPn =  1.7918202250E+01     ESPn at Nucleus =  1.7918202519E+01

CP# 9      Coords =  2.02199773635619E+00  2.71491201219303E+00 -7.42707440348307E-01
           Type = (3,-3) NACP C9
           Rho =  1.2510593445E+02     Rho at Nucleus =  1.2510593443E+02
           GradRho =  1.3255807563E-10  1.5453367752E-10 -1.9732515621E-10
           HessRho_EigVals = -7.4742249811E+05 -7.4741977385E+05 -7.4741943080E+05
           HessRho_EigVec1 =  3.3648369292E-01  5.5815892828E-01  7.5844402244E-01
           HessRho_EigVec2 = -3.5432362711E-01  8.2126296706E-01 -4.4719336557E-01
           HessRho_EigVec3 =  8.7248695788E-01  1.1826136189E-01 -4.7411049198E-01
           DelSqRho = -2.2422617028E+06
           Bond Ellipticity = NA
           V = -5.6058716549E+05
           G =  1.0869898733E+01
           K =  5.6057629559E+05
           L =  5.6056542569E+05
           Vnuc =  2.7005856033E+07
           Ven = -3.3785928546E+09
           Vrep =  3.3780322675E+09
           DelSqV =  2.6581249053E+11
           DelSqVen =  6.0554167190E+13
           DelSqVrep = -6.0288354699E+13
           DelSqG =  3.3491203262E+09
           DelSqK = -2.6916161086E+11
           Stress_EigVals = -1.8686281552E+05 -1.8686267683E+05 -1.8686167314E+05
           Stress_EigVec1 =  8.8117193001E-01  9.5763978195E-02 -4.6299599376E-01
           Stress_EigVec2 = -3.3250177248E-01  8.2170896554E-01 -4.6285737247E-01
           Stress_EigVec3 =  3.3612289575E-01  5.6180391280E-01  7.5590856756E-01
           -DivStress =  3.1788279909E+02 -1.5150432681E+04  1.2350087053E+04
           ESP =  -1.4769730532E+01     ESP at Nucleus =  -1.4769730532E+01
           ESPe = -3.2140387087E+01     ESPe at Nucleus = -3.2140387456E+01
           ESPn =  1.7370656556E+01     ESPn at Nucleus =  1.7370656924E+01

CP# 10     Coords = -3.84836106990070E+00 -1.69500792930284E+00 -6.53596982303877E-01
           Type = (3,-3) NACP C10
           Rho =  1.2520253990E+02     Rho at Nucleus =  1.2520253890E+02
           GradRho =  2.9135915902E-11  8.0269124680E-12  1.2808643035E-11
           HessRho_EigVals = -7.4798789423E+05 -7.4798555937E+05 -7.4798286900E+05
           HessRho_EigVec1 =  8.5213953510E-01  9.5195277521E-02  5.1458339641E-01
           HessRho_EigVec2 = -5.1103316321E-01  3.6315513628E-01  7.7907859237E-01
           HessRho_EigVec3 =  1.1270900064E-01  9.2685285031E-01 -3.5810679279E-01
           DelSqRho = -2.2439563226E+06
           Bond Ellipticity = NA
           V = -5.6100966830E+05
           G =  1.0293826355E+01
           K =  5.6099937448E+05
           L =  5.6098908065E+05
           Vnuc =  3.6658873511E+06
           Ven = -4.5897840734E+08
           Vrep =  4.5841739767E+08
           DelSqV =  2.6601265171E+11
           DelSqVen =  8.2260912046E+12
           DelSqVrep = -7.9600785365E+12
           DelSqG =  3.3515896948E+09
           DelSqK = -2.6936424140E+11
           Stress_EigVals = -1.8700412755E+05 -1.8700319034E+05 -1.8700235041E+05
           Stress_EigVec1 =  1.8162946413E-01  8.7231278268E-01 -4.5396161395E-01
           Stress_EigVec2 = -4.8387657776E-01  4.8116536846E-01  7.3098792445E-01
           Stress_EigVec3 =  8.5608071772E-01  8.6892447184E-02  5.0948553205E-01
           -DivStress = -7.0479618261E+04  7.3037522610E+04  1.0238826661E+05
           ESP =  -1.4652251256E+01     ESP at Nucleus =  -1.4652251266E+01
           ESPe = -3.3698367697E+01     ESPe at Nucleus = -3.3698367932E+01
           ESPn =  1.9046116441E+01     ESPn at Nucleus =  1.9046116666E+01

CP# 11     Coords =  3.96380197995072E+00 -1.52746321220483E+00  1.60746837313538E+00
           Type = (3,-3) NACP C11
           Rho =  1.2507375062E+02     Rho at Nucleus =  1.2507375059E+02
           GradRho =  3.9751912873E-10 -3.2440793454E-10  1.1375567155E-10
           HessRho_EigVals = -7.4722828176E+05 -7.4722683644E+05 -7.4722628221E+05
           HessRho_EigVec1 =  3.2841939247E-01  5.7372910492E-01  7.5031701088E-01
           HessRho_EigVec2 = -8.8541310328E-02  8.0958199475E-01 -5.8029081514E-01
           HessRho_EigVec3 =  9.4037287233E-01 -1.2414470566E-01 -3.1668115360E-01
           DelSqRho = -2.2416814004E+06
           Bond Ellipticity = NA
           V = -5.6044231064E+05
           G =  1.0980268359E+01
           K =  5.6043133037E+05
           L =  5.6042035010E+05
           Vnuc =  2.1794912848E+07
           Ven = -2.7259714943E+09
           Vrep =  2.7254110520E+09
           DelSqV =  2.6574383904E+11
           DelSqVen =  4.8857224315E+13
           DelSqVrep = -4.8591484670E+13
           DelSqG =  3.3482496391E+09
           DelSqK = -2.6909208868E+11
           Stress_EigVals = -1.8681445735E+05 -1.8681426853E+05 -1.8681358476E+05
           Stress_EigVec1 =  9.3395371645E-01 -8.6918916405E-02 -3.4666346433E-01
           Stress_EigVec2 = -1.3339942392E-01  8.1509287014E-01 -5.6376254464E-01
           Stress_EigVec3 =  3.3156454761E-01  5.7277283020E-01  7.4966408194E-01
           -DivStress = -1.9350128101E+04  1.4267057332E+04 -2.9127274094E+03
           ESP =  -1.4768943654E+01     ESP at Nucleus =  -1.4768943654E+01
           ESPe = -3.1579620995E+01     ESPe at Nucleus = -3.1579621399E+01
           ESPn =  1.6810677341E+01     ESPn at Nucleus =  1.6810677745E+01

CP# 12     Coords =  4.46913878229931E+00  1.95805433031949E+00 -1.26390035414780E+00
           Type = (3,-3) NACP C12
           Rho =  1.2508168977E+02     Rho at Nucleus =  1.2508168976E+02
           GradRho =  3.0916647020E-10 -1.2977463548E-10 -2.3366031332E-12
           HessRho_EigVals = -7.4727509944E+05 -7.4727311293E+05 -7.4727272351E+05
           HessRho_EigVec1 =  3.3115070493E-01  5.6976517692E-01  7.5213486410E-01
           HessRho_EigVec2 =  9.4356937246E-03  7.9507003153E-01 -6.0644423704E-01
           HessRho_EigVec3 =  9.4353069813E-01 -2.0792135081E-01 -2.5791187171E-01
           DelSqRho = -2.2418209359E+06
           Bond Ellipticity = NA
           V = -5.6047719486E+05
           G =  1.0980445209E+01
           K =  5.6046621442E+05
           L =  5.6045523397E+05
           Vnuc =  3.8821886140E+07
           Ven = -4.8559071184E+09
           Vrep =  4.8553466412E+09
           DelSqV =  2.6576034988E+11
           DelSqVen =  8.7031774446E+13
           DelSqVrep = -8.6766047650E+13
           DelSqG =  3.3484539195E+09
           DelSqK = -2.6910880380E+11
           Stress_EigVals = -1.8682609946E+05 -1.8682596135E+05 -1.8682513405E+05
           Stress_EigVec1 =  9.3548453817E-01 -2.9991973538E-01 -1.8686045909E-01
           Stress_EigVec2 =  1.1923073481E-01  7.6569082415E-01 -6.3206138443E-01
           Stress_EigVec3 =  3.3264502208E-01  5.6900414247E-01  7.5205157745E-01
           -DivStress = -1.1638120204E+04  7.0157403204E+03 -5.1953199234E+02
           ESP =  -1.4774086127E+01     ESP at Nucleus =  -1.4774086127E+01
           ESPe = -3.1283297021E+01     ESPe at Nucleus = -3.1283297063E+01
           ESPn =  1.6509210894E+01     ESPn at Nucleus =  1.6509210936E+01

CP# 13     Coords =  5.44601945498280E+00 -1.75788612689445E-01 -8.37593237652584E-02
           Type = (3,-3) NACP C13
           Rho =  1.2508386898E+02     Rho at Nucleus =  1.2508386732E+02
           GradRho = -1.0836886943E-10  9.2801452287E-12 -2.9755087283E-12
           HessRho_EigVals = -7.4728480457E+05 -7.4728443169E+05 -7.4728085127E+05
           HessRho_EigVec1 =  9.3405003419E-01 -2.8256247377E-01 -2.1842385871E-01
           HessRho_EigVec2 =  3.4635182300E-01  5.6747202010E-01  7.4700463258E-01
           HessRho_EigVec3 =  8.7126048560E-02  7.7339120425E-01 -6.2791328768E-01
           DelSqRho = -2.2418500875E+06
           Bond Ellipticity = NA
           V = -5.6048373132E+05
           G =  1.0604716015E+01
           K =  5.6047312660E+05
           L =  5.6046252188E+05
           Vnuc =  2.8478211157E+06
           Ven = -3.5621648332E+08
           Vrep =  3.5565599959E+08
           DelSqV =  2.6576349298E+11
           DelSqVen =  6.3843881615E+12
           DelSqVrep = -6.1186246686E+12
           DelSqG =  3.3484778978E+09
           DelSqK = -2.6911197087E+11
           Stress_EigVals = -1.8682875702E+05 -1.8682752022E+05 -1.8682745407E+05
           Stress_EigVec1 =  8.7435974616E-02  7.7360577016E-01 -6.2760581795E-01
           Stress_EigVec2 =  9.4102926598E-01 -2.7084414425E-01 -2.0274952550E-01
           Stress_EigVec3 =  3.2683156351E-01  5.7286783983E-01  7.5166719177E-01
           -DivStress = -1.7380002524E+05  5.3915791951E+04  3.5532902843E+04
           ESP =  -1.4710237756E+01     ESP at Nucleus =  -1.4710237772E+01
           ESPe = -3.2083458253E+01     ESPe at Nucleus = -3.2083459969E+01
           ESPn =  1.7373220496E+01     ESPn at Nucleus =  1.7373222196E+01

CP# 14     Coords = -2.83708168129890E+00  1.45832404021052E+00  3.23008869640345E+00
           Type = (3,-3) NACP H14
           Rho =  4.6894203866E-01     Rho at Nucleus =  4.6743739412E-01
           GradRho =  9.3416333696E-13  9.9811998944E-13 -2.6556187804E-12
           HessRho_EigVals = -2.3661282556E+01 -2.3659387744E+01 -2.2405250244E+01
           HessRho_EigVec1 =  9.3748750042E-01 -2.5812122720E-01  2.3343225704E-01
           HessRho_EigVec2 =  1.5175810478E-01  9.0681935520E-01  3.9325327038E-01
           HessRho_EigVec3 = -3.1318790557E-01 -3.3324478856E-01  8.8930379888E-01
           DelSqRho = -6.9725920543E+01
           Bond Ellipticity = NA
           V = -1.7448656859E+01
           G =  8.5883617278E-03
           K =  1.7440068498E+01
           L =  1.7431480136E+01
           Vnuc =  1.0510952933E+02
           Ven = -4.9290276967E+01
           Vrep =  3.1841620108E+01
           DelSqV =  2.3794229899E+04
           DelSqVen =  7.3288586905E+03
           DelSqVrep =  1.6465371208E+04
           DelSqG =  8.6531815167E+02
           DelSqK = -2.4659548050E+04
           Stress_EigVals = -5.9219017737E+00 -5.9218549664E+00 -5.6049001192E+00
           Stress_EigVec1 =  1.7108020176E-01  9.0105604668E-01  3.9853427117E-01
           Stress_EigVec2 =  9.3404675041E-01 -2.7703875644E-01  2.2540229697E-01
           Stress_EigVec3 = -3.1350954151E-01 -3.3368777047E-01  8.8902431869E-01
           -DivStress = -2.8408977342E+01 -3.0309890094E+01  8.0650339459E+01
           ESP =  -1.1105074045E+00     ESP at Nucleus =  -1.1107314701E+00
           ESPe = -1.8768401606E+01     ESPe at Nucleus = -1.8737155286E+01
           ESPn =  1.7657894202E+01     ESPn at Nucleus =  1.7626423816E+01

CP# 15     Coords = -2.36027139351680E+00  4.20624935906557E+00  1.43482217650548E+00
           Type = (3,-3) NACP H15
           Rho =  4.6965203630E-01     Rho at Nucleus =  4.6818432093E-01
           GradRho =  3.7328182906E-10 -4.9073786298E-09 -1.3076386588E-10
           HessRho_EigVals = -2.3713676723E+01 -2.3712114696E+01 -2.2480796522E+01
           HessRho_EigVec1 =  9.9691028477E-01  7.8442734826E-02 -4.0769439050E-03
           HessRho_EigVec2 =  6.0157962498E-03 -2.4496372551E-02  9.9968181834E-01
           HessRho_EigVec3 = -7.8317905450E-02  9.9661761227E-01  2.4892581246E-02
           DelSqRho = -6.9906587941E+01
           Bond Ellipticity = NA
           V = -1.7494076848E+01
           G =  8.7149313895E-03
           K =  1.7485361917E+01
           L =  1.7476646985E+01
           Vnuc =  1.0548890161E+02
           Ven = -4.9543077446E+01
           Vrep =  3.2049000598E+01
           DelSqV =  2.3873432647E+04
           DelSqVen =  7.3743692544E+03
           DelSqVrep =  1.6499063393E+04
           DelSqG =  8.6848591641E+02
           DelSqK = -2.4741918564E+04
           Stress_EigVals = -5.9352600933E+00 -5.9351084682E+00 -5.6237082867E+00
           Stress_EigVec1 = -1.0730273548E-01 -3.2651547013E-02  9.9369009225E-01
           Stress_EigVec2 =  9.9113936104E-01  7.5186372528E-02  1.0949783731E-01
