AIMSum (Version 17.01.25, Professional)
Copyright (c) 1997-2017 by Todd A. Keith
AIMSum is a component of the AIMAll package ( http://aim.tkgristmill.com )

TP:  64-bit Linux

Licensed To:  Research Group of Fernando Cortes Guzman, UNAM, fercor@unam.mx

Much of the Quantum Theory of Atoms in Molecules (QTAIM) is described in the book:
  "Atoms in Molecules - A Quantum Theory"
  R.F.W. Bader, Oxford University Press, Oxford, 1990

For additional references see:  http://aim.tkgristmill.com/references.html

Wfn File:  /home/alejandro/wd/aimqb_inps/tyrosine_pbe0_def2QZVP.wfn
Sum File:  /home/alejandro/wd/aimqb_inps/tyrosine_pbe0_def2QZVP.sum

SumViz File:  /home/alejandro/wd/aimqb_inps/tyrosine_pbe0_def2QZVP.sumviz

Wfn Title:   opt tyrosine M062X def2TZVP                                                   
 
Total memory allocated for AIMSum =       24.106 Megabytes

Atomic units (a.u.) used throughout, except where stated otherwise

Model:  Unknown
 
Restricted, natural orbital wavefunction.
  Number of electrons (from MO Occs)                   =          96.0000000000
  Number of Alpha electrons (from MO Occs)             =          48.0000000000
  Number of Beta electrons (from MO Occs)              =          48.0000000000
  Number of electron pairs (N*(N-1)/2)                 =        4560.0000000000
  Number of electron pairs (from Muller 2EDM)          =        4559.9999996944
  Number of electron pairs (from Muller 2EDM, no SOSI) =        4560.2837436164
 
Nuclear Charges and Cartesian Coordinates:
-------------------------------------------------------------------------------
Atom      Charge                X                  Y                  Z
-------------------------------------------------------------------------------
O1         8.0          -2.5881262700E+00  -2.5844078000E+00  -2.6534769800E+00
O2         8.0           7.8641922100E+00  -8.4434470000E-01  -6.5053566000E-01
O3         8.0          -4.6851729000E+00  -3.0276958800E+00   9.8156255000E-01
N4         7.0          -6.6764487200E+00   1.7881397400E+00  -1.5253570000E-01
C5         6.0          -2.1939639700E+00   2.1593420200E+00   1.4106671700E+00
C6         6.0          -4.0438427300E+00   1.1607234800E+00  -6.1518155000E-01
C7         6.0           5.0214857000E-01   1.3872994500E+00   9.4961174000E-01
C8         6.0           1.5127903200E+00  -7.4203420000E-01   2.1099840000E+00
C9         6.0           2.0219977400E+00   2.7149118400E+00  -7.4270730000E-01
C10        6.0          -3.8483618700E+00  -1.6950071000E+00  -6.5359582000E-01
C11        6.0           3.9638017600E+00  -1.5274630500E+00   1.6074683400E+00
C12        6.0           4.4691386500E+00   1.9580544100E+00  -1.2639003600E+00
C13        6.0           5.4460174800E+00  -1.7578800000E-01  -8.3758920000E-02
H14        1.0          -2.8406624900E+00   1.4545042500E+00   3.2402545100E+00
H15        1.0          -2.3611248600E+00   4.2174918800E+00   1.4351226700E+00
H16        1.0          -3.4801809600E+00   1.8736074600E+00  -2.4654868800E+00
H17        1.0           3.6315168000E-01  -1.8115292700E+00   3.4263397300E+00
H18        1.0           1.2752636000E+00   4.3842763100E+00  -1.6675960600E+00
H19        1.0          -6.8694510100E+00   3.6629552600E+00   1.8035465000E-01
H20        1.0          -7.2900869900E+00   8.4169004000E-01   1.3986992100E+00
H21        1.0           4.7266935500E+00  -3.1864364200E+00   2.5378429900E+00
H22        1.0           5.6525010900E+00   2.9931625300E+00  -2.5701358100E+00
H23        1.0          -2.4702497700E+00  -4.4018141800E+00  -2.4644447500E+00
H24        1.0           8.3237872000E+00  -2.3335320900E+00   2.8487657000E-01
 
Some Atomic Properties:
----------------------
  q(A) = Net Charge of Atom A
  L(A) = Lagrangian of Atom A = -(1/4) Times Atomic Integral of the Laplacian of the Electron Density
  K(A) = Electronic Kinetic Energy of Atom A (Hamiltonian Form)
  K_Scaled(A) = K(A) * E(Mol)/K(Mol) = Approximation to Virial-Based Total Energy of Atom A.
  |Mu_Intra(A)| = Magnitude of Intraatomic Dipole Moment of Atom A
--------------------------------------------------------------------------------------------------
Atom A          q(A)              L(A)              K(A)          K_Scaled(A)      |Mu_Intra(A)|
--------------------------------------------------------------------------------------------------
O1       -1.2170778753E+00 -2.5805041804E-05  7.5627638263E+01 -7.5946833029E+01  3.6060924253E-01
O2       -1.2066436609E+00  2.9984314918E-05  7.5552844711E+01 -7.5871723803E+01  3.1686357244E-01
O3       -1.2646867134E+00  4.7715548782E-05  7.5700519605E+01 -7.6020021975E+01  5.6985163478E-01
N4       -1.0797311539E+00 -1.8635174723E-04  5.4899910037E+01 -5.5131621146E+01  2.1579298086E-01
C5        6.2890067100E-02 -1.7089925718E-04  3.7815821092E+01 -3.7975426925E+01  3.4438174182E-02
C6        4.2215883590E-01 -7.9677087428E-04  3.7628909819E+01 -3.7787726772E+01  4.1667601935E-01
C7       -2.0806810100E-02  8.2571166093E-05  3.7903423078E+01 -3.8063398645E+01  6.9235796800E-02
C8       -8.9732597000E-03 -4.5218425973E-05  3.7882604393E+01 -3.8042492092E+01  1.0479301930E-01
C9       -8.2580401000E-03 -2.4673715114E-04  3.7881064513E+01 -3.8040945712E+01  8.3907676192E-02
C10       1.7079598604E+00 -5.2855544164E-04  3.6793778093E+01 -3.6949070281E+01  8.5848160100E-01
C11      -2.0173528200E-02 -2.6188403786E-04  3.7885119700E+01 -3.8045018015E+01  1.3087453964E-01
C12       3.5358022000E-03  3.9253755704E-05  3.7880769024E+01 -3.8040648976E+01  1.5736779322E-01
C13       5.5141391660E-01  3.0356546478E-05  3.7551725529E+01 -3.7710216717E+01  7.3984537172E-01
H14       4.1175040000E-04  2.3648124037E-05  6.2642190286E-01 -6.2906578541E-01  1.3283313814E-01
H15      -1.4603620000E-02  3.1354314449E-05  6.3203558159E-01 -6.3470315729E-01  1.3473261850E-01
H16       1.5924207780E-02  4.7686408746E-05  6.2959217227E-01 -6.3224943529E-01  1.2589043195E-01
H17       2.5254403110E-02  3.1834778173E-05  6.1283835861E-01 -6.1542491032E-01  1.2389302566E-01
H18       9.0442627900E-03  2.5203962989E-05  6.1893217642E-01 -6.2154444775E-01  1.2875406759E-01
H19       3.6693957358E-01  3.4284676239E-05  4.7743442118E-01 -4.7944948567E-01  1.9133739062E-01
H20       3.8946640664E-01  3.4262046145E-05  4.6570616698E-01 -4.6767173108E-01  1.8379660976E-01
H21       3.4900767900E-03  2.0800359492E-05  6.1833100625E-01 -6.2094074028E-01  1.3088884836E-01
H22       3.6188123180E-02  2.0094013407E-05  6.0667606920E-01 -6.0923661229E-01  1.2634142041E-01
H23       6.3123577895E-01  2.7686876200E-05  3.3253052405E-01 -3.3393400570E-01  1.5089783599E-01
H24       6.1360359261E-01  2.8329161863E-05  3.4717196282E-01 -3.4863724028E-01  1.5719361913E-01
--------------------------------------------------------------------------------------------------
Total    -1.4380035700E-03 -1.7071559234E-03  6.2697179820E+02 -6.2961800164E+02
 
Molecular charge q(Mol) from the wfn file:   7.0399682279E-16
Molecular energy E(Mol) from the wfn file:  -6.2961825830E+02
Molecular virial ratio (-V(Mol)/T(Mol)) from the wfn file:   2.0042206100E+00
Note.  K_Scaled(A) = (1+V(Mol)/T(Mol))*K(A) = (E(Mol)/T(Mol))*K(A)
       Only use K_Scaled(A) data with caution.
 
N_AIMInt(SumA)     =         96.001438
N_Analytic(Mol)    =         95.999989
 
G_AIMInt(SumA)     =        626.973505
G_Analytic(Mol)    =        626.972061
 
K_AIMInt(SumA)     =        626.971798
K_Analytic(Mol)    =        626.972061
 
L_AIMInt(SumA)     =         -0.001707
L_Analytic(Mol)    =          0.000000
 
VenT_AIMInt(SumA)  =      -3050.282928
VenT_Analytic(Mol) =      -3050.256465
 
Some Information About the Atomic Calculations:
----------------------------------------------
  Time(sec) = "Elapsed User Time", in Seconds, for Atom A by AIMInt and, if used, by TWOe
  NProc = Number of Processors Used for AIMInt Job
  BIM = Basin Integration Method
  OAQ = Angular Quadrature Outside of Beta Sphere
  ORQ = Multiple of Default for Radial Quadrature Outside of Beta Sphere
  IAQ = Multiple of Default for Angular Quadrature Inside of Beta Sphere
  IRQ = Multiple of Default for Radial Quadrature Inside of Beta Sphere
  MIR = Maximum Integration Radius
------------------------------------------------------------------------------------------------------
Atom A     Time(sec)   NProc      BIM              OAQ                 ORQ      IAQ      IRQ      MIR
------------------------------------------------------------------------------------------------------
O1            420       16     Proaim(5)    4334      (Very High)      1.00     1.00     1.00    13.00
O2            373       16     Proaim(5)    4334      (Very High)      1.00     1.00     1.00    13.00
O3            322       16     Proaim(5)    3074      (Very High)      1.00     1.00     1.00    13.00
N4            311       16     Proaim(5)    4334      (Very High)      1.00     1.00     1.00    13.00
C5            505       16     Proaim(5)    4334      (Very High)      1.00     1.00     1.00    13.00
C6            532       16     Proaim(5)    4334      (Very High)      1.00     1.00     1.00    13.00
C7            458       16     Proaim(5)    4334      (Very High)      1.00     1.00     1.00    13.00
C8            328       16     Proaim(5)    4334      (Very High)      1.00     1.00     1.00    13.00
C9            304       16     Proaim(5)    4334      (Very High)      1.00     1.00     1.00    13.00
C10           408       16     Proaim(5)    4334      (Very High)      1.00     1.00     1.00    13.00
C11           270       16     Proaim(5)    4334      (Very High)      1.00     1.00     1.00    13.00
C12           265       16     Proaim(5)    4334      (Very High)      1.00     1.00     1.00    13.00
C13           276       16     Proaim(5)    4334      (Very High)      1.00     1.00     1.00    13.00
H14           115       16     Proaim(5)    2030      (Very High)      1.00     1.00     1.00    13.00
H15           148       16     Proaim(5)    2030      (Very High)      1.00     1.00     1.00    13.00
H16           142       16     Proaim(5)    2030      (Very High)      1.00     1.00     1.00    13.00
H17           155       16     Proaim(5)    2030      (Very High)      1.00     1.00     1.00    13.00
H18           120       16     Proaim(5)    2030      (Very High)      1.00     1.00     1.00    13.00
H19            95       16     Proaim(5)    2030      (Very High)      1.00     1.00     1.00    13.00
H20            91       16     Proaim(5)    2030      (Very High)      1.00     1.00     1.00    13.00
H21           139       16     Proaim(5)    2030      (Very High)      1.00     1.00     1.00    13.00
H22           119       16     Proaim(5)    2030      (Very High)      1.00     1.00     1.00    13.00
H23            75       16     Proaim(5)    2030      (Very High)      1.00     1.00     1.00    13.00
H24            75       16     Proaim(5)    2030      (Very High)      1.00     1.00     1.00    13.00
------------------------------------------------------------------------------------------------------
Total        6046
Note:  Total wall clock time is less than total of atomic times if more than one atom
       was calculated at a time
 
Electron Density Critical Point Analysis of Molecular Structure:               
---------------------------------------------------------------                
  NACP = Nuclear Attractor Critical Point                                      
  NNACP = Non-Nuclear Attractor Critical Point                                 
  BCP = Bond Critical Point                                                    
  RCP = Ring Critical Point                                                    
  CCP = Cage Critical Point                                                    
  Rho = Electron Density                                                       
  GradRho = Gradient of Electron Density                                       
  HessRho_EigVals = Eigenvalues of the Hessian of Rho, Ascending Order         
  HessRho_EigVecs = Eigenvectors of the Hessian of Rho                         
  DelSqRho = Laplacian of Rho = Trace of Hessian of Rho                        
  Bond Ellipticity = (HessRho_EigVal(1) / HessRho_EigVal(2)) - 1               
  V = Virial Field = Potential Energy Density = Trace of Stress Tensor         
  G = Lagrangian Form of Kinetic Energy Density                                
  K = Hamiltonian Form of Kinetic Energy Density                               
  L = K - G = Lagrangian Density = (-1/4)DelSqRho                              
  Vnuc = Electrostatic Potential from Nuclei                                   
  Ven = Electron-nuclear attractive contribution to Virial Field V             
  Vrep = V - Ven = Repulsive contribution to Virial Field V                    
  DelSqV = Laplacian of V                                                      
  DelSqVen = Laplacian of Ven                                                  
  DelSqVrep = Laplacian of Vrep                                                
  DelSqG = Laplacian of G                                                      
  DelSqK = Laplacian of K                                                      
  Stress_EigVals = Eigenvalues of Stress Tensor, Ascending Order               
  Stress_EigVecs = Eigenvectors of Stress Tensor                               
  -DivStress = Ehrenfest Force Density = Minus Divergence of Stress Tensor     
  ESP = Total Electrostatic Potential                                          
  ESPe = Electrostatic Potential from Electrons                                
  ESPn = Electrostatic Potential from Nuclei                                   
  BP = Bond Path                                                               
  BPL = Bond Path Length                                                       
  GBL = Geometric Bond Length                                                  
  GBL_I = Distance Between Nuclear Attractors                                  
  GBL_II = Distance Between Nuclei                                             
  GBL_III = Sum of Distances Between BCP and Nuclear Attractors                
  GBL_IV = Sum of Distances Between BCP and Nuclei                             

CP# 1      Coords = -2.58812739750958E+00 -2.58440948465039E+00 -2.65347468473532E+00
           Type = (3,-3) NACP O1
           Rho =  3.0673420035E+02     Rho at Nucleus =  3.0673418533E+02
           GradRho =  1.1463823673E-10 -2.4821336821E-10  5.7653224835E-10
           HessRho_EigVals = -3.2032491404E+06 -3.2032163270E+06 -3.2032110945E+06
           HessRho_EigVec1 = -3.5408935419E-01  8.2648303411E-01  4.3766028329E-01
           HessRho_EigVec2 = -3.3317156714E-01 -5.4875513618E-01  7.6672322736E-01
           HessRho_EigVec3 =  8.7385206763E-01  1.2567256996E-01  4.6966899947E-01
           DelSqRho = -9.6096765619E+06
           Bond Ellipticity = NA
           V = -2.4025975872E+06
           G =  8.9223339416E+01
           K =  2.4025083638E+06
           L =  2.4024191405E+06
           Vnuc =  2.6124468517E+06
           Ven = -8.0132679603E+08
           Vrep =  7.9892419844E+08
           DelSqV =  1.9792421084E+12
           DelSqVen =  2.5104769352E+13
           DelSqVrep = -2.3125527243E+13
           DelSqG =  2.5090430925E+10
           DelSqK = -2.0043325393E+12
           Stress_EigVals = -8.0087015123E+05 -8.0086638728E+05 -8.0086104865E+05
           Stress_EigVec1 =  8.6491391210E-01  1.1133570856E-01  4.8941626930E-01
           Stress_EigVec2 = -3.5375860970E-01 -5.5650180882E-01  7.5177162945E-01
           Stress_EigVec3 = -3.5606006617E-01  8.2335296002E-01  4.4194019109E-01
           -DivStress =  7.3894619634E+05  1.1040815835E+06 -1.5042741713E+06
           ESP =  -2.2296581353E+01     ESP at Nucleus =  -2.2296581426E+01
           ESPe = -3.7407142944E+01     ESPe at Nucleus = -3.7407139881E+01
           ESPn =  1.5110561591E+01     ESPn at Nucleus =  1.5110558455E+01

CP# 2      Coords =  7.86419020575881E+00 -8.44346236812376E-01 -6.50533591072833E-01
           Type = (3,-3) NACP O2
           Rho =  3.0659581586E+02     Rho at Nucleus =  3.0659579880E+02
           GradRho = -1.2498950316E-09 -1.1666383121E-10  1.7038484981E-10
           HessRho_EigVals = -3.2018074684E+06 -3.2017748456E+06 -3.2017599186E+06
           HessRho_EigVec1 =  7.5808469082E-01 -6.3513546245E-01  1.4802211278E-01
           HessRho_EigVec2 =  5.5986961783E-01  5.1742399108E-01 -6.4716182248E-01
           HessRho_EigVec3 =  3.3444523104E-01  5.7347655382E-01  7.4784425494E-01
           DelSqRho = -9.6053422327E+06
           Bond Ellipticity = NA
           V = -2.4015143738E+06
           G =  8.9407826086E+01
           K =  2.4014249660E+06
           L =  2.4013355582E+06
           Vnuc =  2.4503561138E+06
           Ven = -7.5126893187E+08
           Vrep =  7.4886741750E+08
           DelSqV =  1.9783506182E+12
           DelSqVen =  2.3536509055E+13
           DelSqVrep = -2.1558158437E+13
           DelSqG =  2.5079120337E+10
           DelSqK = -2.0034297385E+12
           Stress_EigVals = -8.0051079647E+05 -8.0050427758E+05 -8.0049929977E+05
           Stress_EigVec1 =  3.3411071388E-01  5.7318112006E-01  7.4822017781E-01
           Stress_EigVec2 =  5.1971175597E-01  5.5021959341E-01 -6.5357332392E-01
           Stress_EigVec3 =  7.8630129186E-01 -6.0722467229E-01  1.1405470525E-01
           -DivStress =  1.3129444575E+06  1.0067371693E+06 -1.3553168799E+06
           ESP =  -2.2312134665E+01     ESP at Nucleus =  -2.2312134749E+01
           ESPe = -3.4891631044E+01     ESPe at Nucleus = -3.4891626499E+01
           ESPn =  1.2579496379E+01     ESPn at Nucleus =  1.2579491749E+01

CP# 3      Coords = -4.68517175370810E+00 -3.02769415095801E+00  9.81560349128263E-01
           Type = (3,-3) NACP O3
           Rho =  3.0695342546E+02     Rho at Nucleus =  3.0695341080E+02
           GradRho = -3.8082158315E-10  3.2713572504E-10  7.8542581009E-11
           HessRho_EigVals = -3.2055231415E+06 -3.2055140489E+06 -3.2054890533E+06
           HessRho_EigVec1 =  8.5479967651E-01  5.6190301961E-02  5.1590712634E-01
           HessRho_EigVec2 = -3.8900356064E-01 -5.8863908011E-01  7.0864678308E-01
           HessRho_EigVec3 = -3.4350217300E-01  8.0644075004E-01  4.8131026772E-01
           DelSqRho = -9.6165262437E+06
           Bond Ellipticity = NA
           V = -2.4043087988E+06
           G =  8.8618959355E+01
           K =  2.4042201799E+06
           L =  2.4041315609E+06
           Vnuc =  2.6451078382E+06
           Ven = -8.1192491167E+08
           Vrep =  8.0952060287E+08
           DelSqV =  1.9806501217E+12
           DelSqVen =  2.5436748988E+13
           DelSqVrep = -2.3456098875E+13
           DelSqG =  2.5108256164E+10
           DelSqK = -2.0057583779E+12
           Stress_EigVals = -8.0144192719E+05 -8.0143350139E+05 -8.0143337026E+05
           Stress_EigVec1 = -3.4186470276E-01  8.0915861092E-01  4.7790257101E-01
           Stress_EigVec2 = -6.4018431885E-01 -5.7281431592E-01  5.1190604350E-01
           Stress_EigVec3 =  6.8796261737E-01 -1.3094312449E-01  7.1383565003E-01
           -DivStress = -7.5179306789E+05 -1.1339999919E+06  1.4434404393E+06
           ESP =  -2.2360343614E+01     ESP at Nucleus =  -2.2360343684E+01
           ESPe = -3.7060141482E+01     ESPe at Nucleus = -3.7060133996E+01
           ESPn =  1.4699797867E+01     ESPn at Nucleus =  1.4699790312E+01

CP# 4      Coords = -6.67644679357703E+00  1.78814053761761E+00 -1.52533395640408E-01
           Type = (3,-3) NACP N4
           Rho =  2.0187954834E+02     Rho at Nucleus =  2.0187954048E+02
           GradRho = -5.5923235970E-10  8.4504236829E-11  2.1172642016E-11
           HessRho_EigVals = -1.6289644780E+06 -1.6289615869E+06 -1.6289434203E+06
           HessRho_EigVec1 = -8.2876054441E-01  3.7912228176E-01  4.1160934817E-01
           HessRho_EigVec2 =  1.9827777687E-01  8.8675932724E-01 -4.1754499010E-01
           HessRho_EigVec3 =  5.2329903805E-01  2.6443182682E-01  8.1008266599E-01
           DelSqRho = -4.8868694852E+06
           Bond Ellipticity = NA
           V = -1.2217839037E+06
           G =  3.3266191003E+01
           K =  1.2217506375E+06
           L =  1.2217173713E+06
           Vnuc =  2.2525335112E+06
           Ven = -4.5474044787E+08
           Vrep =  4.5351866397E+08
           DelSqV =  7.8410172625E+11
           DelSqVen =  1.1007837344E+13
           DelSqVrep = -1.0223735613E+13
           DelSqG =  9.8585457128E+09
           DelSqK = -7.9396027197E+11
           Stress_EigVals = -4.0726368900E+05 -4.0726051276E+05 -4.0725970192E+05
           Stress_EigVec1 =  4.8880083578E-01  2.6467759997E-01  8.3127583329E-01
           Stress_EigVec2 =  1.9039059188E-01  8.9753300705E-01 -3.9772594053E-01
           Stress_EigVec3 = -8.5136664573E-01  3.5267587006E-01  3.8832275907E-01
           -DivStress = -5.0018677304E+05 -2.0709440552E+05 -5.9831138430E+05
           ESP =  -1.8389085735E+01     ESP at Nucleus =  -1.8389085788E+01
           ESPe = -3.2446732699E+01     ESPe at Nucleus = -3.2446729180E+01
           ESPn =  1.4057646964E+01     ESPn at Nucleus =  1.4057643392E+01

CP# 5      Coords = -2.19396378567202E+00  2.15934188887954E+00  1.41066686843230E+00
           Type = (3,-3) NACP C5
           Rho =  1.2445294100E+02     Rho at Nucleus =  1.2445294095E+02
           GradRho =  9.4601296218E-10 -6.8950353363E-10 -1.3570625692E-09
           HessRho_EigVals = -7.4010513332E+05 -7.4010476943E+05 -7.4010391655E+05
           HessRho_EigVec1 =  7.1604598780E-01  3.1986416205E-01  6.2045552717E-01
           HessRho_EigVec2 = -6.7358410252E-01  5.4987906041E-01  4.9388002161E-01
           HessRho_EigVec3 =  1.8320098304E-01  7.7156978735E-01 -6.0919410951E-01
           DelSqRho = -2.2203138193E+06
           Bond Ellipticity = NA
           V = -5.5509887032E+05
           G =  1.0207744706E+01
           K =  5.5508866257E+05
           L =  5.5507845483E+05
           Vnuc =  1.5916063320E+07
           Ven = -1.9808008893E+09
           Vrep =  1.9802457905E+09
           DelSqV =  2.6318895820E+11
           DelSqVen =  3.5338655367E+13
           DelSqVrep = -3.5075466409E+13
           DelSqG =  3.3011025095E+09
           DelSqK = -2.6649006071E+11
           Stress_EigVals = -1.8503315076E+05 -1.8503292166E+05 -1.8503279790E+05
           Stress_EigVec1 =  1.8028971872E-01  7.8221766758E-01 -5.9634816831E-01
           Stress_EigVec2 = -6.9796910517E-01  5.2893038160E-01  4.8277508183E-01
           Stress_EigVec3 =  6.9306186271E-01  3.2919321370E-01  6.4132447521E-01
           -DivStress = -1.6065947923E+04  1.1428614146E+04  2.6283002415E+04
           ESP =  -1.4749179211E+01     ESP at Nucleus =  -1.4749179211E+01
           ESPe = -3.2444417804E+01     ESPe at Nucleus = -3.2444417262E+01
           ESPn =  1.7695238593E+01     ESPn at Nucleus =  1.7695238051E+01

CP# 6      Coords = -4.04384354807748E+00  1.16072322957177E+00 -6.15181047030340E-01
           Type = (3,-3) NACP C6
           Rho =  1.2444157092E+02     Rho at Nucleus =  1.2444157056E+02
           GradRho =  9.9184457207E-11  2.6161142927E-11  2.7388556376E-12
           HessRho_EigVals = -7.4004732083E+05 -7.4004610152E+05 -7.4004498787E+05
           HessRho_EigVec1 =  9.1760731616E-01 -3.9607710838E-01 -3.3462479820E-02
           HessRho_EigVec2 =  3.8414074681E-01  8.6201412625E-01  3.3070762432E-01
           HessRho_EigVec3 = -1.0214058925E-01 -3.1631403757E-01  9.4313982509E-01
           DelSqRho = -2.2201384102E+06
           Bond Ellipticity = NA
           V = -5.5505450891E+05
           G =  9.9531794372E+00
           K =  5.5504455573E+05
           L =  5.5503460255E+05
           Vnuc =  6.0457041991E+06
           Ven = -7.5233692787E+08
           Vrep =  7.5178187336E+08
           DelSqV =  2.6316813929E+11
           DelSqVen =  1.3422300791E+13
           DelSqVrep = -1.3159132750E+13
           DelSqG =  3.3008797109E+09
           DelSqK = -2.6646901900E+11
           Stress_EigVals = -1.8501848455E+05 -1.8501816067E+05 -1.8501786370E+05
           Stress_EigVec1 = -9.9486721062E-02 -3.1655780484E-01  9.4334169235E-01
           Stress_EigVec2 =  3.5559309673E-01  8.7412958654E-01  3.3083381855E-01
           Stress_EigVec3 =  9.2933091087E-01 -3.6835936548E-01 -2.5601483767E-02
           -DivStress =  7.1293309414E+04  2.1822510251E+04 -4.3832326044E+04
           ESP =  -1.4710787767E+01     ESP at Nucleus =  -1.4710787770E+01
           ESPe = -3.3005850919E+01     ESPe at Nucleus = -3.3005850802E+01
           ESPn =  1.8295063153E+01     ESPn at Nucleus =  1.8295063032E+01

CP# 7      Coords =  5.02148129461220E-01  1.38729957876384E+00  9.49611791025470E-01
           Type = (3,-3) NACP C7
           Rho =  1.2454317933E+02     Rho at Nucleus =  1.2454317925E+02
           GradRho = -3.0356382497E-09  9.6269136209E-10  3.8520851156E-10
           HessRho_EigVals = -7.4062940672E+05 -7.4062763666E+05 -7.4062677657E+05
           HessRho_EigVec1 =  3.2872391850E-01  5.7229080419E-01  7.5128145248E-01
           HessRho_EigVec2 = -9.3888376414E-01  2.8408109461E-01  1.9440989977E-01
           HessRho_EigVec3 = -1.0216585950E-01 -7.6927314208E-01  6.3069879501E-01
           DelSqRho = -2.2218838199E+06
           Bond Ellipticity = NA
           V = -5.5549136504E+05
           G =  1.0205026966E+01
           K =  5.5548116001E+05
           L =  5.5547095499E+05
           Vnuc =  1.2992690179E+07
           Ven = -1.6181509429E+09
           Vrep =  1.6175954516E+09
           DelSqV =  2.6337467524E+11
           DelSqVen =  2.8868252533E+13
           DelSqVrep = -2.8604877857E+13
           DelSqG =  3.3033771958E+09
           DelSqK = -2.6667805244E+11
           Stress_EigVals = -1.8516422889E+05 -1.8516394962E+05 -1.8516318654E+05
           Stress_EigVec1 = -9.9445398373E-02 -7.7034982389E-01  6.2981883234E-01
           Stress_EigVec2 =  9.4217715996E-01 -2.7646678900E-01 -1.8938931814E-01
           Stress_EigVec3 =  3.2002001811E-01  5.7456702256E-01  7.5329935922E-01
           -DivStress =  3.8421947927E+04 -1.1229167296E+04 -4.4488648136E+03
           ESP =  -1.4753392839E+01     ESP at Nucleus =  -1.4753392840E+01
           ESPe = -3.3951382857E+01     ESPe at Nucleus = -3.3951382990E+01
           ESPn =  1.9197990018E+01     ESPn at Nucleus =  1.9197990150E+01

CP# 8      Coords =  1.51279036607877E+00 -7.42034393199908E-01  2.10998411537137E+00
           Type = (3,-3) NACP C8
           Rho =  1.2459161010E+02     Rho at Nucleus =  1.2459161008E+02
           GradRho =  9.0278714413E-11 -3.0180686020E-10  8.0578422668E-11
           HessRho_EigVals = -7.4090958943E+05 -7.4090659639E+05 -7.4090635629E+05
           HessRho_EigVec1 =  3.3453510937E-01  5.7817996009E-01  7.4417349748E-01
           HessRho_EigVec2 =  6.8895677378E-01  3.8873534506E-01 -6.1173801203E-01
           HessRho_EigVec3 =  6.4298120071E-01 -7.1735121472E-01  2.6829537879E-01
           DelSqRho = -2.2227225421E+06
           Bond Ellipticity = NA
           V = -5.5570108766E+05
           G =  1.0226066754E+01
           K =  5.5569086159E+05
           L =  5.5568063553E+05
           Vnuc =  2.6121560186E+07
           Ven = -3.2545272420E+09
           Vrep =  3.2539715409E+09
           DelSqV =  2.6347389205E+11
           DelSqVen =  5.8060961743E+13
           DelSqVrep = -5.7797492045E+13
           DelSqG =  3.3045866317E+09
           DelSqK = -2.6677847868E+11
           Stress_EigVals = -1.8523413688E+05 -1.8523402826E+05 -1.8523292253E+05
           Stress_EigVec1 =  6.9881881967E-01 -6.8282541408E-01  2.1307677295E-01
           Stress_EigVec2 =  6.3247322771E-01  4.5071009672E-01 -6.2995081153E-01
           Stress_EigVec3 =  3.3411057078E-01  5.7498683690E-01  7.4683349141E-01
           -DivStress = -4.0222777588E+03  1.6853685976E+04 -1.0062630238E+04
           ESP =  -1.4756630752E+01     ESP at Nucleus =  -1.4756630752E+01
           ESPe = -3.2674832962E+01     ESPe at Nucleus = -3.2674833271E+01
           ESPn =  1.7918202210E+01     ESPn at Nucleus =  1.7918202519E+01

CP# 9      Coords =  2.02199771799085E+00  2.71491204401037E+00 -7.42707452599806E-01
           Type = (3,-3) NACP C9
           Rho =  1.2459036262E+02     Rho at Nucleus =  1.2459036260E+02
           GradRho =  4.5918969046E-11  5.9018877820E-10 -3.3556171644E-10
           HessRho_EigVals = -7.4090108109E+05 -7.4089816608E+05 -7.4089779551E+05
           HessRho_EigVec1 =  3.3521102510E-01  5.5820085852E-01  7.5897652809E-01
           HessRho_EigVec2 = -3.5456534515E-01  8.2110331346E-01 -4.4729494145E-01
           HessRho_EigVec3 =  8.7287856238E-01  1.1916857880E-01 -4.7316156348E-01
           DelSqRho = -2.2226970427E+06
           Bond Ellipticity = NA
           V = -5.5569471020E+05
           G =  1.0224766080E+01
           K =  5.5568448544E+05
           L =  5.5567426067E+05
           Vnuc =  2.3463428433E+07
           Ven = -2.9233170569E+09
           Vrep =  2.9227613622E+09
           DelSqV =  2.6347086193E+11
           DelSqVen =  5.2152083939E+13
           DelSqVrep = -5.1888622515E+13
           DelSqG =  3.3045438260E+09
           DelSqK = -2.6677540576E+11
           Stress_EigVals = -1.8523203226E+05 -1.8523187996E+05 -1.8523079799E+05
           Stress_EigVec1 =  8.8093311006E-01  9.7604799823E-02 -4.6306604134E-01
           Stress_EigVec2 = -3.3395801620E-01  8.2150999622E-01 -4.6216162706E-01
           Stress_EigVec3 =  3.3530418878E-01  5.6177809602E-01  7.5629126124E-01
           -DivStress =  1.9186442089E+03 -1.7795461532E+04  1.3311523237E+04
           ESP =  -1.4756616795E+01     ESP at Nucleus =  -1.4756616796E+01
           ESPe = -3.2127273295E+01     ESPe at Nucleus = -3.2127273720E+01
           ESPn =  1.7370656500E+01     ESPn at Nucleus =  1.7370656924E+01

CP# 10     Coords = -3.84836101681530E+00 -1.69500794565784E+00 -6.53597093521810E-01
           Type = (3,-3) NACP C10
           Rho =  1.2469829942E+02     Rho at Nucleus =  1.2469829829E+02
           GradRho = -9.6818180180E-11  4.5955933804E-11  2.9291177979E-11
           HessRho_EigVals = -7.4153261779E+05 -7.4152968043E+05 -7.4152691229E+05
           HessRho_EigVec1 =  8.5431346290E-01  8.8928965942E-02  5.1209388410E-01
           HessRho_EigVec2 = -5.0447836598E-01  3.7901353793E-01  7.7579012389E-01
           HessRho_EigVec3 =  1.2510030126E-01  9.2110823310E-01 -3.6865910750E-01
           DelSqRho = -2.2245892105E+06
           Bond Ellipticity = NA
           V = -5.5616632198E+05
           G =  9.5096736867E+00
           K =  5.5615681230E+05
           L =  5.5614730263E+05
           Vnuc =  3.4272371406E+06
           Ven = -4.2737064316E+08
           Vrep =  4.2681447684E+08
           DelSqV =  2.6369432558E+11
           DelSqVen =  7.6241947853E+12
           DelSqVrep = -7.3605004597E+12
           DelSqG =  3.3072989363E+09
           DelSqK = -2.6700162452E+11
           Stress_EigVals = -1.8538977504E+05 -1.8538878154E+05 -1.8538776539E+05
           Stress_EigVec1 =  1.8898572634E-01  8.6791851877E-01 -4.5934936598E-01
           Stress_EigVec2 = -4.7945073468E-01  4.8978689041E-01  7.2817291559E-01
           Stress_EigVec3 =  8.5697805588E-01  8.2621103639E-02  5.0868690269E-01
           -DivStress = -7.4502863231E+04  7.3831858052E+04  1.1120883817E+05
           ESP =  -1.4630147217E+01     ESP at Nucleus =  -1.4630147227E+01
           ESPe = -3.3676263635E+01     ESPe at Nucleus = -3.3676263893E+01
           ESPn =  1.9046116418E+01     ESPn at Nucleus =  1.9046116666E+01

CP# 11     Coords =  3.96380199192560E+00 -1.52746323094884E+00  1.60746838100512E+00
           Type = (3,-3) NACP C11
           Rho =  1.2455389017E+02     Rho at Nucleus =  1.2455389014E+02
           GradRho =  7.0642056298E-10 -5.4042286988E-10  9.7312736193E-11
           HessRho_EigVals = -7.4068190213E+05 -7.4068031676E+05 -7.4067977523E+05
           HessRho_EigVec1 =  3.2909091210E-01  5.7296411691E-01  7.5060728234E-01
           HessRho_EigVec2 = -8.8086774080E-02  8.1004442212E-01 -5.7971437313E-01
           HessRho_EigVec3 =  9.4018077613E-01 -1.2466015771E-01 -3.1704881844E-01
           DelSqRho = -2.2220419941E+06
           Bond Ellipticity = NA
           V = -5.5553119200E+05
           G =  1.0346732598E+01
           K =  5.5552084526E+05
           L =  5.5551049853E+05
           Vnuc =  2.0201534877E+07
           Ven = -2.5161797563E+09
           Vrep =  2.5156242251E+09
           DelSqV =  2.6339336876E+11
           DelSqVen =  4.4888674533E+13
           DelSqVrep = -4.4625281165E+13
           DelSqG =  3.3035647914E+09
           DelSqK = -2.6669693355E+11
           Stress_EigVals = -1.8517744144E+05 -1.8517724843E+05 -1.8517650213E+05
           Stress_EigVec1 =  9.3289485024E-01 -8.1583431506E-02 -3.5078674733E-01
           Stress_EigVec2 = -1.3963668124E-01  8.1588064265E-01 -5.6110638403E-01
           Stress_EigVec3 =  3.3197710110E-01  5.7243595331E-01  7.4973881032E-01
           -DivStress = -2.0225447278E+04  1.5778273987E+04 -3.5746696193E+03
           ESP =  -1.4757235689E+01     ESP at Nucleus =  -1.4757235690E+01
           ESPe = -3.1567912990E+01     ESPe at Nucleus = -3.1567913435E+01
           ESPn =  1.6810677300E+01     ESPn at Nucleus =  1.6810677745E+01

CP# 12     Coords =  4.46913879142189E+00  1.95805433854925E+00 -1.26390036394780E+00
           Type = (3,-3) NACP C12
           Rho =  1.2456345891E+02     Rho at Nucleus =  1.2456345890E+02
           GradRho =  3.2280297649E-10 -1.1083651810E-10  3.2356502462E-11
           HessRho_EigVals = -7.4073851278E+05 -7.4073639003E+05 -7.4073600910E+05
           HessRho_EigVec1 =  3.3089160293E-01  5.7028061058E-01  7.5185821290E-01
           HessRho_EigVec2 =  2.5326710767E-02  7.9108574779E-01 -6.1118074035E-01
           HessRho_EigVec3 =  9.4332884236E-01 -2.2127667035E-01 -2.4732029906E-01
           DelSqRho = -2.2222109119E+06
           Bond Ellipticity = NA
           V = -5.5557341726E+05
           G =  1.0344639113E+01
           K =  5.5556307262E+05
           L =  5.5555272798E+05
           Vnuc =  3.7855888672E+07
           Ven = -4.7154604331E+09
           Vrep =  4.7149048596E+09
           DelSqV =  2.6341335956E+11
           DelSqVen =  8.4123913814E+13
           DelSqVrep = -8.3860500454E+13
           DelSqG =  3.3038132273E+09
           DelSqK = -2.6671717279E+11
           Stress_EigVals = -1.8519152975E+05 -1.8519138972E+05 -1.8519049779E+05
           Stress_EigVec1 =  9.3238715538E-01 -3.1821345474E-01 -1.7144792125E-01
           Stress_EigVec2 =  1.4167737025E-01  7.5809592364E-01 -6.3656743029E-01
           Stress_EigVec3 =  3.3253829139E-01  5.6923700492E-01  7.5192254720E-01
           -DivStress = -1.2333253106E+04  6.2347616767E+03  3.4163746998E+02
           ESP =  -1.4762558359E+01     ESP at Nucleus =  -1.4762558359E+01
           ESPe = -3.1271769224E+01     ESPe at Nucleus = -3.1271769294E+01
           ESPn =  1.6509210866E+01     ESPn at Nucleus =  1.6509210936E+01

CP# 13     Coords =  5.44601953822751E+00 -1.75788646815501E-01 -8.37593350152098E-02
           Type = (3,-3) NACP C13
           Rho =  1.2456886216E+02     Rho at Nucleus =  1.2456886037E+02
           GradRho =  2.2583927802E-10 -3.1775751722E-12  4.7791492803E-12
           HessRho_EigVals = -7.4076698642E+05 -7.4076695080E+05 -7.4076305196E+05
           HessRho_EigVec1 =  1.8265797795E-01  6.0730982413E-01  7.7318228162E-01
           HessRho_EigVec2 =  9.7916238041E-01 -1.8335827230E-01 -8.7297060466E-02
           HessRho_EigVec3 =  8.8753004888E-02  7.7301650791E-01 -6.2814678430E-01
           DelSqRho = -2.2222969892E+06
           Bond Ellipticity = NA
           V = -5.5559406883E+05
           G =  9.9107670019E+00
           K =  5.5558415806E+05
           L =  5.5557424729E+05
           Vnuc =  2.7309860630E+06
           Ven = -3.4019582643E+08
           Vrep =  3.3964023236E+08
           DelSqV =  2.6342320687E+11
           DelSqVen =  6.0690620989E+12
           DelSqVrep = -5.8056388921E+12
           DelSqG =  3.3039204771E+09
           DelSqK = -2.6672712735E+11
           Stress_EigVals = -1.8519891601E+05 -1.8519766937E+05 -1.8519748345E+05
           Stress_EigVec1 =  8.9992948429E-02  7.7291655477E-01 -6.2809335977E-01
           Stress_EigVec2 = -9.3940475038E-01  2.7533716083E-01  2.0422576436E-01
           Stress_EigVec3 =  3.3078691660E-01  5.7165500718E-01  7.5085988612E-01
           -DivStress = -1.7953559955E+05  5.6419161362E+04  3.6202278959E+04
           ESP =  -1.4694280440E+01     ESP at Nucleus =  -1.4694280457E+01
           ESPe = -3.2067500864E+01     ESPe at Nucleus = -3.2067502653E+01
           ESPn =  1.7373220424E+01     ESPn at Nucleus =  1.7373222196E+01

CP# 14     Coords = -2.83682546257852E+00  1.45857815537864E+00  3.22940075811756E+00
           Type = (3,-3) NACP H14
           Rho =  4.5839939903E-01     Rho at Nucleus =  4.5676118452E-01
           GradRho =  6.9589092048E-10  7.3882292961E-10 -1.9685961849E-09
           HessRho_EigVals = -2.2628796598E+01 -2.2626584709E+01 -2.1307599355E+01
           HessRho_EigVec1 =  9.4429394775E-01 -2.0643514917E-01  2.5630737294E-01
           HessRho_EigVec2 =  9.8093659047E-02  9.1995550393E-01  3.7955171564E-01
           HessRho_EigVec3 = -3.1414419347E-01 -3.3326625988E-01  8.8895839370E-01
           DelSqRho = -6.6562980662E+01
           Bond Ellipticity = NA
           V = -1.6658810116E+01
           G =  9.0324751291E-03
           K =  1.6649777641E+01
           L =  1.6640745165E+01
           Vnuc =  9.9549328932E+01
           Ven = -4.5633352557E+01
           Vrep =  2.8974542441E+01
           DelSqV =  2.2612540063E+04
           DelSqVen =  6.6263000862E+03
           DelSqVrep =  1.5986239977E+04
           DelSqG =  8.0730028876E+02
           DelSqK = -2.3419840352E+04
           Stress_EigVals = -5.6639019825E+00 -5.6638036578E+00 -5.3311044753E+00
           Stress_EigVec1 =  7.4675970461E-01  4.9096632036E-01  4.4866693196E-01
           Stress_EigVec2 =  5.8602312282E-01 -8.0473279762E-01 -9.4773540336E-02
           Stress_EigVec3 = -3.1452637899E-01 -3.3370225756E-01  8.8865964250E-01
           -DivStress = -2.9027974399E+01 -3.0824404274E+01  8.2107525700E+01
           ESP =  -1.1091272283E+00     ESP at Nucleus =  -1.1092898891E+00
           ESPe = -1.8769170902E+01     ESPe at Nucleus = -1.8735713705E+01
           ESPn =  1.7660043673E+01     ESPn at Nucleus =  1.7626423816E+01

CP# 15     Coords = -2.36020086501036E+00  4.20548447339420E+00  1.43479800191160E+00
           Type = (3,-3) NACP H15
           Rho =  4.5934358786E-01     Rho at Nucleus =  4.5774409575E-01
           GradRho = -5.6423338383E-16  6.5891132541E-15  1.9632648085E-15
           HessRho_EigVals = -2.2690127187E+01 -2.2688333748E+01 -2.1393263458E+01
           HessRho_EigVec1 =  9.9536710121E-01  7.7436534751E-02  5.6990498534E-02
           HessRho_EigVec2 = -5.4853349496E-02 -2.9452689568E-02  9.9805994265E-01
           HessRho_EigVec3 = -7.8964826894E-02  9.9656215168E-01  2.5068584933E-02
           DelSqRho = -6.6771724393E+01
           Bond Ellipticity = NA
           V = -1.6711260768E+01
           G =  9.1648347372E-03
           K =  1.6702095933E+01
           L =  1.6692931098E+01
           Vnuc =  9.9836130605E+01
           Ven = -4.5859086430E+01
           Vrep =  2.9147825662E+01
           DelSqV =  2.2702202298E+04
           DelSqVen =  6.6662305972E+03
           DelSqVrep =  1.6035971701E+04
           DelSqG =  8.1069030366E+02
           DelSqK = -2.3512892602E+04
           Stress_EigVals = -5.6794497853E+00 -5.6793313674E+00 -5.3524796149E+00
           Stress_EigVec1 =  1.7041181001E-01 -1.0731032800E-02  9.8531449799E-01
