AIMSum (Version 17.01.25, Professional)
Copyright (c) 1997-2017 by Todd A. Keith
AIMSum is a component of the AIMAll package ( http://aim.tkgristmill.com )

TP:  64-bit Linux

Licensed To:  Research Group of Fernando Cortes Guzman, UNAM, fercor@unam.mx

Much of the Quantum Theory of Atoms in Molecules (QTAIM) is described in the book:
  "Atoms in Molecules - A Quantum Theory"
  R.F.W. Bader, Oxford University Press, Oxford, 1990

For additional references see:  http://aim.tkgristmill.com/references.html

Wfn File:  /home/alejandro/wd/aimqb_inps/valine_b2plyp_def2QZVP.wfn
Sum File:  /home/alejandro/wd/aimqb_inps/valine_b2plyp_def2QZVP.sum

SumViz File:  /home/alejandro/wd/aimqb_inps/valine_b2plyp_def2QZVP.sumviz

Wfn Title:   opt valine M062X def2TZVP                                                     
 
Total memory allocated for AIMSum =       13.063 Megabytes

Atomic units (a.u.) used throughout, except where stated otherwise

Model:  Unknown
 
Restricted, natural orbital wavefunction.
  Number of electrons (from MO Occs)                   =          63.9999985000
  Number of Alpha electrons (from MO Occs)             =          31.9999992500
  Number of Beta electrons (from MO Occs)              =          31.9999992500
  Number of electron pairs (N*(N-1)/2)                 =        2015.9999047500
  Number of electron pairs (from Muller 2EDM)          =        2015.9998953981
  Number of electron pairs (from Muller 2EDM, no SOSI) =        2016.3621427958
 
Nuclear Charges and Cartesian Coordinates:
-------------------------------------------------------------------------------
Atom      Charge                X                  Y                  Z
-------------------------------------------------------------------------------
O1         8.0          -1.3718110400E+00  -3.2844511000E+00  -3.7925768000E-01
O2         8.0          -4.1126917500E+00  -3.6223572000E-01   9.1200158000E-01
N3         7.0          -1.3057515800E+00   3.5259112200E+00  -7.3849057000E-01
C4         6.0           2.3751048500E+00   7.8370749000E-01  -9.4950800000E-02
C5         6.0          -3.1718515000E-01   1.0107236300E+00  -1.2119653700E+00
C6         6.0           3.9252210500E+00  -1.3748873200E+00  -1.2066916900E+00
C7         6.0           2.2913927100E+00   6.8119011000E-01   2.7820478700E+00
C8         6.0          -2.1483961300E+00  -8.8239984000E-01  -9.0002460000E-02
H9         1.0           3.2808282600E+00   2.5608251100E+00  -6.4163688000E-01
H10        1.0          -2.1316096000E-01   5.3012563000E-01  -3.2312545700E+00
H11        1.0           3.9355297800E+00  -1.3111602600E+00  -3.2691819700E+00
H12        1.0           3.1901408400E+00  -3.2078313100E+00  -6.2853056000E-01
H13        1.0           5.8777558900E+00  -1.2366334600E+00  -5.5903462000E-01
H14        1.0           1.5436117700E+00  -1.1353791200E+00   3.4224398000E+00
H15        1.0           4.1823521000E+00   8.8887942000E-01   3.5745146500E+00
H16        1.0           1.0971683800E+00   2.1868677100E+00   3.5238671100E+00
H17        1.0          -3.2146090800E+00   3.5084299100E+00  -6.2098300000E-01
H18        1.0          -7.6222380000E-01   4.7505115100E+00  -2.0984252600E+00
H19        1.0          -2.6579337500E+00  -4.3525235900E+00   3.6508270000E-01
 
Some Atomic Properties:
----------------------
  q(A) = Net Charge of Atom A
  L(A) = Lagrangian of Atom A = -(1/4) Times Atomic Integral of the Laplacian of the Electron Density
  K(A) = Electronic Kinetic Energy of Atom A (Hamiltonian Form)
  K_Scaled(A) = K(A) * E(Mol)/K(Mol) = Approximation to Virial-Based Total Energy of Atom A.
  |Mu_Intra(A)| = Magnitude of Intraatomic Dipole Moment of Atom A
--------------------------------------------------------------------------------------------------
Atom A          q(A)              L(A)              K(A)          K_Scaled(A)      |Mu_Intra(A)|
--------------------------------------------------------------------------------------------------
O1       -1.1851001525E+00 -1.2999647373E-04  7.5740323411E+01 -7.5935864476E+01  3.1488354365E-01
O2       -1.2208389240E+00  4.4663700170E-05  7.5820472506E+01 -7.6016220495E+01  5.2323644649E-01
N3       -1.0596650695E+00 -1.7966345876E-05  5.5015789808E+01 -5.5157825723E+01  2.2555801039E-01
C4        1.0179117020E-01 -5.0508697210E-04  3.7868813969E+01 -3.7966581022E+01  4.8116958139E-02
C5        4.0439110040E-01  4.9028696903E-05  3.7713554771E+01 -3.7810920987E+01  4.1780207913E-01
C6        8.5715682600E-02 -3.7925172829E-04  3.7858462120E+01 -3.7956202447E+01  1.9182307166E-02
C7        7.9647059500E-02 -1.3787149274E-04  3.7861912741E+01 -3.7959661977E+01  3.9736793526E-02
C8        1.6322684494E+00  1.4629239634E-04  3.6921520819E+01 -3.7016842217E+01  8.5759009613E-01
H9       -3.4390870500E-02  3.5891891257E-05  6.5548962669E-01 -6.5718192393E-01  1.4153093521E-01
H10      -1.5929151800E-02  2.9072750365E-05  6.4455327188E-01 -6.4621733440E-01  1.4065356067E-01
H11      -3.9987709500E-02  2.3726882330E-05  6.4263341914E-01 -6.4429252512E-01  1.4232869912E-01
H12      -8.6304267000E-03  3.0751807128E-05  6.3607960555E-01 -6.3772179135E-01  1.2989473098E-01
H13      -3.2653185600E-02  2.2281982598E-05  6.4075978786E-01 -6.4241405663E-01  1.4060271892E-01
H14      -3.6888432800E-02  3.4510948285E-05  6.4311864312E-01 -6.4477900181E-01  1.3579244214E-01
H15      -3.1886283700E-02  2.1329513093E-05  6.3996953196E-01 -6.4162176050E-01  1.4069098972E-01
H16       1.1113805000E-04  2.6998067027E-05  6.2804830678E-01 -6.2966975793E-01  1.3518096704E-01
H17       3.8959712498E-01  4.7731621570E-05  4.7039600955E-01 -4.7161044504E-01  1.8451269322E-01
H18       3.5520558237E-01  3.1816425831E-05  4.8761002930E-01 -4.8886890674E-01  1.9576339987E-01
H19       6.1660989359E-01  2.5529119496E-05  3.4257164295E-01 -3.4345607044E-01  1.5803306150E-01
--------------------------------------------------------------------------------------------------
Total    -6.3300551000E-04 -6.0054721034E-04  4.0123208002E+02 -4.0226795292E+02
 
Molecular charge q(Mol) from the wfn file:   1.4999999839E-06
Molecular energy E(Mol) from the wfn file:  -4.0226811691E+02
Molecular virial ratio (-V(Mol)/T(Mol)) from the wfn file:   2.0025817300E+00
Note.  K_Scaled(A) = (1+V(Mol)/T(Mol))*K(A) = (E(Mol)/T(Mol))*K(A)
       Only use K_Scaled(A) data with caution.
 
N_AIMInt(SumA)     =         64.000633
N_Analytic(Mol)    =         63.999992
 
G_AIMInt(SumA)     =        401.232681
G_Analytic(Mol)    =        401.232223
 
K_AIMInt(SumA)     =        401.232080
K_Analytic(Mol)    =        401.232223
 
L_AIMInt(SumA)     =         -0.000601
L_Analytic(Mol)    =          0.000000
 
VenT_AIMInt(SumA)  =      -1767.035837
VenT_Analytic(Mol) =      -1767.028356
 
Some Information About the Atomic Calculations:
----------------------------------------------
  Time(sec) = "Elapsed User Time", in Seconds, for Atom A by AIMInt and, if used, by TWOe
  NProc = Number of Processors Used for AIMInt Job
  BIM = Basin Integration Method
  OAQ = Angular Quadrature Outside of Beta Sphere
  ORQ = Multiple of Default for Radial Quadrature Outside of Beta Sphere
  IAQ = Multiple of Default for Angular Quadrature Inside of Beta Sphere
  IRQ = Multiple of Default for Radial Quadrature Inside of Beta Sphere
  MIR = Maximum Integration Radius
------------------------------------------------------------------------------------------------------
Atom A     Time(sec)   NProc      BIM              OAQ                 ORQ      IAQ      IRQ      MIR
------------------------------------------------------------------------------------------------------
O1            204       16     Proaim(5)    4334      (Very High)      1.00     1.00     1.00    13.00
O2            175       16     Proaim(5)    3074      (Very High)      1.00     1.00     1.00    13.00
N3            263       16     Proaim(5)    4334      (Very High)      1.00     1.00     1.00    13.00
C4            391       16     Proaim(5)    4334      (Very High)      1.00     1.00     1.00    13.00
C5            505       16     Proaim(5)    4334      (Very High)      1.00     1.00     1.00    13.00
C6            294       16     Proaim(5)    4334      (Very High)      1.00     1.00     1.00    13.00
C7            280       16     Proaim(5)    4334      (Very High)      1.00     1.00     1.00    13.00
C8            266       16     Proaim(5)    4334      (Very High)      1.00     1.00     1.00    13.00
H9            103       16     Proaim(5)    2030      (Very High)      1.00     1.00     1.00    13.00
H10            95       16     Proaim(5)    2030      (Very High)      1.00     1.00     1.00    13.00
H11           106       16     Proaim(5)    2030      (Very High)      1.00     1.00     1.00    13.00
H12           183       16     Proaim(5)    4334      (Very High)      1.00     1.00     1.00    13.00
H13            82       16     Proaim(5)    2030      (Very High)      1.00     1.00     1.00    13.00
H14            92       16     Proaim(5)    2030      (Very High)      1.00     1.00     1.00    13.00
H15            75       16     Proaim(5)    2030      (Very High)      1.00     1.00     1.00    13.00
H16            94       16     Proaim(5)    2030      (Very High)      1.00     1.00     1.00    13.00
H17            64       16     Proaim(5)    2030      (Very High)      1.00     1.00     1.00    13.00
H18            57       16     Proaim(5)    2030      (Very High)      1.00     1.00     1.00    13.00
H19            73       16     Proaim(5)    2030      (Very High)      1.00     1.00     1.00    13.00
------------------------------------------------------------------------------------------------------
Total        3402
Note:  Total wall clock time is less than total of atomic times if more than one atom
       was calculated at a time
 
Electron Density Critical Point Analysis of Molecular Structure:               
---------------------------------------------------------------                
  NACP = Nuclear Attractor Critical Point                                      
  NNACP = Non-Nuclear Attractor Critical Point                                 
  BCP = Bond Critical Point                                                    
  RCP = Ring Critical Point                                                    
  CCP = Cage Critical Point                                                    
  Rho = Electron Density                                                       
  GradRho = Gradient of Electron Density                                       
  HessRho_EigVals = Eigenvalues of the Hessian of Rho, Ascending Order         
  HessRho_EigVecs = Eigenvectors of the Hessian of Rho                         
  DelSqRho = Laplacian of Rho = Trace of Hessian of Rho                        
  Bond Ellipticity = (HessRho_EigVal(1) / HessRho_EigVal(2)) - 1               
  V = Virial Field = Potential Energy Density = Trace of Stress Tensor         
  G = Lagrangian Form of Kinetic Energy Density                                
  K = Hamiltonian Form of Kinetic Energy Density                               
  L = K - G = Lagrangian Density = (-1/4)DelSqRho                              
  Vnuc = Electrostatic Potential from Nuclei                                   
  Ven = Electron-nuclear attractive contribution to Virial Field V             
  Vrep = V - Ven = Repulsive contribution to Virial Field V                    
  DelSqV = Laplacian of V                                                      
  DelSqVen = Laplacian of Ven                                                  
  DelSqVrep = Laplacian of Vrep                                                
  DelSqG = Laplacian of G                                                      
  DelSqK = Laplacian of K                                                      
  Stress_EigVals = Eigenvalues of Stress Tensor, Ascending Order               
  Stress_EigVecs = Eigenvectors of Stress Tensor                               
  -DivStress = Ehrenfest Force Density = Minus Divergence of Stress Tensor     
  ESP = Total Electrostatic Potential                                          
  ESPe = Electrostatic Potential from Electrons                                
  ESPn = Electrostatic Potential from Nuclei                                   
  BP = Bond Path                                                               
  BPL = Bond Path Length                                                       
  GBL = Geometric Bond Length                                                  
  GBL_I = Distance Between Nuclear Attractors                                  
  GBL_II = Distance Between Nuclei                                             
  GBL_III = Sum of Distances Between BCP and Nuclear Attractors                
  GBL_IV = Sum of Distances Between BCP and Nuclei                             

CP# 1      Coords = -1.37181353994608E+00 -3.28445026057384E+00 -3.79256377308504E-01
           Type = (3,-3) NACP O1
           Rho =  3.0701816280E+02     Rho at Nucleus =  3.0701814892E+02
           GradRho =  7.7272775973E-11 -5.6241174519E-10  3.2837012293E-13
           HessRho_EigVals = -3.2083504109E+06 -3.2083177404E+06 -3.2083114291E+06
           HessRho_EigVec1 =  2.4381557467E-01  9.5347018942E-01 -1.7733742817E-01
           HessRho_EigVec2 =  8.3682758702E-01 -2.9925426691E-01 -4.5843917081E-01
           HessRho_EigVec3 =  4.9017706509E-01  3.6626242223E-02  8.7085300897E-01
           DelSqRho = -9.6249795804E+06
           Bond Ellipticity = NA
           V = -2.4064273826E+06
           G =  9.1243749139E+01
           K =  2.4063361388E+06
           L =  2.4062448951E+06
           Vnuc =  2.7198777669E+06
           Ven = -8.3505187501E+08
           Vrep =  8.3264544763E+08
           DelSqV =  1.9824212081E+12
           DelSqVen =  2.6178768011E+13
           DelSqVrep = -2.4196346803E+13
           DelSqG =  2.5147155383E+10
           DelSqK = -2.0075683635E+12
           Stress_EigVals = -8.0214685327E+05 -8.0214301724E+05 -8.0213751208E+05
           Stress_EigVec1 =  4.8026029994E-01  4.0022704959E-02  8.7621243280E-01
           Stress_EigVec2 =  8.4243357234E-01 -2.9921798238E-01 -4.4807842529E-01
           Stress_EigVec3 =  2.4424520567E-01  9.5334504882E-01 -1.7741898828E-01
           -DivStress =  1.6410240272E+06 -5.5102623127E+05 -8.5512174292E+05
           ESP =  -2.2306989580E+01     ESP at Nucleus =  -2.2306989651E+01
           ESPe = -3.4136738283E+01     ESPe at Nucleus = -3.4136735839E+01
           ESPn =  1.1829748703E+01     ESPn at Nucleus =  1.1829746188E+01

CP# 2      Coords = -4.11268922078333E+00 -3.62236478597386E-01  9.12000282165552E-01
           Type = (3,-3) NACP O2
           Rho =  3.0725948641E+02     Rho at Nucleus =  3.0725947252E+02
           GradRho = -5.5220211725E-10 -4.9866102134E-11  7.9199133841E-11
           HessRho_EigVals = -3.2108700297E+06 -3.2108599370E+06 -3.2108346481E+06
           HessRho_EigVec1 =  4.7608335260E-01  4.0043297043E-02  8.7848800546E-01
           HessRho_EigVec2 =  8.6265736974E-01 -2.1526838681E-01 -4.5769180031E-01
           HessRho_EigVec3 =  1.7078320705E-01  9.7573359889E-01 -1.3702934060E-01
           DelSqRho = -9.6325646149E+06
           Bond Ellipticity = NA
           V = -2.4083223838E+06
           G =  9.0615048414E+01
           K =  2.4082317688E+06
           L =  2.4081411537E+06
           Vnuc =  2.7190274437E+06
           Ven = -8.3544697589E+08
           Vrep =  8.3303865351E+08
           DelSqV =  1.9839806155E+12
           DelSqVen =  2.6191207490E+13
           DelSqVrep = -2.4207226874E+13
           DelSqG =  2.5167012920E+10
           DelSqK = -2.0091476284E+12
           Stress_EigVals = -8.0277987459E+05 -8.0277150636E+05 -8.0277100287E+05
           Stress_EigVec1 =  1.8011394812E-01  9.7329544949E-01 -1.4231982890E-01
           Stress_EigVec2 =  8.4256691108E-01 -2.2731893425E-01 -4.8826949780E-01
           Stress_EigVec3 =  5.0758247216E-01  3.1969831632E-02  8.6100985118E-01
           -DivStress = -1.6615698194E+06  4.9835236417E+05  8.5261030245E+05
           ESP =  -2.2366852408E+01     ESP at Nucleus =  -2.2366852481E+01
           ESPe = -3.3793570984E+01     ESPe at Nucleus = -3.3793564108E+01
           ESPn =  1.1426718575E+01     ESPn at Nucleus =  1.1426711627E+01

CP# 3      Coords = -1.30575240651301E+00  3.52591018648885E+00 -7.38493160950688E-01
           Type = (3,-3) NACP N3
           Rho =  2.0209435073E+02     Rho at Nucleus =  2.0209434382E+02
           GradRho = -8.4665978697E-11 -2.2686316469E-10 -6.0738692651E-11
           HessRho_EigVals = -1.6320572143E+06 -1.6320541401E+06 -1.6320361126E+06
           HessRho_EigVec1 = -3.9602372535E-01  9.1089617435E-01 -1.1590240946E-01
           HessRho_EigVec2 =  8.3102251616E-01  3.0184938905E-01 -4.6721357424E-01
           HessRho_EigVec3 =  3.9059798590E-01  2.8134517215E-01  8.7651475032E-01
           DelSqRho = -4.8961474670E+06
           Bond Ellipticity = NA
           V = -1.2241055558E+06
           G =  3.4344514829E+01
           K =  1.2240712113E+06
           L =  1.2240368667E+06
           Vnuc =  2.4060508739E+06
           Ven = -4.8624928920E+08
           Vrep =  4.8502518364E+08
           DelSqV =  7.8560361337E+11
           DelSqVen =  1.1780379886E+13
           DelSqVrep = -1.0994776272E+13
           DelSqG =  9.8855102795E+09
           DelSqK = -7.9548912365E+11
           Stress_EigVals = -4.0803763490E+05 -4.0803438584E+05 -4.0803353504E+05
           Stress_EigVec1 =  4.2258292418E-01  2.5765088004E-01  8.6893020215E-01
           Stress_EigVec2 =  8.1440930600E-01  3.1274611819E-01 -4.8880195157E-01
           Stress_EigVec3 = -3.9769480069E-01  9.1422420093E-01 -7.7672105246E-02
           -DivStress =  2.1500654106E+05  2.6886026655E+05  6.7400382602E+05
           ESP =  -1.8407453869E+01     ESP at Nucleus =  -1.8407453918E+01
           ESPe = -3.0314814308E+01     ESPe at Nucleus = -3.0314812905E+01
           ESPn =  1.1907360439E+01     ESPn at Nucleus =  1.1907358987E+01

CP# 4      Coords =  2.37510458957869E+00  7.83707286113039E-01 -9.49508529704271E-02
           Type = (3,-3) NACP C4
           Rho =  1.2462905245E+02     Rho at Nucleus =  1.2462905241E+02
           GradRho = -1.0409491115E-09 -7.3217721195E-10 -1.8912015756E-10
           HessRho_EigVals = -7.4196310744E+05 -7.4196240871E+05 -7.4196192023E+05
           HessRho_EigVec1 =  9.2583056149E-01 -6.3909610582E-02  3.7249608466E-01
           HessRho_EigVec2 = -3.1173501572E-01  4.2810586843E-01  8.4826095359E-01
           HessRho_EigVec3 =  2.1367978702E-01  9.0146598776E-01 -3.7643063309E-01
           DelSqRho = -2.2258874364E+06
           Bond Ellipticity = NA
           V = -5.5649263577E+05
           G =  1.0388336395E+01
           K =  5.5648224743E+05
           L =  5.5647185910E+05
           Vnuc =  1.7912855159E+07
           Ven = -2.2324621652E+09
           Vrep =  2.2319056725E+09
           DelSqV =  2.6385513668E+11
           DelSqVen =  3.9872018514E+13
           DelSqVrep = -3.9608161280E+13
           DelSqG =  3.3130101650E+09
           DelSqK = -2.6716814684E+11
           Stress_EigVals = -1.8549770605E+05 -1.8549756457E+05 -1.8549736514E+05
           Stress_EigVec1 =  2.1585773959E-01  8.8869917844E-01 -4.0449871013E-01
           Stress_EigVec2 = -3.2821385277E-01  4.5619926106E-01  8.2713838084E-01
           Stress_EigVec3 =  9.1960921217E-01 -4.5782141123E-02  3.9015752261E-01
           -DivStress =  2.2753815189E+04  1.7812455178E+04  4.6285332955E+03
           ESP =  -1.4759883010E+01     ESP at Nucleus =  -1.4759883010E+01
           ESPe = -2.9055715371E+01     ESPe at Nucleus = -2.9055714998E+01
           ESPn =  1.4295832362E+01     ESPn at Nucleus =  1.4295831988E+01

CP# 5      Coords = -3.17185915205746E-01  1.01072416312897E+00 -1.21196500250657E+00
           Type = (3,-3) NACP C5
           Rho =  1.2463291794E+02     Rho at Nucleus =  1.2463291756E+02
           GradRho = -7.0958595072E-12  1.3478087110E-11  6.4033347119E-11
           HessRho_EigVals = -7.4198463991E+05 -7.4198303364E+05 -7.4198258224E+05
           HessRho_EigVec1 = -8.7040605696E-02  9.9528133786E-01  4.2883463904E-02
           HessRho_EigVec2 =  9.3382757309E-01  9.6507918530E-02 -3.4445941039E-01
           HessRho_EigVec3 =  3.4697261665E-01 -1.0063805305E-02  9.3782126395E-01
           DelSqRho = -2.2259502558E+06
           Bond Ellipticity = NA
           V = -5.5650818216E+05
           G =  1.0309106583E+01
           K =  5.5649787306E+05
           L =  5.5648756395E+05
           Vnuc =  5.9856139542E+06
           Ven = -7.4600453276E+08
           Vrep =  7.4544802458E+08
           DelSqV =  2.6386250077E+11
           DelSqVen =  1.3323678253E+13
           DelSqVrep = -1.3059815752E+13
           DelSqG =  3.3130933333E+09
           DelSqK = -2.6717559410E+11
           Stress_EigVals = -1.8550296065E+05 -1.8550280487E+05 -1.8550241664E+05
           Stress_EigVec1 =  3.4839745850E-01  8.9178237521E-03  9.3730447739E-01
           Stress_EigVec2 =  9.3189907970E-01  1.0435726778E-01 -3.4738115365E-01
           Stress_EigVec3 = -1.0091241824E-01  9.9449989094E-01  2.8047295124E-02
           -DivStress =  6.6858339185E+04 -4.6583684050E+04 -3.2109550108E+04
           ESP =  -1.4720873351E+01     ESP at Nucleus =  -1.4720873355E+01
           ESPe = -2.9910177318E+01     ESPe at Nucleus = -2.9910177035E+01
           ESPn =  1.5189303967E+01     ESPn at Nucleus =  1.5189303680E+01

CP# 6      Coords =  3.92522107422439E+00 -1.37488714040413E+00 -1.20669172735310E+00
           Type = (3,-3) NACP C6
           Rho =  1.2462688055E+02     Rho at Nucleus =  1.2462688053E+02
           GradRho =  6.7566411027E-11  2.3001376935E-10  2.2940924595E-11
           HessRho_EigVals = -7.4193557702E+05 -7.4193489107E+05 -7.4193461624E+05
           HessRho_EigVec1 = -5.9570440621E-01  6.8113242758E-01  4.2566991498E-01
           HessRho_EigVec2 =  4.9326736465E-01 -1.0801634575E-01  8.6314528095E-01
           HessRho_EigVec3 =  6.3389554928E-01  7.2414852423E-01 -2.7163458442E-01
           DelSqRho = -2.2258050843E+06
           Bond Ellipticity = NA
           V = -5.5647266178E+05
           G =  1.0695349558E+01
           K =  5.5646196643E+05
           L =  5.5645127108E+05
           Vnuc =  3.2426877339E+07
           Ven = -4.0412605687E+09
           Vrep =  4.0407040960E+09
           DelSqV =  2.6384541257E+11
           DelSqVen =  7.2175901999E+13
           DelSqVrep = -7.1912056587E+13
           DelSqG =  3.3128256168E+09
           DelSqK = -2.6715823818E+11
           Stress_EigVals = -1.8549099990E+05 -1.8549092385E+05 -1.8549073804E+05
           Stress_EigVec1 =  6.3425971195E-01  7.2281921356E-01 -2.7431187049E-01
           Stress_EigVec2 =  4.9414082533E-01 -1.0613389967E-01  8.6287915729E-01
           Stress_EigVec3 = -5.9459184533E-01  6.8283817984E-01  4.2449093939E-01
           -DivStress = -2.1153325732E+03 -1.5692163536E+04  3.2625119514E+03
           ESP =  -1.4786125055E+01     ESP at Nucleus =  -1.4786125056E+01
           ESPe = -2.6479027166E+01     ESPe at Nucleus = -2.6479027084E+01
           ESPn =  1.1692902111E+01     ESPn at Nucleus =  1.1692902029E+01

CP# 7      Coords =  2.29139278695690E+00  6.81189998346542E-01  2.78204772243335E+00
           Type = (3,-3) NACP C7
           Rho =  1.2462409698E+02     Rho at Nucleus =  1.2462409696E+02
           GradRho = -1.6629933780E-11 -1.1039933685E-10 -4.7567370864E-11
           HessRho_EigVals = -7.4191926551E+05 -7.4191855126E+05 -7.4191819237E+05
           HessRho_EigVec1 =  2.0436893031E-02 -1.9495466367E-01  9.8059931293E-01
           HessRho_EigVec2 =  7.7386979813E-01  6.2407794101E-01  1.0794563020E-01
           HessRho_EigVec3 = -6.3301490420E-01  7.5665011905E-01  1.6362374034E-01
           DelSqRho = -2.2257560091E+06
           Bond Ellipticity = NA
           V = -5.5646040499E+05
           G =  1.0701352029E+01
           K =  5.5644970364E+05
           L =  5.5643900229E+05
           Vnuc =  2.9938411433E+07
           Ven = -3.7310474897E+09
           Vrep =  3.7304910293E+09
           DelSqV =  2.6383960837E+11
           DelSqVen =  6.6635629068E+13
           DelSqVrep = -6.6371789460E+13
           DelSqG =  3.3127536096E+09
           DelSqK = -2.6715236198E+11
           Stress_EigVals = -1.8548693277E+05 -1.8548683536E+05 -1.8548663686E+05
           Stress_EigVec1 = -6.4181704114E-01  7.5176894457E-01  1.5137483175E-01
           Stress_EigVec2 =  7.6685775680E-01  6.2925487464E-01  1.2636250859E-01
           Stress_EigVec3 =  2.5794106433E-04 -1.9718457529E-01  9.8036634823E-01
           -DivStress = -6.7235557451E+03  9.7547236965E+03  1.2894049731E+04
           ESP =  -1.4789363586E+01     ESP at Nucleus =  -1.4789363586E+01
           ESPe = -2.6952370310E+01     ESPe at Nucleus = -2.6952370118E+01
           ESPn =  1.2163006724E+01     ESPn at Nucleus =  1.2163006532E+01

CP# 8      Coords = -2.14839585763407E+00 -8.82401631889434E-01 -9.00024942343916E-02
           Type = (3,-3) NACP C8
           Rho =  1.2489323920E+02     Rho at Nucleus =  1.2489323798E+02
           GradRho =  7.7202748872E-11  9.8571813188E-12 -4.6944724995E-12
           HessRho_EigVals = -7.4351311337E+05 -7.4351053867E+05 -7.4350759455E+05
           HessRho_EigVec1 =  4.6625613886E-01  4.8652333161E-02  8.8331090985E-01
           HessRho_EigVec2 = -3.0394571237E-01  9.4651315643E-01  1.0830442574E-01
           HessRho_EigVec3 =  8.3079613439E-01  3.1897616711E-01 -4.5610523775E-01
           DelSqRho = -2.2305312466E+06
           Bond Ellipticity = NA
           V = -5.5765257475E+05
           G =  9.8815488965E+00
           K =  5.5764269320E+05
           L =  5.5763281165E+05
           Vnuc =  3.3098231648E+06
           Ven = -4.1337453623E+08
           Vrep =  4.1281688365E+08
           DelSqV =  2.6440432260E+11
           DelSqVen =  7.3826639708E+12
           DelSqVrep = -7.1182596482E+12
           DelSqG =  3.3198048160E+09
           DelSqK = -2.6772412742E+11
           Stress_EigVals = -1.8588520234E+05 -1.8588413713E+05 -1.8588323528E+05
           Stress_EigVec1 =  8.6185045206E-01  2.0029161083E-01 -4.6593676493E-01
           Stress_EigVec2 = -1.9973587488E-01  9.7851237529E-01  5.1177257521E-02
           Stress_EigVec3 =  4.6617526593E-01  4.8957144851E-02  8.8333675311E-01
           -DivStress = -2.3853133266E+04  1.5688364188E+05  3.0012749996E+03
           ESP =  -1.4636726422E+01     ESP at Nucleus =  -1.4636726434E+01
           ESPe = -3.0273996711E+01     ESPe at Nucleus = -3.0273996959E+01
           ESPn =  1.5637270289E+01     ESPn at Nucleus =  1.5637270525E+01

CP# 9      Coords =  3.27569842834702E+00  2.55078421746085E+00 -6.38683678757958E-01
           Type = (3,-3) NACP H9
           Rho =  4.7516151805E-01     Rho at Nucleus =  4.7358288090E-01
           GradRho = -1.1884333559E-12 -2.3207751039E-12  6.8426216175E-13
           HessRho_EigVals = -2.3908994926E+01 -2.3906196992E+01 -2.2600512925E+01
           HessRho_EigVec1 =  7.0599114909E-01 -5.0782548055E-01 -4.9364944921E-01
           HessRho_EigVec2 =  5.5517379953E-01 -3.5945057491E-02  8.3095728239E-01
           HessRho_EigVec3 =  4.3972553908E-01  8.6070972700E-01 -2.5655450909E-01
           DelSqRho = -7.0415704843E+01
           Bond Ellipticity = NA
           V = -1.7624747770E+01
           G =  1.0410779549E-02
           K =  1.7614336990E+01
           L =  1.7603926211E+01
           Vnuc =  9.9584967778E+01
           Ven = -4.7318944464E+01
           Vrep =  2.9694196695E+01
           DelSqV =  2.4005639590E+04
           DelSqVen =  7.0123456979E+03
           DelSqVrep =  1.6993293892E+04
           DelSqG =  8.7205930319E+02
           DelSqK = -2.4877698893E+04
           Stress_EigVals = -5.9847725485E+00 -5.9841222621E+00 -5.6558529593E+00
           Stress_EigVec1 =  5.1811632717E-01 -4.7650829504E-01 -7.1027833718E-01
           Stress_EigVec2 =  7.3376888321E-01 -1.7905971569E-01  6.5537839777E-01
           Stress_EigVec3 =  4.3947548004E-01  8.6074239060E-01 -2.5687319726E-01
           -DivStress =  4.1071693367E+01  8.0392390393E+01 -2.3644596111E+01
           ESP =  -1.1280884298E+00     ESP at Nucleus =  -1.1282639775E+00
           ESPe = -1.4918360345E+01     ESPe at Nucleus = -1.4885549958E+01
           ESPn =  1.3790271915E+01     ESPn at Nucleus =  1.3757285981E+01

CP# 10     Coords = -2.13808361864040E-01  5.32800096078688E-01 -3.21988967586020E+00
           Type = (3,-3) NACP H10
           Rho =  4.7030662752E-01     Rho at Nucleus =  4.6873334914E-01
           GradRho = -4.8003449640E-10  1.9880752393E-09  8.4424414941E-09
           HessRho_EigVals = -2.3680267161E+01 -2.3671637595E+01 -2.2375209485E+01
           HessRho_EigVec1 = -6.0449040322E-01  7.6677319121E-01 -2.1598663305E-01
           HessRho_EigVec2 =  7.9476696873E-01  5.9894437167E-01 -9.8036243575E-02
           HessRho_EigVec3 = -5.4192414884E-02  2.3092101005E-01  9.7146212962E-01
           DelSqRho = -6.9727114241E+01
           Bond Ellipticity = NA
           V = -1.7452266925E+01
           G =  1.0244182661E-02
           K =  1.7442022743E+01
           L =  1.7431778560E+01
           Vnuc =  1.0004337633E+02
           Ven = -4.7051062928E+01
           Vrep =  2.9598796002E+01
           DelSqV =  2.3767517976E+04
           DelSqVen =  6.9757360574E+03
           DelSqVrep =  1.6791781918E+04
           DelSqG =  8.6388464725E+02
           DelSqK = -2.4631402623E+04
           Stress_EigVals = -5.9268730809E+00 -5.9253247756E+00 -5.6000690690E+00
           Stress_EigVec1 =  8.2554787855E-01 -5.3687181783E-01  1.7389465615E-01
           Stress_EigVec2 =  5.6167996257E-01  8.1152502173E-01 -1.6106755959E-01
           Stress_EigVec3 = -5.4647231102E-02  2.3064212608E-01  9.7150290263E-01
           -DivStress =  5.1329357350E+00 -2.1201023587E+01 -9.0102120396E+01
           ESP =  -1.1037160339E+00     ESP at Nucleus =  -1.1038882468E+00
           ESPe = -1.5627863039E+01     ESPe at Nucleus = -1.5594095534E+01
           ESPn =  1.4524147005E+01     ESPn at Nucleus =  1.4490207287E+01

CP# 11     Coords =  3.93538093106856E+00 -1.31139119784147E+00 -3.25748594198584E+00
           Type = (3,-3) NACP H11
           Rho =  4.6894940085E-01     Rho at Nucleus =  4.6737968590E-01
           GradRho =  2.5052940592E-15  2.4478278805E-15 -4.5024400345E-15
           HessRho_EigVals = -2.3595933774E+01 -2.3594801979E+01 -2.2301190291E+01
           HessRho_EigVec1 = -3.7517836959E-01  9.2682778788E-01  1.5213237530E-02
           HessRho_EigVec2 =  9.2688063306E-01  3.7489413908E-01  1.8619251940E-02
           HessRho_EigVec3 = -1.1553486502E-02 -2.1086395818E-02  9.9971089864E-01
           DelSqRho = -6.9491926044E+01
           Bond Ellipticity = NA
           V = -1.7393551296E+01
           G =  1.0284892265E-02
           K =  1.7383266403E+01
           L =  1.7372981511E+01
           Vnuc =  9.7652211350E+01
           Ven = -4.5793946004E+01
           Vrep =  2.8400394708E+01
           DelSqV =  2.3688102453E+04
           DelSqVen =  6.7860402491E+03
           DelSqVrep =  1.6902062204E+04
           DelSqG =  8.6056791523E+02
           DelSqK = -2.4548670368E+04
           Stress_EigVals = -5.9067469809E+00 -5.9064340627E+00 -5.5803702520E+00
           Stress_EigVec1 =  6.0172562164E-01  7.9834665048E-01  2.3851665110E-02
           Stress_EigVec2 = -7.9862210685E-01  6.0182110650E-01  3.7531611043E-03
           Stress_EigVec3 = -1.1358111892E-02 -2.1306840240E-02  9.9970846343E-01
           -DivStress =  1.1754841545E+00  1.8253536233E+00 -9.2425767897E+01
           ESP =  -1.1252596282E+00     ESP at Nucleus =  -1.1254331182E+00
           ESPe = -1.3301940351E+01     ESPe at Nucleus = -1.3274359298E+01
           ESPn =  1.2176680723E+01     ESPn at Nucleus =  1.2148926180E+01

CP# 12     Coords =  3.19446684787105E+00 -3.19710570223446E+00 -6.31837498785231E-01
           Type = (3,-3) NACP H12
           Rho =  4.6830687229E-01     Rho at Nucleus =  4.6665315670E-01
           GradRho =  4.1569466164E-10  1.0313901054E-09 -3.1803457434E-10
           HessRho_EigVals = -2.3537722104E+01 -2.3536619989E+01 -2.2188980271E+01
           HessRho_EigVec1 =  7.3282633579E-01 -4.5024680626E-01 -5.1014054438E-01
           HessRho_EigVec2 =  5.7958438912E-01  2.0308989158E-02  8.1465911941E-01
           HessRho_EigVec3 =  3.5643722792E-01  8.9267315318E-01 -2.7583898227E-01
           DelSqRho = -6.9263322364E+01
           Bond Ellipticity = NA
           V = -1.7336539944E+01
           G =  1.0354676710E-02
           K =  1.7326185268E+01
           L =  1.7315830591E+01
           Vnuc =  9.6256310569E+01
           Ven = -4.5077491741E+01
           Vrep =  2.7740951796E+01
           DelSqV =  2.3572402796E+04
           DelSqVen =  6.6670318845E+03
           DelSqVrep =  1.6905370911E+04
           DelSqG =  8.5614084984E+02
           DelSqK = -2.4428543646E+04
           Stress_EigVals = -5.8921952907E+00 -5.8919171091E+00 -5.5524275446E+00
           Stress_EigVec1 =  9.0767055656E-01 -2.6066651499E-01  3.2891811855E-01
           Stress_EigVec2 = -2.2166058036E-01  3.6774437886E-01  9.0312272640E-01
           Stress_EigVec3 =  3.5637164290E-01  8.9264608876E-01 -2.7601125403E-01
           -DivStress = -3.4065927786E+01 -8.4460845506E+01  2.6041572191E+01
           ESP =  -1.1300788060E+00     ESP at Nucleus =  -1.1302551340E+00
           ESPe = -1.4251663840E+01     ESPe at Nucleus = -1.4227890948E+01
           ESPn =  1.3121585034E+01     ESPn at Nucleus =  1.3097635814E+01

CP# 13     Coords =  5.86658498852722E+00 -1.23731400797447E+00 -5.62681591200719E-01
           Type = (3,-3) NACP H13
           Rho =  4.6885979921E-01     Rho at Nucleus =  4.6727178871E-01
           GradRho = -5.1195855618E-09 -3.1200967910E-10 -1.6714145428E-09
           HessRho_EigVals = -2.3586453614E+01 -2.3585444268E+01 -2.2279709514E+01
           HessRho_EigVec1 = -1.9078723796E-01  8.8863144321E-01  4.1705441848E-01
           HessRho_EigVec2 = -2.5114822076E-01 -4.5490592386E-01  8.5439169685E-01
           HessRho_EigVec3 =  9.4895985218E-01  5.8264556818E-02  3.0996845061E-01
           DelSqRho = -6.9451607396E+01
           Bond Ellipticity = NA
           V = -1.7383420983E+01
           G =  1.0259567009E-02
           K =  1.7373161416E+01
           L =  1.7362901849E+01
           Vnuc =  9.6615321557E+01
           Ven = -4.5299040266E+01
           Vrep =  2.7915619283E+01
           DelSqV =  2.3666081517E+04
           DelSqVen =  6.7100894590E+03
           DelSqVrep =  1.6955992058E+04
           DelSqG =  8.5974245553E+02
           DelSqK = -2.4525823973E+04
           Stress_EigVals = -5.9044254806E+00 -5.9040890554E+00 -5.5749064470E+00
           Stress_EigVec1 =  1.1558233438E-01  8.4995314712E-01 -5.1402370731E-01
           Stress_EigVec2 = -2.9377770451E-01  5.2359196244E-01  7.9971627294E-01
           Stress_EigVec3 =  9.4886004464E-01  5.8575631124E-02  3.1021526578E-01
           -DivStress =  8.8220093403E+01  5.3751908537E+00  2.8802059463E+01
           ESP =  -1.1259174974E+00     ESP at Nucleus =  -1.1260932448E+00
           ESPe = -1.2785507333E+01     ESPe at Nucleus = -1.2756198247E+01
           ESPn =  1.1659589836E+01     ESPn at Nucleus =  1.1630105002E+01

CP# 14     Coords =  1.54777683198174E+00 -1.12513068029155E+00  3.41865755517880E+00
           Type = (3,-3) NACP H14
           Rho =  4.6831598537E-01     Rho at Nucleus =  4.6675071885E-01
           GradRho =  5.9762151795E-12  1.4701304168E-11 -5.4280773989E-12
           HessRho_EigVals = -2.3559963978E+01 -2.3557907780E+01 -2.2269642777E+01
           HessRho_EigVec1 =  2.8887951666E-01 -4.3176007143E-01 -8.5447753954E-01
           HessRho_EigVec2 =  8.8805171590E-01 -2.1257932873E-01  4.0764467233E-01
           HessRho_EigVec3 =  3.5764895462E-01  8.7658044110E-01 -3.2201545855E-01
           DelSqRho = -6.9387514535E+01
           Bond Ellipticity = NA
           V = -1.7367631977E+01
           G =  1.0376671854E-02
           K =  1.7357255306E+01
           L =  1.7346878634E+01
           Vnuc =  9.9027501566E+01
           Ven = -4.6376161975E+01
           Vrep =  2.9008529997E+01
           DelSqV =  2.3653106291E+04
           DelSqVen =  6.8712722045E+03
           DelSqVrep =  1.6781834087E+04
           DelSqG =  8.5914810308E+02
           DelSqK = -2.4512254395E+04
           Stress_EigVals = -5.8977262838E+00 -5.8973203848E+00 -5.5725853088E+00
           Stress_EigVec1 =  7.2135725820E-01 -4.7813067800E-01 -5.0103369227E-01
           Stress_EigVec2 =  5.9309954082E-01  5.2941312677E-02  8.0338667657E-01
           Stress_EigVec3 =  3.5759843500E-01  8.7669166311E-01 -3.2176868573E-01
           -DivStress = -3.2863926801E+01 -8.0865123367E+01  2.9843241329E+01
           ESP =  -1.1285373980E+00     ESP at Nucleus =  -1.1287021053E+00
           ESPe = -1.4621456026E+01     ESPe at Nucleus = -1.4597418742E+01
           ESPn =  1.3492918628E+01     ESPn at Nucleus =  1.3468716637E+01

CP# 15     Coords =  4.17159183415309E+00  8.87677806702557E-01  3.56986078544333E+00
           Type = (3,-3) NACP H15
           Rho =  4.6864233433E-01     Rho at Nucleus =  4.6705121252E-01
           GradRho = -1.0850548080E-09 -1.2113420225E-10 -4.6923320481E-10
           HessRho_EigVals = -2.3576865944E+01 -2.3575913464E+01 -2.2268266901E+01
           HessRho_EigVec1 = -3.1978906874E-01 -4.1998037703E-01  8.4932410446E-01
           HessRho_EigVec2 = -2.5168167099E-01  9.0184460518E-01  3.5118747785E-01
           HessRho_EigVec3 =  9.1345021102E-01  1.0145339333E-01  3.9410140951E-01
           DelSqRho = -6.9421046309E+01
           Bond Ellipticity = NA
           V = -1.7375811126E+01
           G =  1.0274774196E-02
           K =  1.7365536351E+01
           L =  1.7355261577E+01
           Vnuc =  9.6740399963E+01
           Ven = -4.5336646863E+01
           Vrep =  2.7960835738E+01
           DelSqV =  2.3654459508E+04
           DelSqVen =  6.7158198029E+03
           DelSqVrep =  1.6938639705E+04
           DelSqG =  8.5938747142E+02
           DelSqK = -2.4513846979E+04
           Stress_EigVals = -5.9020521327E+00 -5.9017497785E+00 -5.5720092144E+00
           Stress_EigVec1 = -1.3446125199E-01  9.8928001384E-01  5.6966884415E-02
           Stress_EigVec2 = -3.8376213662E-01 -1.0499056450E-01  9.1744406035E-01
           Stress_EigVec3 =  9.1359005807E-01  1.0149894371E-01  3.9376537458E-01
           -DivStress =  8.4941325752E+01  9.4849571868E+00  3.6735762828E+01
           ESP =  -1.1282809219E+00     ESP at Nucleus =  -1.1284572044E+00
           ESPe = -1.3014878024E+01     ESPe at Nucleus = -1.2984643251E+01
           ESPn =  1.1886597102E+01     ESPn at Nucleus =  1.1856186047E+01

CP# 16     Coords =  1.10420391017976E+00  2.17798701911979E+00  3.51954957905278E+00
           Type = (3,-3) NACP H16
           Rho =  4.6526653788E-01     Rho at Nucleus =  4.6359807733E-01
           GradRho =  2.7571257271E-12 -3.4854508022E-12 -1.6974710681E-12
           HessRho_EigVals = -2.3379299632E+01 -2.3377506338E+01 -2.2023162880E+01
           HessRho_EigVec1 = -9.7091246511E-02 -5.0021927550E-01  8.6043824082E-01
           HessRho_EigVec2 =  8.0924791266E-01  4.6359558322E-01  3.6082814618E-01
           HessRho_EigVec3 = -5.7938856194E-01  7.3134110485E-01  3.5979033152E-01
           DelSqRho = -6.8779968850E+01
           Bond Ellipticity = NA
           V = -1.7215257412E+01
           G =  1.0132599803E-02
           K =  1.7205124812E+01
           L =  1.7194992212E+01
           Vnuc =  9.5572359990E+01
           Ven = -4.4466621049E+01
           Vrep =  2.7251363637E+01
           DelSqV =  2.3397122813E+04
